procs -----------memory---------- ---swap-- -----io---- -system-- -------cpu-------
 r  b   swpd   free   buff  cache   si   so    bi    bo   in   cs us sy id wa st gu
 0  0      0 119206168 2948 138008772 0   0  1933 66429 5673    0  0  0 100 0  0  0
 0  0      0 119181964 2948 138011220 0   0     0     0 4647 6710  0  0 100 0  0  0
 0  0      0 119097484 2948 138027620 0   0     0 16415 7492 11477 0  0 99  0  0  0
 1  0      0 119108876 2948 138027620 0   0     0     0 4341 2998  0  0 100 0  0  0
 0  0      0 119121396 2948 138027620 0   0     0     0 7151 10961 1  0 99  0  0  0
 0  0      0 119122928 2948 138027620 0   0     0     0 5649 4280  0  0 100 0  0  0
 0  0      0 119127816 2948 138027620 0   0     0     0 4466 2810  0  0 100 0  0  0
 1  0      0 119127324 2948 138027620 0   0     0     4 5301 4094  0  0 100 0  0  0
 0  0      0 119131468 2948 138027620 0   0     0     0 4553 2425  0  0 100 0  0  0
 0  0      0 119134744 2948 138027620 0   0     0     0 4375 3732  0  0 100 0  0  0
 0  0      0 119136840 2948 138027620 0   0     0     0 4195 2496  0  0 100 0  0  0
 1  0      0 119144672 2948 138027620 0   0     0    91 4599 2844  0  0 100 0  0  0
 1  0      0 119148028 2948 138027620 0   0     0     0 4120 2536  0  0 100 0  0  0
 0  0      0 119145796 2948 138027620 0   0     0     8 3722 2131  0  0 100 0  0  0
 0  0      0 119139424 2948 138027624 0   0     0     0 5983 5630  0  0 100 0  0  0
 0  0      0 119138868 2948 138027656 0   0     0     0 5191 4508  0  0 100 0  0  0
 1  0      0 119138964 2948 138027656 0   0     0  2168 5716 3731  0  0 100 0  0  0
 0  0      0 119134064 2948 138027656 0   0     0     0 5681 3269  0  0 100 0  0  0
 1  0      0 119135992 2948 138027656 0   0     0     4 5638 2540  0  0 100 0  0  0
 0  0      0 119139704 2948 138027656 0   0     0     0 6116 8343  0  0 100 0  0  0
 1  0      0 119144652 2948 138027656 0   0     0     0 4837 2531  0  0 100 0  0  0
procs -----------memory---------- ---swap-- -----io---- -system-- -------cpu-------
 r  b   swpd   free   buff  cache   si   so    bi    bo   in   cs us sy id wa st gu
 1  0      0 119144968 2948 138027656 0   0     0     0 5493 2188  0  0 100 0  0  0
 0  0      0 119140172 2948 138027656 0   0     0     0 4614 2516  0  0 100 0  0  0
 0  0      0 119140204 2948 138027656 0   0     0     0 5697 3128  0  0 100 0  0  0
 0  0      0 119141856 2948 138027656 0   0     0     0 5872 5575  0  0 100 0  0  0
 0  0      0 119137588 2948 138027688 0   0     0     0 6137 4347  0  0 100 0  0  0
 0  0      0 119136172 2948 138027688 0   0     0     0 4360 2745  0  0 100 0  0  0
 0  0      0 119143580 2948 138027688 0   0     0     0 7068 4638  0  0 100 0  0  0
 0  0      0 119145564 2948 138027724 0   0     0     0 4806 2701  0  0 100 0  0  0
 0  0      0 119148472 2948 138027724 0   0     0     0 5131 4865  0  0 100 0  0  0
 0  0      0 119146828 2948 138027724 0   0     0    44 5456 2750  0  0 100 0  0  0
 0  0      0 119152312 2948 138027724 0   0     0     4 4754 2568  0  0 100 0  0  0
 0  0      0 119151868 2948 138027724 0   0     0    20 5333 3049  0  0 100 0  0  0
 0  0      0 119153432 2948 138027724 0   0     0     4 6076 2610  0  0 100 0  0  0
 0  0      0 119146292 2948 138027724 0   0     0    12 9486 10833 0  0 100 0  0  0
 1  0      0 119146940 2948 138027740 0   0     0     0 7846 4723  0  0 100 0  0  0
 0  0      0 119149904 2948 138027740 0   0     0     0 6357 2509  0  0 100 0  0  0
 0  0      0 119136328 2948 138027740 0   0     0    12 6784 3519  0  0 100 0  0  0
 0  0      0 119141976 2948 138027740 0   0     0     0 6492 2646  0  0 100 0  0  0
 1  0      0 119138720 2948 138027740 0   0     0     0 4868 4237  0  0 100 0  0  0
 0  0      0 119140016 2948 138027740 0   0     0     0 4226 2458  0  0 100 0  0  0
 0  0      0 119149024 2948 138027740 0   0     0   111 6437 3083  0  0 100 0  0  0
procs -----------memory---------- ---swap-- -----io---- -system-- -------cpu-------
 r  b   swpd   free   buff  cache   si   so    bi    bo   in   cs us sy id wa st gu
 0  0      0 119151532 2948 138027740 0   0     0     0 5641 2832  0  0 100 0  0  0
 1  0      0 119151964 2948 138027740 0   0     0     0 6197 2485  0  0 100 0  0  0
 0  0      0 119146768 2948 138027740 0   0     0     4 6082 5333  0  0 100 0  0  0
 0  0      0 119146368 2948 138027748 0   0     0     0 6458 4333  0  0 100 0  0  0
 1  0      0 119146384 2948 138027748 0   0     0   124 4794 2265  0  0 100 0  0  0
 0  0      0 119147160 2948 138027748 0   0     0     0 6364 3366  0  0 100 0  0  0
 1  0      0 119147564 2948 138027748 0   0     0     0 4687 2184  0  0 100 0  0  0
 0  0      0 119148380 2948 138027748 0   0     0     0 6213 8349  0  0 100 0  0  0
 0  0      0 119149744 2948 138027748 0   0     0     0 4837 2635  0  0 100 0  0  0
 0  0      0 119150872 2948 138027748 0   0     0     0 5167 2945  0  0 100 0  0  0
 1  0      0 119151184 2948 138027748 0   0     0     0 5677 2593  0  0 100 0  0  0
 0  0      0 119149116 2948 138027748 0   0     0     0 5321 2362  0  0 100 0  0  0
 0  0      0 119150044 2948 138027748 0   0     0     0 6394 6485  0  0 100 0  0  0
 0  0      0 119152592 2948 138027764 0   0     0     0 6931 5002  0  0 100 0  0  0
 1  0      0 119152836 2948 138027764 0   0     0     0 5674 2826  0  0 100 0  0  0
 0  0      0 119151904 2948 138027764 0   0     0     0 6752 3859  0  0 100 0  0  0
 0  0      0 119151824 2948 138027764 0   0     0     0 5851 2914  0  0 100 0  0  0
 0  0      0 119151464 2948 138027764 0   0     0     4 6444 4940  0  0 100 0  0  0
 0  0      0 119151296 2948 138027764 0   0     0     0 5333 2657  0  0 100 0  0  0
 0  0      0 119153592 2948 138027764 0   0     0     0 6154 2325  0  0 100 0  0  0
 0  0      0 119154208 2948 138027764 0   0     0     0 5351 2724  0  0 100 0  0  0
procs -----------memory---------- ---swap-- -----io---- -system-- -------cpu-------
 r  b   swpd   free   buff  cache   si   so    bi    bo   in   cs us sy id wa st gu
 0  0      0 119157892 2948 138027764 0   0     0     0 5550 2625  0  0 100 0  0  0
 0  0      0 119155260 2948 138027772 0   0     0     0 8542 10358 0  0 100 0  0  0
 1  0      0 119152752 2948 138027772 0   0     0     4 6134 4977  0  0 100 0  0  0
 0  0      0 119152804 2948 138027772 0   0     0     0 10911 2461 0  0 100 0  0  0
 0  0      0 119147780 2948 138027772 0   0     0    12 9826 3880  0  0 100 0  0  0
 1  0      0 119151548 2948 138027772 0   0    84     0 9432 2232  0  0 100 0  0  0
 1  0      0 119154172 2948 138027856 0   0     0     0 8757 4552  1  0 99  0  0  0
 1  0      0 119156712 2948 138027856 0   0     0     4 8184 2265  0  0 100 0  0  0
 0  0      0 119158016 2948 138027856 0   0     0     0 8009 2797  0  0 100 0  0  0
 0  0      0 119160064 2948 138027856 0   0     0    16 7937 2601  0  0 100 0  0  0
 0  0      0 119155596 2948 138027848 0   0     0     0 8460 1966  0  0 100 0  0  0
 1  0      0 119142776 2948 138027916 0   0    64     0 11805 5982 0  0 99  0  0  0
 0  0      0 119148896 2948 138027916 0   0     0     0 9121 5280  0  0 100 0  0  0
 1  0      0 119148960 2948 138027916 0   0     0   120 7369 2616  0  0 100 0  0  0
 1  0      0 119146620 2948 138027916 0   0     0     0 8170 2740  0  0 100 0  0  0
 0  0      0 119146928 2948 138027916 0   0     0     0 6573 2887  0  0 100 0  0  0
 1  0      0 119146876 2948 138027916 0   0     0     0 6031 8800  0  0 100 0  0  0
 1  0      0 119146844 2948 138027916 0   0     0     0 5014 2533  0  0 100 0  0  0
 0  0      0 119147612 2948 138027916 0   0     0     4 4615 2301  0  0 100 0  0  0
 0  0      0 119149072 2948 138027916 0   0     0     0 4249 2845  0  0 100 0  0  0
 0  0      0 119149092 2948 138027916 0   0     0     0 5244 2446  0  0 100 0  0  0
procs -----------memory---------- ---swap-- -----io---- -system-- -------cpu-------
 r  b   swpd   free   buff  cache   si   so    bi    bo   in   cs us sy id wa st gu
 0  0      0 119150584 2948 138027916 0   0     0     0 7264 5502  0  0 100 0  0  0
 1  0      0 119151540 2948 138027944 0   0     0     0 6186 4082  0  0 100 0  0  0
 1  0      0 119151408 2948 138027944 0   0     0     0 4396 2588  0  0 100 0  0  0
 1  0      0 119154172 2948 138027944 0   0     0     0 5402 3826  0  0 100 0  0  0
 0  0      0 119158028 2948 138027980 0   0     0     0 3211 2351  0  0 100 0  0  0
 0  0      0 119158360 2948 138027980 0   0     0     0 3488 4613  0  0 100 0  0  0
 1  0      0 119155092 2948 138027980 0   0     0     0 5137 2443  0  0 100 0  0  0
 1  0      0 119158060 2948 138027980 0   0     0     0 4594 2681  0  0 100 0  0  0
 1  0      0 119160448 2948 138027980 0   0     0     0 5281 3426  0  0 100 0  0  0
 0  0      0 119161924 2948 138027980 0   0     0     0 4036 2847  0  0 100 0  0  0
 0  0      0 119163756 2948 138027984 0   0     0     0 7396 9317  0  0 100 0  0  0
 0  0      0 119162760 2948 138028004 0   0     0     0 6062 5147  0  0 100 0  0  0
 0  0      0 119169184 2948 138028004 0   0     0     0 4873 2254  0  0 100 0  0  0
 0  0      0 119165152 2948 138028004 0   0     0     0 5200 3067  0  0 100 0  0  0
 1  0      0 119164728 2948 138028004 0   0     0     4 5533 2465  0  0 100 0  0  0
 0  0      0 119166744 2948 138028004 0   0     0     4 5604 5188  0  0 100 0  0  0
 0  0      0 119167404 2948 138028004 0   0     0    44 4508 2109  0  0 100 0  0  0
 0  0      0 119167896 2948 138028004 0   0     0     0 5370 2184  0  0 100 0  0  0
 2  0      0 119169748 2948 138028004 0   0     0     2 6963 2996  0  0 100 0  0  0
 0  0      0 119171936 2948 138028004 0   0     0     0 9137 2614  0  0 100 0  0  0
 1  0      0 119164784 2948 138028004 0   0     0     0 9837 5374  0  0 100 0  0  0
procs -----------memory---------- ---swap-- -----io---- -system-- -------cpu-------
 r  b   swpd   free   buff  cache   si   so    bi    bo   in   cs us sy id wa st gu
 0  0      0 119162312 2948 138028028 0   0     0     0 9318 4113  0  0 100 0  0  0
 0  0      0 119162652 2948 138028028 0   0     0    16 9565 2206  0  0 100 0  0  0
 0  0      0 119160520 2948 138028028 0   0     0     0 8149 3628  0  0 100 0  0  0
 0  0      0 119161248 2948 138028028 0   0     0     0 8988 2099  0  0 100 0  0  0
 2  0      0 119165568 2948 138028028 0   0     0     0 8249 6551  0  0 100 0  0  0
 0  0      0 119167028 2948 138028028 0   0     0     0 8537 4253  0  0 100 0  0  0
 0  0      0 119165116 2948 138028028 0   0     0     0 9216 2502  0  0 100 0  0  0
 0  0      0 119170536 2948 138028028 0   0     0     4 8930 2585  0  0 100 0  0  0
 0  0      0 119169524 2948 138028028 0   0     0     0 8617 2726  0  0 100 0  0  0
 0  0      0 119166436 2948 138028036 0   0     0     0 9793 5752  0  0 100 0  0  0
 0  0      0 119163372 2948 138028036 0   0     0     0 10287 5062 0  0 100 0  0  0
 0  0      0 119163748 2948 138028036 0   0     0     0 4216 2486  0  0 100 0  0  0
 0  0      0 119161860 2948 138028036 0   0     0     0 4040 2989  0  0 100 0  0  0
 0  0      0 119158648 2948 138028036 0   0     0     0 3938 2642  0  0 100 0  0  0
 0  0      0 119161660 2948 138028036 0   0     0    12 3678 2308  0  0 100 0  0  0
 0  0      0 119166572 2948 138028036 0   0     0     0 4435 5244  0  0 100 0  0  0
 0  0      0 119163640 2948 138028036 0   0     0     0 4027 2528  0  0 100 0  0  0
 1  0      0 119164304 2948 138028036 0   0     0     0 3956 2316  0  0 100 0  0  0
 0  0      0 119165196 2948 138028036 0   0     0     0 4356 2752  0  0 100 0  0  0
 0  0      0 119152008 2948 138028036 0   0     0     4 8021 9530  0  0 100 0  0  0
 0  0      0 119153804 2948 138028028 0   0     0     0 7599 4417  0  0 100 0  0  0
procs -----------memory---------- ---swap-- -----io---- -system-- -------cpu-------
 r  b   swpd   free   buff  cache   si   so    bi    bo   in   cs us sy id wa st gu
 1  0      0 119152076 2948 138028028 0   0     0     0 5375 2689  0  0 100 0  0  0
 0  0      0 119151904 2948 138028028 0   0     0     0 8194 4206  0  0 100 0  0  0
 0  0      0 119156408 2948 138028028 0   0     0     0 4548 2159  0  0 100 0  0  0
 0  0      0 119156856 2948 138028028 0   0     0     0 5914 2239  0  0 100 0  0  0
 1  0      0 119159180 2948 138028028 0   0     0     0 4890 5167  0  0 100 0  0  0
 1  0      0 119160940 2948 138028028 0   0     0     0 5849 2969  0  0 100 0  0  0
 0  0      0 119161420 2948 138028028 0   0     0     1 6044 2741  0  0 100 0  0  0
 0  0      0 119161816 2948 138028028 0   0     0     0 4038 2434  0  0 100 0  0  0
 0  0      0 119157704 2948 138028028 0   0     0     4 6590 6197  0  0 100 0  0  0
 0  0      0 119158360 2948 138027988 0   0     0     4 5593 5134  0  0 100 0  0  0
 0  0      0 119157648 2948 138027988 0   0     0    16 3866 2292  0  0 100 0  0  0
 1  0      0 119152928 2948 138027988 0   0     0     0 4108 3352  0  0 100 0  0  0
 1  0      0 119159268 2948 138027988 0   0     0     4 3524 2441  0  0 100 0  0  0
 0  0      0 119158868 2948 138027988 0   0     0     0 4106 6964  0  0 100 0  0  0
 2  0      0 119158228 2948 138027992 0   0     0     0 3955 4518  0  0 100 0  0  0
 0  0      0 119155512 2948 138027992 0   0     0     0 3515 2461  0  0 100 0  0  0
 1  0      0 119158328 2948 138027992 0   0     0     0 4092 2372  0  0 100 0  0  0
 0  0      0 119158028 2948 138027992 0   0     0     0 3599 2872  0  0 100 0  0  0
 0  0      0 119150192 2948 138027988 0   0     0     0 4963 5267  0  0 100 0  0  0
 0  0      0 119150268 2948 138027984 0   0     0     0 5239 4152  0  0 100 0  0  0
 0  0      0 119152568 2948 138027984 0   0     0     0 3314 2591  0  0 100 0  0  0
procs -----------memory---------- ---swap-- -----io---- -system-- -------cpu-------
 r  b   swpd   free   buff  cache   si   so    bi    bo   in   cs us sy id wa st gu
 1  0      0 119145632 2948 138028020 0   0     0     0 4441 4267  0  0 100 0  0  0
 0  0      0 119145636 2948 138028020 0   0     0     0 4368 2699  0  0 100 0  0  0
 0  0      0 119146004 2948 138028020 0   0     0     0 3821 2463  0  0 100 0  0  0
 0  0      0 119146996 2948 138028020 0   0     0     0 3862 5173  0  0 100 0  0  0
 0  0      0 119149360 2948 138028020 0   0     0     0 5294 3390  0  0 100 0  0  0
 0  0      0 119149492 2948 138028020 0   0     0     0 7353 2608  0  0 100 0  0  0
 0  0      0 119149316 2948 138028024 0   0     0     4 7159 2588  0  0 100 0  0  0
 0  0      0 119144420 2948 138028024 0   0     0     0 10577 9799 0  0 100 0  0  0
 0  0      0 119145280 2948 138028024 0   0     0     0 8794 5324  0  0 100 0  0  0
 0  0      0 119146464 2948 138028024 0   0     0     0 5593 2817  0  0 100 0  0  0
 0  0      0 119151436 2948 138028024 0   0     0     0 6868 3616  0  0 100 0  0  0
 1  0      0 119155880 2948 138028024 0   0     0     0 7179 2598  0  0 100 0  0  0
 0  0      0 119157072 2948 138028024 0   0     0     0 6880 2428  0  0 100 0  0  0
 0  0      0 119160912 2948 138028024 0   0     0     0 5281 5299  0  0 100 0  0  0
 1  0      0 119159128 2948 138028024 0   0     0     0 7567 2726  0  0 100 0  0  0
 1  0      0 119158012 2948 138028024 0   0     0     0 5699 2389  0  0 100 0  0  0
 0  0      0 119161756 2948 138028024 0   0     0     0 7048 2391  0  0 100 0  0  0
 0  0      0 119154092 2948 138028020 0   0     0     8 8055 5260  0  0 100 0  0  0
 0  0      0 119152324 2948 138028024 0   0     0     4 6926 4136  0  0 100 0  0  0
 1  0      0 119152140 2948 138028024 0   0     0    28 4375 2368  0  0 100 0  0  0
 0  0      0 119155340 2948 138028024 0   0     0     0 5227 3429  0  0 100 0  0  0
procs -----------memory---------- ---swap-- -----io---- -system-- -------cpu-------
 r  b   swpd   free   buff  cache   si   so    bi    bo   in   cs us sy id wa st gu
 0  0      0 119159236 2948 138028024 0   0     0     0 4285 2360  0  0 100 0  0  0
 0  0      0 119156056 2948 138028024 0   0     0     0 5830 6697  0  0 100 0  0  0
 1  0      0 119156056 2948 138028024 0   0     0    44 5061 4498  0  0 100 0  0  0
 0  0      0 119161040 2948 138028024 0   0     0     0 3451 2606  0  0 100 0  0  0
 0  0      0 119159036 2948 138028024 0   0     0     0 4368 2188  0  0 100 0  0  0
 1  0      0 119160036 2948 138028024 0   0     0     0 5167 2682  1  0 99  0  0  0
 0  0      0 119159216 2948 138028020 0   0     0     0 6589 6155  0  0 100 0  0  0
 0  0      0 119159268 2948 138028016 0   0     0     0 4405 4367  0  0 100 0  0  0
 1  0      0 119159636 2948 138028016 0   0     0     0 3773 2806  0  0 100 0  0  0
 2  0      0 119159580 2948 138028016 0   0     0     4 4279 3210  0  0 100 0  0  0
 1  0      0 119157292 2948 138028016 0   0     0     0 4248 2990  0  0 100 0  0  0
 2  0      0 119151424 2948 138028016 0   0     0     0 5104 3181  0  0 100 0  0  0
 1  0      0 119151412 2948 138028016 0   0     0     0 4995 5275  0  0 100 0  0  0
 1  0      0 119153652 2948 138028016 0   0     0     0 4165 2126  0  0 100 0  0  0
 1  0      0 119154708 2948 138028016 0   0     0     0 3602 2552  0  0 100 0  0  0
 1  0      0 119157704 2948 138028016 0   0     0     0 3886 2643  0  0 100 0  0  0
 2  0      0 119152904 2948 138028024 0   0     0     8 6505 9478  0  0 100 0  0  0
 2  0      0 119155984 2948 138028016 0   0     0     0 4550 4366  0  0 100 0  0  0
 2  0      0 119158068 2948 138028016 0   0     0     0 4407 3030  0  0 100 0  0  0
 1  0      0 119150756 2948 138028016 0   0     0     4 4803 3843  0  0 100 0  0  0
 1  0      0 119153344 2948 138028016 0   0     0     0 4299 2826  1  0 99  0  0  0
procs -----------memory---------- ---swap-- -----io---- -system-- -------cpu-------
 r  b   swpd   free   buff  cache   si   so    bi    bo   in   cs us sy id wa st gu
 2  0      0 119151728 2948 138028016 0   0     0     0 3814 2302  0  0 100 0  0  0
 2  0      0 119155272 2948 138028016 0   0     0     0 4745 5321  0  0 100 0  0  0
 2  0      0 119156772 2948 138028016 0   0     0     0 4147 2637  0  0 100 0  0  0
 1  0      0 119157704 2948 138028016 0   0     0     0 3507 2368  0  0 100 0  0  0
 1  0      0 119157192 2948 138028016 0   0     0     0 5793 3106  0  0 99  0  0  0
 1  0      0 119154452 2948 138028016 0   0     0     0 7575 6090  0  0 100 0  0  0
 1  0      0 119157068 2948 138028016 0   0     0     0 8672 4639  0  0 100 0  0  0
 2  0      0 119160016 2948 138028016 0   0     0    16 5912 2123  0  0 100 0  0  0
 1  0      0 119153376 2948 138028016 0   0     0     0 5129 2558  0  0 100 0  0  0
 2  0      0 119158376 2948 138028016 0   0     0     4 5936 2016  0  0 100 0  0  0
 2  0      0 119155660 2948 138028016 0   0     0     8 7597 7507  0  0 100 0  0  0
 2  0      0 119153268 2948 138028020 0   0     0     0 6106 4094  0  0 100 0  0  0
 2  0      0 119157308 2948 138028020 0   0     0     0 6752 2601  0  0 100 0  0  0
 1  0      0 119158444 2948 138028020 0   0     0     0 6771 2823  0  0 100 0  0  0
 1  0      0 119163180 2948 138028020 0   0     0     0 6759 2659  0  0 100 0  0  0
 2  0      0 119164300 2948 138028016 0   0     0     0 7771 5738  0  0 100 0  0  0
 1  0      0 119165084 2948 138028020 0   0     0     8 7013 4163  0  0 100 0  0  0
 2  0      0 119162408 2948 138028020 0   0     0     0 5633 2470  0  0 100 0  0  0
 1  0      0 119159872 2948 138028020 0   0     0     0 7199 4238  0  0 100 0  0  0
 1  0      0 119160780 2948 138028056 0   0     0     0 4964 2476  0  0 100 0  0  0
 1  0      0 119161332 2948 138028056 0   0     0     4 6037 2066  0  0 100 0  0  0
procs -----------memory---------- ---swap-- -----io---- -system-- -------cpu-------
 r  b   swpd   free   buff  cache   si   so    bi    bo   in   cs us sy id wa st gu
 2  0      0 119165964 2948 138028056 0   0     0     0 7466 5230  0  0 100 0  0  0
 1  0      0 119165160 2948 138028056 0   0     0     0 6436 2548  0  0 100 0  0  0
 3  0      0 119166044 2948 138028056 0   0     0     0 7127 2985  0  0 100 0  0  0
 1  0      0 119166580 2948 138028056 0   0     0     0 6070 2804  0  0 100 0  0  0
 1  0      0 119163152 2948 138028060 0   0     0     0 9501 9690  0  0 100 0  0  0
 2  0      0 119161160 2948 138028056 0   0     0     0 7391 4406  0  0 100 0  0  0
 2  0      0 119163044 2948 138028056 0   0     0     0 5412 2388  0  0 100 0  0  0
 2  0      0 119159588 2948 138028056 0   0     0     0 6050 3525  0  0 99  0  0  0
 2  0      0 119157984 2948 138028056 0   0     0     0 5379 2597  1  0 99  0  0  0
 1  0      0 119158036 2948 138028056 0   0     0     0 5432 2311  0  0 100 0  0  0
 2  0      0 119163912 2948 138028056 0   0     0     0 7328 5740  1  0 99  0  0  0
 2  0      0 119164996 2948 138028056 0   0     0     0 6339 2530  1  0 99  0  0  0
 2  0      0 119164944 2948 138028056 0   0     0     4 5307 2332  0  0 100 0  0  0
 2  0      0 119165044 2948 138028056 0   0     0     0 5711 2487  1  0 99  0  0  0
 1  0      0 119166388 2948 138028048 0   0     0     0 8538 5578  1  0 99  0  0  0
 2  0      0 119162520 2948 138028056 0   0     0     0 6171 4405  1  0 99  0  0  0
 2  0      0 119163668 2948 138028056 0   0     0    20 7021 2385  1  0 99  0  0  0
 2  0      0 119157128 2948 138028056 0   0     0     4 5844 3115  0  0 99  0  0  0
 2  0      0 119156036 2948 138028056 0   0     0     0 6445 2277  1  0 99  0  0  0
 1  0      0 119157032 2948 138028056 0   0     0     0 7626 6924  1  0 99  0  0  0
 2  0      0 119159416 2948 138028056 0   0     0     4 6160 5051  1  0 99  0  0  0
procs -----------memory---------- ---swap-- -----io---- -system-- -------cpu-------
 r  b   swpd   free   buff  cache   si   so    bi    bo   in   cs us sy id wa st gu
 2  0      0 119159408 2948 138028060 0   0     0     0 7690 2449  1  0 99  0  0  0
 2  0      0 119160084 2948 138028060 0   0     0     4 5600 2616  0  0 99  0  0  0
 2  0      0 119160468 2948 138028060 0   0     0     0 7643 3057  1  0 99  0  0  0
 2  0      0 119159828 2948 138028056 0   0     0     0 8389 5671  1  0 99  0  0  0
 2  0      0 119159328 2948 138028060 0   0     0     0 6903 4583  1  0 99  0  0  0
 2  0      0 119161900 2948 138028060 0   0     0     0 7383 2366  1  0 99  0  0  0
 2  0      0 119157832 2948 138028060 0   0     0    40 6173 3343  1  0 99  0  0  0
 2  0      0 119159816 2948 138028060 0   0     0     0 4452 2220  0  0 100 0  0  0
 1  0      0 119161444 2948 138028060 0   0     0     0 6467 2505  1  0 99  0  0  0
 2  0      0 119163164 2948 138028060 0   0     0     4 4444 5258  0  0 99  0  0  0
 2  0      0 119160964 2948 138028060 0   0     0     0 4530 2986  1  0 99  0  0  0
 1  0      0 119164836 2948 138028060 0   0     0     0 2921 2390  0  0 100 0  0  0
 2  0      0 119163156 2948 138028636 0   0  1052     4 4953 3438  1  0 99  0  0  0
 5  0      0 119158116 2948 138029108 0   0     0     0 8800 14978 1  0 99  0  0  0
 1  0      0 119159072 2948 138029112 0   0     0     4 5030 5987  0  0 99  0  0  0
 1  0      0 119160124 2948 138029112 0   0     0     0 4719 2458  1  0 99  0  0  0
 0  0      0 119154644 2948 138029112 0   0     0     0 5847 4582  1  0 99  0  0  0
 2  0      0 119153432 2948 138029112 0   0     0     4 3013 2611  0  0 99  0  0  0
 1  0      0 119156336 2948 138029112 0   0     0     0 4392 3173  1  0 99  0  0  0
 2  0      0 119155756 2948 138029112 0   0     0     4 4426 5181  0  0 100 0  0  0
 1  0      0 119159388 2948 138029112 0   0     0     0 4168 2954  1  0 99  0  0  0
procs -----------memory---------- ---swap-- -----io---- -system-- -------cpu-------
 r  b   swpd   free   buff  cache   si   so    bi    bo   in   cs us sy id wa st gu
 1  0      0 119158112 2948 138029112 0   0     0     0 4270 2631  1  0 99  0  0  0
 0  0      0 119159408 2948 138029112 0   0     0     0 3111 2021  0  0 100 0  0  0
 1  0      0 119158712 2948 138029116 0   0     0     4 6072 5507  1  0 99  0  0  0
 0  0      0 119158720 2948 138029112 0   0     0     0 6103 4566  1  0 99  0  0  0
 1  0      0 119163996 2948 138029112 0   0     0    48 4978 3164  1  0 99  0  0  0
 1  0      0 119160912 2948 138029112 0   0     0     0 5668 3163  1  0 99  0  0  0
 1  0      0 119157664 2948 138029112 0   0     0     0 3027 2552  0  0 99  0  0  0
 1  0      0 119161136 2948 138029112 0   0     0     0 4513 7153  1  0 99  0  0  0
 0  0      0 119157600 2948 138029112 0   0     0     0 7296 4693  1  0 99  0  0  0
 1  0      0 119161400 2948 138029112 0   0     0    20 5135 2645  0  0 100 0  0  0
 1  0      0 119165312 2948 138029112 0   0     0     0 7064 2846  1  0 99  0  0  0
 1  0      0 119169240 2948 138029112 0   0     0     0 5727 2744  0  0 99  0  0  0
 1  0      0 119155816 2948 138029112 0   0     0     0 7116 5944  1  0 99  0  0  0
 0  0      0 119154684 2948 138029116 0   0     0     0 4454 4460  1  0 99  0  0  0
 0  0      0 119151300 2948 138029116 0   0     0     0 3076 2545  1  0 99  0  0  0
 1  0      0 119146016 2948 138029116 0   0     0     0 7267 3598  1  0 99  0  0  0
 1  0      0 119146616 2948 138029152 0   0     0     4 5211 2877  1  0 99  0  0  0
 1  0      0 119148960 2948 138029152 0   0     0     0 6620 1979  1  0 99  0  0  0
 0  0      0 119149652 2948 138029408 0   0   256    44 6092 5982  1  0 99  0  0  0
 1  0      0 119152808 2948 138029408 0   0     0     0 5089 2657  1  0 99  0  0  0
 2  0      0 119154124 2948 138029408 0   0     0     0 7916 2559  1  0 99  0  0  0
procs -----------memory---------- ---swap-- -----io---- -system-- -------cpu-------
 r  b   swpd   free   buff  cache   si   so    bi    bo   in   cs us sy id wa st gu
 3  0      0 119153384 2948 138029408 0   0     0  1292 5069 2615  1  0 99  0  0  0
 1  0      0 119148272 2948 138029416 0   0     0     0 9847 9852  1  0 99  0  0  0
 1  0      0 119146988 2948 138029408 0   0     0     0 7389 4847  1  0 99  0  0  0
 1  0      0 119146912 2948 138029408 0   0     0     4 7066 2522  1  0 99  0  0  0
 0  0      0 119144664 2948 138029408 0   0     0     0 7470 3365  1  0 99  0  0  0
 1  0      0 119144428 2948 138029408 0   0     0     0 6248 2286  1  0 99  0  0  0
 1  0      0 119148048 2948 138029408 0   0     0     4 7412 2547  1  0 99  0  0  0
 1  0      0 119148972 2948 138029408 0   0     0     0 6931 5234  1  0 99  0  0  0
 1  0      0 119152716 2948 138029408 0   0     0     0 6895 2466  1  0 99  0  0  0
 1  0      0 119154120 2948 138029408 0   0     0     0 5186 2615  0  0 99  0  0  0
 1  0      0 119156816 2948 138029408 0   0     0     4 7736 3167  1  0 99  0  0  0
 0  0      0 119156056 2948 138029408 0   0     0     0 8529 5303  1  0 99  0  0  0
 1  0      0 119155200 2948 138029376 0   0     0     0 6237 4693  0  0 100 0  0  0
 1  0      0 119158152 2948 138029376 0   0     0     0 5866 3036  1  0 99  0  0  0
 1  0      0 119154160 2948 138029376 0   0     0    92 5831 3268  1  0 99  0  0  0
 1  0      0 119155612 2948 138029376 0   0     0     0 6112 2507  1  0 99  0  0  0
 1  0      0 119158964 2948 138029376 0   0     0     0 6165 6407  1  0 99  0  0  0
 1  0      0 119158920 2948 138029376 0   0     0     4 5369 4937  0  0 99  0  0  0
 1  0      0 119159556 2948 138029376 0   0     0     0 5396 2414  1  0 99  0  0  0
 1  0      0 119159392 2948 138029376 0   0     0     0 4364 2455  0  0 99  0  0  0
 1  0      0 119160540 2948 138029376 0   0     0    16 4874 2301  1  0 99  0  0  0
procs -----------memory---------- ---swap-- -----io---- -system-- -------cpu-------
 r  b   swpd   free   buff  cache   si   so    bi    bo   in   cs us sy id wa st gu
 1  0      0 119163288 2948 138029380 0   0     0     0 7190 5681  1  0 99  0  0  0
 1  0      0 119164096 2948 138029376 0   0     0     4 5892 5095  1  0 99  0  0  0
 1  0      0 119164472 2948 138029376 0   0     0    40 5804 2957  1  0 99  0  0  0
 1  0      0 119154480 2948 138029376 0   0     0     0 4325 2913  0  0 99  0  0  0
 1  0      0 119153880 2948 138029376 0   0     0     0 4634 2203  1  0 99  0  0  0
 0  0      0 119153268 2948 138029376 0   0     0     0 5379 2617  1  0 99  0  0  0
 1  0      0 119152400 2948 138029376 0   0     0     0 5417 5405  1  0 99  0  0  0
 1  0      0 119152792 2948 138029376 0   0     0     0 5635 2247  1  0 99  0  0  0
 0  0      0 119130832 2948 138045752 0   0     0 16388 6078 5864  1  0 99  0  0  0
 1  0      0 119132048 2948 138045752 0   0     0     0 5700 3181  1  0 99  0  0  0
 0  0      0 119125964 2948 138045752 0   0     0     0 7739 9695  1  0 99  0  0  0
 1  0      0 119125064 2948 138045752 0   0     0     4 5197 5045  1  0 99  0  0  0
 1  0      0 119126468 2948 138045752 0   0     0     0 4387 3018  1  0 99  0  0  0
 1  0      0 119132204 2948 138045752 0   0     0     0 4162 3680  0  0 99  0  0  0
 0  0      0 119133040 2948 138045752 0   0     0     0 4647 2535  1  0 99  0  0  0
 1  0      0 119133660 2948 138045752 0   0     0     0 4092 2548  0  0 99  0  0  0
 1  0      0 119137152 2948 138045752 0   0     0     4 4849 5005  1  0 99  0  0  0
 1  0      0 119142284 2948 138045752 0   0     0     0 4289 2548  1  0 99  0  0  0
 1  0      0 119141396 2948 138045752 0   0    64    48 3490 2826  1  0 99  0  0  0
 1  0      0 119139436 2948 138045816 0   0     0     0 3804 2008  1  0 99  0  0  0
 0  0      0 119135540 2948 138045812 0   0     0     0 5275 5755  1  0 99  0  0  0
procs -----------memory---------- ---swap-- -----io---- -system-- -------cpu-------
 r  b   swpd   free   buff  cache   si   so    bi    bo   in   cs us sy id wa st gu
 1  0      0 119129676 2948 138045816 0   0     0     0 5389 4719  1  0 99  0  0  0
 2  0      0 119135204 2948 138045816 0   0     0     0 4312 2956  1  0 99  0  0  0
 1  0      0 119144420 2948 138045816 0   0     0   112 4117 2987  0  0 99  0  0  0
 1  0      0 119143200 2948 138045816 0   0     0     0 6069 2293  1  0 99  0  0  0
 1  0      0 119144784 2948 138045816 0   0     0     0 6074 7433  1  0 99  0  0  0
 1  0      0 119145812 2948 138045816 0   0     0     0 6796 4756  1  0 99  0  0  0
 0  0      0 119148016 2948 138045816 0   0     0     0 5022 2131  1  0 99  0  0  0
 1  0      0 119146944 2948 138045816 0   0     0     0 4691 2730  1  0 99  0  0  0
 1  0      0 119152132 2948 138045816 0   0     0     0 6580 3428  1  0 99  0  0  0
 1  0      0 119140940 2948 138045828 0   0     0     4 6985 5599  0  0 99  0  0  0
 1  0      0 119148880 2948 138045844 0   0     0     0 6935 4576  1  0 99  0  0  0
 0  0      0 119150248 2948 138045844 0   0     0   860 6129 2716  1  0 99  0  0  0
 1  0      0 119137260 2948 138045844 0   0     0     0 5990 3984  1  0 99  0  0  0
 1  0      0 119140296 2948 138045880 0   0     0     0 6548 2701  1  0 99  0  0  0
 1  0      0 119139452 2948 138045880 0   0     0     0 4854 2276  0  0 99  0  0  0
 1  0      0 119139536 2948 138045880 0   0     0     0 6924 5213  1  0 99  0  0  0
 0  0      0 119143560 2948 138045880 0   0     0     0 5615 2683  1  0 99  0  0  0
 0  0      0 119143168 2948 138045880 0   0     0     4 5265 3364  1  0 99  0  0  0
 1  0      0 119142564 2948 138045880 0   0     0     8 5413 2397  1  0 99  0  0  0
 1  0      0 119139372 2948 138045876 0   0     0     0 6781 9754  1  0 99  0  0  0
 1  0      0 119141336 2948 138045880 0   0     0     0 4572 4866  1  0 99  0  0  0
procs -----------memory---------- ---swap-- -----io---- -system-- -------cpu-------
 r  b   swpd   free   buff  cache   si   so    bi    bo   in   cs us sy id wa st gu
 1  0      0 119141732 2948 138045880 0   0     0     0 4599 2515  0  0 99  0  0  0
 1  0      0 119137532 2948 138045880 0   0     0     0 4181 2831  1  0 99  0  0  0
 1  0      0 119139164 2948 138045880 0   0     0     0 4591 2836  1  0 99  0  0  0
 1  0      0 119140848 2948 138045880 0   0     0     4 4119 2408  1  0 99  0  0  0
 1  0      0 119141412 2948 138045880 0   0     0    44 6372 5358  1  0 99  0  0  0
 1  0      0 119141896 2948 138045880 0   0     0     0 2747 2150  0  0 99  0  0  0
 1  0      0 119144940 2948 138045880 0   0     0     1 4928 3000  1  0 99  0  0  0
 1  0      0 119146648 2948 138045880 0   0     0     0 6400 2900  1  0 99  0  0  0
 1  0      0 119142804 2948 138045892 0   0     0     0 7221 5632  1  0 99  0  0  0
 1  0      0 119143544 2948 138045880 0   0     0     0 6590 4314  1  0 99  0  0  0
 1  0      0 119144660 2948 138045880 0   0     0     4 3307 2607  1  0 99  0  0  0
 1  0      0 119142820 2948 138045880 0   0   272    92 4400 3097  1  0 99  0  0  0
 0  0      0 119147212 2948 138046152 0   0     0     0 7089 3139  1  0 99  0  0  0
 1  0      0 119146984 2948 138046152 0   0     0     0 5268 6435  0  0 99  0  0  0
 1  0      0 119145928 2948 138046152 0   0     0     0 7246 4657  1  0 99  0  0  0
 0  0      0 119148384 2948 138046152 0   0     0     0 5746 2687  0  0 99  0  0  0
 1  0      0 119148300 2948 138046152 0   0     0     0 5677 2455  1  0 99  0  0  0
 1  0      0 119148268 2948 138046152 0   0     0     0 6481 2364  1  0 99  0  0  0
 1  0      0 119150220 2948 138046152 0   0     0     4 7346 5593  0  0 100 0  0  0
 1  0      0 119150508 2948 138046168 0   0     0     0 7760 4775  1  0 99  0  0  0
 0  0      0 119149652 2948 138046168 0   0     0     0 6091 2888  0  0 99  0  0  0
procs -----------memory---------- ---swap-- -----io---- -system-- -------cpu-------
 r  b   swpd   free   buff  cache   si   so    bi    bo   in   cs us sy id wa st gu
 2  0      0 119146536 2948 138046168 0   0     0     0 6709 2847  1  0 99  0  0  0
 1  0      0 119146460 2948 138046168 0   0     0    12 7213 2227  1  0 99  0  0  0
 1  0      0 119150256 2948 138046168 0   0     0     4 5093 2606  1  0 99  0  0  0
 1  0      0 119150080 2948 138046168 0   0     0     0 6832 5706  1  0 99  0  0  0
 0  0      0 119149224 2948 138046168 0   0     0     0 5148 3040  0  0 100 0  0  0
 1  0      0 119152120 2948 138046168 0   0     0     0 6277 2806  1  0 99  0  0  0
 1  0      0 119153436 2948 138046168 0   0     0     0 6776 2785  1  0 99  0  0  0
 1  0      0 119138740 2948 138046164 0   0     0     0 6101 9863  0  0 99  0  0  0
 1  0      0 119135504 2948 138046184 0   0     0     0 4965 4389  1  0 99  0  0  0
 0  0      0 119135268 2948 138046184 0   0     0     0 4228 2963  1  0 99  0  0  0
 1  0      0 119132208 2948 138046184 0   0     0     4 5161 4207  1  0 99  0  0  0
 1  0      0 119135164 2948 138046184 0   0     0     0 3461 2389  1  0 99  0  0  0
 2  0      0 119133584 2948 138046184 0   0     0     0 3326 2341  0  0 99  0  0  0
 1  0      0 119135972 2948 138046184 0   0     0     0 5217 5767  1  0 99  0  0  0
 0  0      0 119136784 2948 138046184 0   0     0     0 4205 2548  1  0 99  0  0  0
 0  0      0 119140620 2948 138046184 0   0     0    22 3117 2606  0  0 99  0  0  0
 1  0      0 119138804 2948 138046184 0   0     0     0 4494 2042  1  0 99  0  0  0
 1  0      0 119143064 2948 138046184 0   0     0     0 5175 5493  0  0 99  0  0  0
 1  0      0 119141600 2948 138046184 0   0     0     4 5458 4788  1  0 99  0  0  0
 0  0      0 119140672 2948 138046184 0   0     0     0 4277 2454  1  0 99  0  0  0
 1  0      0 119138152 2948 138046184 0   0     0    52 3974 2919  1  0 99  0  0  0
procs -----------memory---------- ---swap-- -----io---- -system-- -------cpu-------
 r  b   swpd   free   buff  cache   si   so    bi    bo   in   cs us sy id wa st gu
 1  0      0 119143572 2948 138046184 0   0     0     0 3840 2834  1  0 99  0  0  0
 1  0      0 119143236 2948 138046184 0   0     0     0 4771 7158  1  0 99  0  0  0
 1  0      0 119146356 2948 138046188 0   0     0     0 4152 4745  1  0 99  0  0  0
 0  0      0 119147060 2948 138046188 0   0     0     0 3597 2505  1  0 99  0  0  0
 1  0      0 119145460 2948 138046188 0   0     0     0 3071 2548  1  0 99  0  0  0
 1  0      0 119147132 2948 138046188 0   0     0     0 4322 3174  1  0 99  0  0  0
 1  0      0 119145852 2948 138046188 0   0     0     4 5248 5714  1  0 99  0  0  0
 1  0      0 119145660 2948 138046188 0   0     0     0 4306 4216  1  0 99  0  0  0
 1  0      0 119146684 2948 138046188 0   0     0     0 3464 2848  1  0 99  0  0  0
 1  0      0 119142444 2948 138046188 0   0     0     0 4685 3784  1  0 99  0  0  0
 0  0      0 119144476 2948 138046224 0   0     0     8 4119 2800  1  0 99  0  0  0
 1  0      0 119148116 2948 138046224 0   0     0     0 2780 2076  1  0 99  0  0  0
 1  0      0 119147100 2948 138046224 0   0     0     0 5198 5602  1  0 99  0  0  0
 1  0      0 119148228 2948 138046224 0   0     0     4 3436 2894  0  0 99  0  0  0
 1  0      0 119149472 2948 138046224 0   0     0     0 4012 2716  1  0 99  0  0  0
 0  0      0 119150104 2948 138046224 0   0     0     0 3471 2727  1  0 99  0  0  0
 1  0      0 119148552 2948 138046224 0   0     0     0 7333 10082 1  0 99  0  0  0
 1  0      0 119148812 2948 138046224 0   0     0     0 7770 5074  1  0 99  0  0  0
 0  0      0 119150000 2948 138046224 0   0     0     0 4571 3112  0  0 100 0  0  0
 1  0      0 119141472 2948 138046224 0   0     0     0 7571 3133  1  0 99  0  0  0
 0  0      0 119140752 2948 138046224 0   0     0     0 7211 2451  1  0 99  0  0  0
procs -----------memory---------- ---swap-- -----io---- -system-- -------cpu-------
 r  b   swpd   free   buff  cache   si   so    bi    bo   in   cs us sy id wa st gu
 0  0      0 119141968 2948 138046224 0   0     0     4 4531 2492  0  0 100 0  0  0
 1  0      0 119145464 2948 138046224 0   0     0     0 7726 5458  1  0 99  0  0  0
 0  0      0 119147036 2948 138046224 0   0     0     0 5038 2343  0  0 100 0  0  0
 0  0      0 119146200 2948 138046224 0   0     0     0 6091 2879  1  0 99  0  0  0
 1  0      0 119149468 2948 138046224 0   0     0     0 7424 2778  1  0 99  0  0  0
 1  0      0 119142808 2948 138046224 0   0     0     0 5695 5887  0  0 100 0  0  0
 1  0      0 119144856 2948 138046224 0   0     0     0 7612 4682  1  0 99  0  0  0
 1  0      0 119144408 2948 138046208 0   0     0     0 6783 2939  1  0 99  0  0  0
 1  0      0 119138820 2948 138046208 0   0     0    16 5380 2905  0  0 100 0  0  0
 1  0      0 119136508 2948 138046208 0   0     0     4 5919 2324  1  0 99  0  0  0
 1  0      0 119136304 2948 138046208 0   0     0     0 4492 6568  1  0 99  0  0  0
 1  0      0 119136244 2948 138046208 0   0     0    44 5467 5116  1  0 99  0  0  0
 1  0      0 119139072 2948 138046208 0   0     0     0 4072 2978  1  0 99  0  0  0
 1  0      0 119138852 2948 138046208 0   0     0     0 3105 2668  0  0 100 0  0  0
 0  0      0 119139936 2948 138046208 0   0     0     0 4120 2612  1  0 99  0  0  0
 0  0      0 119135204 2948 138046196 0   0     0     0 5223 5615  0  0 99  0  0  0
 1  0      0 119132856 2948 138046200 0   0     0     0 4617 4717  0  0 99  0  0  0
 1  0      0 119135492 2948 138046200 0   0     0     0 3505 2856  1  0 99  0  0  0
 0  0      0 119131900 2948 138046200 0   0     0     0 4527 3372  1  0 99  0  0  0
 0  0      0 119135140 2948 138046200 0   0     0     0 2639 2472  0  0 100 0  0  0
 1  0      0 119137528 2948 138046200 0   0     0     0 3703 2431  1  0 99  0  0  0
procs -----------memory---------- ---swap-- -----io---- -system-- -------cpu-------
 r  b   swpd   free   buff  cache   si   so    bi    bo   in   cs us sy id wa st gu
 0  0      0 119140380 2948 138046200 0   0     0     0 4245 5460  1  0 99  0  0  0
 0  0      0 119141732 2948 138046200 0   0     0     0 3056 2541  0  0 99  0  0  0
 1  0      0 119145248 2948 138046200 0   0     0     0 4593 3481  1  0 99  0  0  0
 1  0      0 119146460 2948 138046200 0   0     0     0 4129 3065  1  0 99  0  0  0
 1  0      0 119140956 2948 138046204 0   0     0     8 5704 9808  0  0 100 0  0  0
 0  0      0 119139480 2948 138046192 0   0     0     0 4322 4560  0  0 99  0  0  0
 0  0      0 119137072 2948 138046192 0   0     0     0 3646 2879  0  0 99  0  0  0
 1  0      0 119136588 2948 138046192 0   0     0     0 4624 4200  0  0 99  0  0  0
 1  0      0 119137692 2948 138046192 0   0     0     0 3369 2345  1  0 99  0  0  0
 1  0      0 119139672 2948 138046192 0   0     0     4 3241 2270  0  0 99  0  0  0
 0  0      0 119140988 2948 138046192 0   0     0     0 4260 5873  0  0 100 0  0  0
 1  0      0 119141588 2948 138046192 0   0     0     0 4092 2836  1  0 99  0  0  0
 1  0      0 119143688 2948 138046192 0   0     0     0 4208 2992  1  0 99  0  0  0
 1  0      0 119145204 2948 138046192 0   0     0     0 2916 2279  0  0 100 0  0  0
 1  0      0 119150504 2948 138046200 0   0     0     0 6680 6396  1  0 99  0  0  0
 0  0      0 119149468 2948 138046192 0   0     0     0 4821 4765  1  0 99  0  0  0
 1  0      0 119150416 2948 138046192 0   0     0     0 4138 2981  1  0 99  0  0  0
 0  0      0 119152088 2948 138046192 0   0     0    16 3596 2533  1  0 99  0  0  0
 0  0      0 119149888 2948 138046192 0   0     0     0 2933 2151  0  0 100 0  0  0
 1  0      0 119149432 2948 138046192 0   0     0     0 5050 7025  1  0 99  0  0  0
 1  0      0 119149800 2948 138046192 0   0     0     0 3999 4593  1  0 99  0  0  0
procs -----------memory---------- ---swap-- -----io---- -system-- -------cpu-------
 r  b   swpd   free   buff  cache   si   so    bi    bo   in   cs us sy id wa st gu
 1  0      0 119150452 2948 138046192 0   0     0     0 3016 2394  0  0 100 0  0  0
 1  0      0 119149968 2948 138046192 0   0     0     0 4626 3291  1  0 99  0  0  0
 0  0      0 119149372 2948 138046192 0   0     0     0 4406 3159  1  0 99  0  0  0
 1  0      0 119149996 2948 138046188 0   0     0     0 5214 5787  0  0 99  0  0  0
 1  0      0 119152012 2948 138046196 0   0     0     8 4607 3974  1  0 99  0  0  0
 0  0      0 119151568 2948 138046196 0   0     0     0 3587 3126  1  0 99  0  0  0
 1  0      0 119151188 2948 138046196 0   0     0     0 4845 3712  1  0 99  0  0  0
 0  0      0 119151424 2948 138046232 0   0     0     0 4315 2765  1  0 99  0  0  0
 1  0      0 119153704 2948 138046232 0   0     0     0 2861 2124  0  0 99  0  0  0
 1  0      0 119151644 2948 138046232 0   0     0     0 5038 5371  1  0 99  0  0  0
 1  0      0 119153844 2948 138046232 0   0     0     0 3464 2559  0  0 100 0  0  0
 1  0      0 119154352 2948 138046232 0   0     0     0 3929 3134  1  0 99  0  0  0
 1  0      0 119152852 2948 138046232 0   0     0     0 4076 2476  1  0 99  0  0  0
 1  0      0 119152544 2948 138046228 0   0     0     0 6880 9565  1  0 99  0  0  0
 1  0      0 119153588 2948 138046232 0   0     0    12 5112 4899  1  0 99  0  0  0
 1  0      0 119153796 2948 138046232 0   0     0     0 3741 2987  1  0 99  0  0  0
 1  0      0 119153464 2948 138046232 0   0     0     0 4619 3389  1  0 99  0  0  0
 0  0      0 119152836 2948 138046232 0   0     0     0 4219 2709  1  0 99  0  0  0
 1  0      0 119157336 2948 138046232 0   0     0     0 4078 2380  1  0 99  0  0  0
 1  0      0 119155784 2948 138046232 0   0     0     0 4851 5206  1  0 99  0  0  0
 1  0      0 119156624 2948 138046232 0   0     0     4 3254 2380  1  0 99  0  0  0
procs -----------memory---------- ---swap-- -----io---- -system-- -------cpu-------
 r  b   swpd   free   buff  cache   si   so    bi    bo   in   cs us sy id wa st gu
 1  0      0 119157096 2948 138046232 0   0     0     0 3593 2916  1  0 99  0  0  0
 0  0      0 119159836 2948 138046232 0   0     0     0 4104 3065  1  0 99  0  0  0
 1  0      0 119151580 2948 138046240 0   0     0     0 5697 6438  1  0 99  0  0  0
 1  0      0 119151164 2948 138046232 0   0     0     0 3920 4547  1  0 99  0  0  0
 1  0      0 119153172 2948 138046232 0   0     0     0 3965 2916  0  0 100 0  0  0
 1  0      0 119151588 2948 138046232 0   0     0    16 4891 3053  1  0 99  0  0  0
 0  0      0 119155024 2948 138046232 0   0     0     0 4150 2587  1  0 99  0  0  0
 1  0      0 119155060 2948 138046232 0   0     0     0 4381 6550  1  0 99  0  0  0
 1  0      0 119155032 2948 138046232 0   0     0     0 4710 4710  1  0 99  0  0  0
 1  0      0 119156856 2948 138046232 0   0     0     0 3038 2318  1  0 99  0  0  0
 1  0      0 119157800 2948 138046232 0   0     0     0 3703 2851  1  0 99  0  0  0
 1  0      0 119157432 2948 138046232 0   0     0     0 4075 2448  1  0 99  0  0  0
 1  0      0 119157880 2948 138046228 0   0     0     0 6605 6030  1  0 99  0  0  0
 1  0      0 119156584 2948 138046168 0   0     0     0 4675 4200  1  0 99  0  0  0
 1  0      0 119154348 2948 138046168 0   0     0     0 3495 2899  1  0 99  0  0  0
 1  0      0 119157032 2948 138046168 0   0     0     0 5690 3307  1  0 99  0  0  0
 1  0      0 119154184 2948 138046168 0   0     0    40 3808 2474  0  0 99  0  0  0
 1  0      0 119152428 2948 138046168 0   0     0     0 4053 2560  1  0 99  0  0  0
 0  0      0 119160248 2948 138046168 0   0     0     0 4322 5411  1  0 99  0  0  0
 1  0      0 119160312 2948 138046168 0   0     0     0 3505 2593  1  0 99  0  0  0
 1  0      0 119162940 2948 138046168 0   0     0     0 4846 2978  1  0 99  0  0  0
procs -----------memory---------- ---swap-- -----io---- -system-- -------cpu-------
 r  b   swpd   free   buff  cache   si   so    bi    bo   in   cs us sy id wa st gu
 1  0      0 119164220 2948 138046168 0   0     0     0 4167 3039  1  0 99  0  0  0
 1  0      0 119154632 2948 138046168 0   0     0     0 7497 10301 1  0 99  0  0  0
 1  0      0 119155704 2948 138046168 0   0     0     0 4164 4624  1  0 99  0  0  0
 1  0      0 119156060 2948 138046168 0   0     0     0 4593 2786  1  0 99  0  0  0
 0  0      0 119151676 2948 138046168 0   0     0    12 5411 4050  1  0 99  0  0  0
 1  0      0 119153792 2948 138046168 0   0     0     0 3746 2456  0  0 100 0  0  0
 0  0      0 119154432 2948 138046168 0   0     0     0 4292 2178  0  0 100 0  0  0
 0  0      0 119154444 2948 138046168 0   0     0     0 4439 5174  0  0 100 0  0  0
 0  0      0 119147968 2948 138046168 0   0     0     4 5756 2894  0  0 100 0  0  0
 0  0      0 119153168 2948 138046168 0   0     0     0 6525 3347  0  0 100 0  0  0
 1  0      0 119152592 2948 138046168 0   0     0     0 5209 2096  0  0 100 0  0  0
 0  0      0 119142452 2948 138046164 0   0     0     0 7861 5820  0  0 100 0  0  0
 1  0      0 119141820 2948 138046160 0   0     0     0 6372 4789  0  0 99  0  0  0
 0  0      0 119143968 2948 138046160 0   0     0     0 5033 2687  0  0 100 0  0  0
 0  0      0 119140832 2948 138046160 0   0     0    16 6583 2905  1  0 99  0  0  0
 0  0      0 119148108 2948 138046160 0   0     0     0 4862 2598  0  0 100 0  0  0
 1  0      0 119149628 2948 138046160 0   0     0     0 5265 6784  1  0 99  0  0  0
 0  0      0 119148328 2948 138046160 0   0     0     0 3612 4808  0  0 100 0  0  0
 0  0      0 119150468 2948 138046160 0   0     0     0 2371 2662  0  0 100 0  0  0
 0  0      0 119150320 2948 138046160 0   0     0     0 2837 3369  0  0 100 0  0  0
 0  0      0 119152616 2948 138046160 0   0     0     0 2735 2899  0  0 100 0  0  0
procs -----------memory---------- ---swap-- -----io---- -system-- -------cpu-------
 r  b   swpd   free   buff  cache   si   so    bi    bo   in   cs us sy id wa st gu
 0  0      0 119152112 2948 138046160 0   0     0     0 4245 5949  0  0 100 0  0  0
 0  0      0 119152552 2948 138046164 0   0     0     0 2984 4636  0  0 100 0  0  0
 0  0      0 119152508 2948 138046168 0   0     0     0 2489 2947  0  0 100 0  0  0
 0  0      0 119151004 2948 138046204 0   0     0     0 3535 4130  0  0 100 0  0  0
 0  0      0 119151212 2948 138046204 0   0     0     0 2088 2422  0  0 100 0  0  0
 0  0      0 119153288 2948 138046204 0   0     0     0 2275 2698  0  0 100 0  0  0
 0  0      0 119156336 2948 138046204 0   0     0    44 2924 5540  0  0 100 0  0  0
 0  0      0 119157672 2948 138046204 0   0     0     0 2512 3172  0  0 100 0  0  0
 0  0      0 119158264 2948 138046204 0   0     0     0 2214 2871  0  0 100 0  0  0
 0  0      0 119158768 2948 138046204 0   0     0     0 2065 2432  0  0 100 0  0  0
 0  0      0 119148112 2948 138046204 0   0     0     0 5243 10200 0  0 100 0  0  0
 0  0      0 119148876 2948 138046188 0   0     0     0 3376 4939  0  0 100 0  0  0
 0  0      0 119149600 2948 138046188 0   0     0     0 2355 2956  0  0 100 0  0  0
 0  0      0 119147692 2948 138046188 0   0     0     0 2560 3134  0  0 100 0  0  0
 0  0      0 119147716 2948 138046188 0   0     0     0 2553 2830  0  0 100 0  0  0
 0  0      0 119149936 2948 138046188 0   0     0    16 2408 2757  0  0 100 0  0  0
 0  0      0 119151208 2948 138046188 0   0     0     0 2760 5473  0  0 100 0  0  0
 0  0      0 119152008 2948 138046188 0   0     0     0 2306 2805  0  0 100 0  0  0
 0  0      0 119152984 2948 138046188 0   0     0     0 2326 2797  0  0 100 0  0  0
 0  0      0 119154088 2948 138046188 0   0     0     0 2868 3259  0  0 100 0  0  0
 0  0      0 119160432 2948 138046188 0   0     0     0 4293 6095  0  0 100 0  0  0
procs -----------memory---------- ---swap-- -----io---- -system-- -------cpu-------
 r  b   swpd   free   buff  cache   si   so    bi    bo   in   cs us sy id wa st gu
 1  0      0 119160408 2948 138046188 0   0     0     0 3174 5025  0  0 100 0  0  0
 0  0      0 119161124 2948 138046188 0   0     0     0 2436 2827  0  0 100 0  0  0
 0  0      0 119157904 2948 138046188 0   0     0    16 2782 3439  0  0 100 0  0  0
 0  0      0 119159148 2948 138046188 0   0     0     0 2079 2510  0  0 100 0  0  0
 0  0      0 119159984 2948 138046188 0   0     0     4 3205 7003  0  0 100 0  0  0
 0  0      0 119159896 2948 138046188 0   0     0     0 3019 4870  0  0 100 0  0  0
 0  0      0 119160972 2948 138046188 0   0     0     0 2337 2832  0  0 100 0  0  0
 0  0      0 119162140 2948 138046188 0   0     0     0 2403 3197  0  0 100 0  0  0
 0  0      0 119162164 2948 138046188 0   0     0     0 2254 2816  0  0 100 0  0  0
 0  0      0 119157836 2948 138046184 0   0     0     0 4590 6120  0  0 100 0  0  0
 0  0      0 119157256 2948 138046188 0   0     0     0 3151 4794  0  0 100 0  0  0
 0  0      0 119151544 2948 138062572 0   0     0 16384 3741 5911  0  0 100 0  0  0
 2  0      0 119123988 2948 138062572 0   0     0     4 5979 8870  0  0 100 0  0  0
 0  0      0 119125456 2948 138062576 0   0     0     0 2357 2759  0  0 100 0  0  0
 0  0      0 119128044 2948 138062576 0   0     0     0 2050 2281  0  0 100 0  0  0
 0  0      0 119130028 2948 138062576 0   0     0     0 3180 6163  0  0 100 0  0  0
