Linux 6.12.88-119.157.amzn2023.x86_64 (ip-192-168-45-226.us-west-2.compute.internal) 	06/04/26 	_x86_64_	(128 CPU)

03:00:32      UID       PID    %usr %system  %guest   %wait    %CPU   CPU  Command
03:00:33        0     10676    0.97    0.97    0.00    0.00    1.94    47  containerd
03:00:33        0     10742    0.00    0.97    0.00    0.00    0.97    84  kubelet
03:00:33    10001     39866    0.97    0.00    0.00    0.00    0.97    66  manager
03:00:33    65532     45947    0.97    0.00    0.00    0.00    0.97    89  manager
03:00:33        0    337978    0.97    0.00    0.00    0.00    0.97    84  containerd-shim
03:00:33       26    338220    0.97    0.00    0.00    0.00    0.97    66  manager
03:00:33        0    348424    0.00    2.91    0.00    0.00    2.91    88  pidstat

03:00:33      UID       PID    %usr %system  %guest   %wait    %CPU   CPU  Command
03:00:34        0     10742    2.00    1.00    0.00    0.00    3.00    84  kubelet
03:00:34        0     10857    1.00    0.00    0.00    0.00    1.00    18  containerd-shim
03:00:34        0     13729    0.00    1.00    0.00    0.00    1.00    69  containerd-shim
03:00:34    65532     13841    1.00    0.00    0.00    0.00    1.00   117  coredns
03:00:34    10001     39866    1.00    0.00    0.00    0.00    1.00    66  manager
03:00:34        0     45884    1.00    0.00    0.00    0.00    1.00    52  containerd-shim
03:00:34       26    338082    0.00    1.00    0.00    0.00    1.00    73  manager
03:00:34       26    338220    1.00    0.00    0.00    0.00    1.00    66  manager
03:00:34       26    338266    0.00    1.00    0.00    0.00    1.00    14  postgres
03:00:34        0    348424    1.00    0.00    0.00    0.00    1.00    88  pidstat
03:00:34       26    348547    7.00    1.00    0.00    0.00    8.00    22  pgbackrest

03:00:34      UID       PID    %usr %system  %guest   %wait    %CPU   CPU  Command
03:00:35        0       414    0.00    4.00    0.00    0.00    4.00    78  ksoftirqd/78
03:00:35        0       465    0.00    1.00    0.00    1.00    1.00    88  ksoftirqd/88
03:00:35        0     10676    2.00    0.00    0.00    0.00    2.00    47  containerd
03:00:35        0     10742    1.00    0.00    0.00    0.00    1.00    84  kubelet
03:00:35    65532     13838    3.00    0.00    0.00    0.00    3.00    90  coredns
03:00:35    65532     13841    3.00    0.00    0.00    0.00    3.00   117  coredns
03:00:35     1000     18237    1.00    0.00    0.00    0.00    1.00    40  metrics-server
03:00:35        0    348424    1.00    4.00    0.00    0.00    5.00    94  pidstat
03:00:35        0    348442    1.00    0.00    0.00    0.00    1.00   115  iostat
03:00:35       26    348547    0.00    2.00    0.00    0.00    2.00    79  pgbackrest
03:00:35       26    348572   36.00    1.00    0.00    0.00   37.00    93  pgbackrest
03:00:35       26    348573   38.00    3.00    0.00    0.00   41.00    75  pgbackrest
03:00:35       26    348574   34.00    6.00    0.00    0.00   40.00     4  pgbackrest
03:00:35       26    348575   33.00    3.00    0.00    0.00   36.00   115  pgbackrest
03:00:35       26    348576   33.00    5.00    0.00    0.00   38.00    15  pgbackrest
03:00:35       26    348577   32.00    1.00    0.00    0.00   33.00     3  pgbackrest
03:00:35       26    348578   30.00    5.00    0.00    0.00   35.00     4  pgbackrest
03:00:35       26    348579   28.00    0.00    0.00    0.00   28.00    39  pgbackrest
03:00:35       26    348580   21.00    4.00    0.00    0.00   25.00    49  pgbackrest
03:00:35       26    348581   31.00    6.00    0.00    0.00   37.00    15  pgbackrest
03:00:35       26    348582   30.00    1.00    0.00    0.00   31.00    41  pgbackrest
03:00:35       26    348583   32.00    4.00    0.00    0.00   36.00   118  pgbackrest
03:00:35       26    348584   22.00    3.00    0.00    0.00   25.00     1  pgbackrest
03:00:35       26    348585   28.00   10.00    0.00    0.00   38.00     8  pgbackrest
03:00:35       26    348586   24.00    4.00    0.00    0.00   28.00   124  pgbackrest
03:00:35       26    348587   24.00    8.00    0.00    0.00   32.00    30  pgbackrest
03:00:35       26    348588   29.00    6.00    0.00    0.00   35.00    88  pgbackrest
03:00:35       26    348589   53.00    9.00    0.00    0.00   62.00   107  pgbackrest
03:00:35       26    348590   52.00   11.00    0.00    0.00   63.00     9  pgbackrest
03:00:35       26    348591   51.00    6.00    0.00    0.00   57.00    97  pgbackrest
03:00:35       26    348592   46.00   10.00    0.00    0.00   56.00   100  pgbackrest
03:00:35       26    348593   53.00    5.00    0.00    0.00   58.00    31  pgbackrest
03:00:35       26    348594   53.00    6.00    0.00    0.00   59.00    82  pgbackrest
03:00:35       26    348595   56.00    6.00    0.00    0.00   62.00    16  pgbackrest
03:00:35       26    348596   41.00    3.00    0.00    0.00   44.00    83  pgbackrest
03:00:35       26    348597   43.00    4.00    0.00    0.00   47.00    25  pgbackrest
03:00:35       26    348598   51.00   10.00    0.00    0.00   61.00    20  pgbackrest
03:00:35       26    348599   51.00   12.00    0.00    0.00   63.00    21  pgbackrest
03:00:35       26    348600   50.00    7.00    0.00    0.00   57.00    10  pgbackrest
03:00:35       26    348601   55.00    5.00    0.00    0.00   60.00    28  pgbackrest
03:00:35       26    348602   49.00   11.00    0.00    0.00   60.00    24  pgbackrest
03:00:35       26    348603   51.00    5.00    0.00    0.00   56.00    87  pgbackrest
03:00:35       26    348604   41.00    4.00    0.00    0.00   45.00    46  pgbackrest
03:00:35       26    348605   51.00    6.00    0.00    0.00   57.00    65  pgbackrest
03:00:35       26    348606   54.00    3.00    0.00    0.00   57.00    29  pgbackrest
03:00:35       26    348607   54.00    8.00    0.00    0.00   62.00    66  pgbackrest
03:00:35       26    348608   54.00    6.00    0.00    0.00   60.00    67  pgbackrest
03:00:35       26    348609   53.00    9.00    0.00    0.00   62.00   121  pgbackrest
03:00:35       26    348610   53.00    8.00    0.00    0.00   61.00    69  pgbackrest
03:00:35       26    348611   53.00    8.00    0.00    0.00   61.00    70  pgbackrest
03:00:35       26    348612   53.00    8.00    0.00    0.00   61.00     7  pgbackrest
03:00:35       26    348613   54.00    6.00    0.00    0.00   60.00    42  pgbackrest
03:00:35       26    348614   51.00    8.00    0.00    0.00   59.00    89  pgbackrest
03:00:35       26    348615   49.00    7.00    0.00    0.00   56.00    26  pgbackrest
03:00:35       26    348616   47.00    9.00    0.00    0.00   56.00    74  pgbackrest
03:00:35       26    348617   47.00   16.00    0.00    0.00   63.00    11  pgbackrest
03:00:35       26    348618   56.00    5.00    0.00    0.00   61.00    76  pgbackrest
03:00:35       26    348619   52.00    4.00    0.00    0.00   56.00    13  pgbackrest
03:00:35       26    348620   60.00    4.00    0.00    0.00   64.00    14  pgbackrest
03:00:35       26    348621   54.00    6.00    0.00    0.00   60.00    64  pgbackrest
03:00:35       26    348622   53.00    8.00    0.00    0.00   61.00   101  pgbackrest
03:00:35       26    348623   51.00    8.00    0.00    0.00   59.00   127  pgbackrest
03:00:35       26    348624   50.00    3.00    0.00    0.00   53.00    80  pgbackrest
03:00:35       26    348625   56.00    3.00    0.00    0.00   59.00    84  pgbackrest
03:00:35       26    348626   56.00    3.00    0.00    0.00   59.00    18  pgbackrest
03:00:35       26    348627   52.00    8.00    0.00    0.00   60.00   126  pgbackrest
03:00:35       26    348628   52.00    5.00    0.00    0.00   57.00    85  pgbackrest
03:00:35       26    348629   52.00    7.00    0.00    0.00   59.00   125  pgbackrest
03:00:35       26    348630   56.00    6.00    0.00    0.00   62.00    86  pgbackrest
03:00:35       26    348631   48.00    7.00    0.00    0.00   55.00    91  pgbackrest
03:00:35       26    348632   50.00    4.00    0.00    0.00   54.00    92  pgbackrest
03:00:35       26    348633   50.00    3.00    0.00    0.00   53.00    12  pgbackrest
03:00:35       26    348634   49.00   11.00    0.00    0.00   60.00    32  pgbackrest
03:00:35       26    348635   55.00    5.00    0.00    0.00   60.00    22  pgbackrest

03:00:35      UID       PID    %usr %system  %guest   %wait    %CPU   CPU  Command
03:00:36        0        18    1.00    0.00    0.00    0.00    1.00   119  rcu_preempt
03:00:36        0       414    0.00    1.00    0.00    0.00    1.00    78  ksoftirqd/78
03:00:36        0       465    0.00    1.00    0.00    3.00    1.00    88  ksoftirqd/88
03:00:36        0       556    0.00    1.00    0.00    2.00    1.00   106  ksoftirqd/106
03:00:36        0     10676    1.00    0.00    0.00    0.00    1.00    47  containerd
03:00:36        0     10742    9.00    0.00    0.00    0.00    9.00    84  kubelet
03:00:36        0     17072    1.00    0.00    0.00    0.00    1.00    87  containerd-shim
03:00:36     1000     18234    1.00    0.00    0.00    0.00    1.00    93  metrics-server
03:00:36        0    334636    1.00    0.00    0.00    1.00    1.00    78  kworker/78:0-events
03:00:36        0    348298    1.00    0.00    0.00    0.00    1.00   104  containerd-shim
03:00:36        0    348424    2.00    0.00    0.00    0.00    2.00    88  pidstat
03:00:36       26    348572   45.00    5.00    0.00    0.00   50.00    93  pgbackrest
03:00:36       26    348573   44.00    5.00    0.00    0.00   49.00   106  pgbackrest
03:00:36       26    348574   47.00    8.00    0.00    0.00   55.00    84  pgbackrest
03:00:36       26    348575   42.00    4.00    0.00    0.00   46.00   115  pgbackrest
03:00:36       26    348576   40.00    4.00    0.00    0.00   44.00    27  pgbackrest
03:00:36       26    348577   26.00    5.00    0.00    0.00   31.00    91  pgbackrest
03:00:36       26    348578   40.00    4.00    0.00    0.00   44.00    16  pgbackrest
03:00:36       26    348579   29.00    2.00    0.00    0.00   31.00    39  pgbackrest
03:00:36       26    348580   32.00    1.00    0.00    0.00   33.00    49  pgbackrest
03:00:36       26    348581   43.00    2.00    0.00    0.00   45.00    17  pgbackrest
03:00:36       26    348582   32.00    3.00    0.00    0.00   35.00    41  pgbackrest
03:00:36       26    348583   44.00    4.00    0.00    0.00   48.00   118  pgbackrest
03:00:36       26    348584   40.00    3.00    0.00    0.00   43.00    30  pgbackrest
03:00:36       26    348585   41.00    9.00    0.00    0.00   50.00    95  pgbackrest
03:00:36       26    348586   24.00    5.00    0.00    0.00   29.00   124  pgbackrest
03:00:36       26    348587   33.00    2.00    0.00    0.00   35.00    13  pgbackrest
03:00:36       26    348588   40.00    6.00    0.00    0.00   46.00     2  pgbackrest
03:00:36       26    348589   81.00   12.00    0.00    0.00   93.00   107  pgbackrest
03:00:36       26    348590   89.00   11.00    0.00    0.00  100.00     9  pgbackrest
03:00:36       26    348591   84.00    5.00    0.00    0.00   89.00    97  pgbackrest
03:00:36       26    348592   74.00    7.00    0.00    0.00   81.00    36  pgbackrest
03:00:36       26    348593   82.00   11.00    0.00    0.00   93.00    31  pgbackrest
03:00:36       26    348594   85.00    4.00    0.00    0.00   89.00    82  pgbackrest
03:00:36       26    348595   90.00    8.00    0.00    0.00   98.00    15  pgbackrest
03:00:36       26    348596   94.00    5.00    0.00    0.00   99.00    83  pgbackrest
03:00:36       26    348597   83.00    7.00    0.00    0.00   90.00    25  pgbackrest
03:00:36       26    348598   85.00    4.00    0.00    0.00   89.00    75  pgbackrest
03:00:36       26    348599   89.00    5.00    0.00    0.00   94.00    85  pgbackrest
03:00:36       26    348600   92.00    8.00    0.00    0.00  100.00     8  pgbackrest
03:00:36       26    348601   90.00    8.00    0.00    0.00   98.00    26  pgbackrest
03:00:36       26    348602   89.00   11.00    0.00    0.00  100.00    23  pgbackrest
03:00:36       26    348603   63.00   10.00    0.00    0.00   73.00    96  pgbackrest
03:00:36       26    348604   44.00    5.00    0.00    0.00   49.00    46  pgbackrest
03:00:36       26    348605   87.00    8.00    0.00    0.00   95.00    65  pgbackrest
03:00:36       26    348606   95.00    4.00    0.00    0.00   99.00    29  pgbackrest
03:00:36       26    348607   88.00    8.00    0.00    0.00   96.00    66  pgbackrest
03:00:36       26    348608   91.00    5.00    0.00    0.00   96.00    67  pgbackrest
03:00:36       26    348609   91.00    4.00    0.00    0.00   95.00   121  pgbackrest
03:00:36       26    348610   87.00    5.00    0.00    0.00   92.00     5  pgbackrest
03:00:36       26    348611   93.00    5.00    0.00    0.00   98.00     6  pgbackrest
03:00:36       26    348612   88.00    6.00    0.00    0.00   94.00     7  pgbackrest
03:00:36       26    348613   88.00   10.00    0.00    0.00   98.00    42  pgbackrest
03:00:36       26    348614   73.00    6.00    0.00    0.00   79.00    89  pgbackrest
03:00:36       26    348615   84.00    9.00    0.00    0.00   93.00    90  pgbackrest
03:00:36       26    348616   86.00   13.00    0.00    0.00   99.00    74  pgbackrest
03:00:36       26    348617   83.00   16.00    0.00    0.00   99.00     3  pgbackrest
03:00:36       26    348618   93.00    7.00    0.00    0.00  100.00    76  pgbackrest
03:00:36       26    348619   84.00   11.00    0.00    0.00   95.00    77  pgbackrest
03:00:36       26    348620   93.00    5.00    0.00    0.00   98.00    14  pgbackrest
03:00:36       26    348621   84.00    5.00    0.00    0.00   89.00     0  pgbackrest
03:00:36       26    348622   93.00    5.00    0.00    0.00   98.00   101  pgbackrest
03:00:36       26    348623   86.00   13.00    0.00    0.00   99.00   127  pgbackrest
03:00:36       26    348624   70.00    8.00    0.00    0.00   78.00    80  pgbackrest
03:00:36       26    348625   95.00    4.00    0.00    0.00   99.00     4  pgbackrest
03:00:36       26    348626   54.00    2.00    0.00    0.00   56.00    18  pgbackrest
03:00:36       26    348627   82.00   13.00    0.00    0.00   95.00   126  pgbackrest
03:00:36       26    348628   79.00    7.00    0.00    0.00   86.00    94  pgbackrest
03:00:36       26    348629   79.00   12.00    0.00    0.00   91.00   125  pgbackrest
03:00:36       26    348630   81.00    8.00    0.00    0.00   89.00    86  pgbackrest
03:00:36       26    348631   60.00   33.00    0.00    0.00   93.00    78  pgbackrest
03:00:36       26    348632   95.00    4.00    0.00    0.00   99.00    92  pgbackrest
03:00:36       26    348633   89.00   12.00    0.00    0.00  101.00    12  pgbackrest
03:00:36       26    348634   92.00    7.00    0.00    0.00   99.00    34  pgbackrest
03:00:36       26    348635   86.00   14.00    0.00    0.00  100.00    22  pgbackrest

03:00:36      UID       PID    %usr %system  %guest   %wait    %CPU   CPU  Command
03:00:37        0       465    0.00    1.00    0.00    3.00    1.00    88  ksoftirqd/88
03:00:37        0       647    0.00    1.00    0.00    1.00    1.00   124  ksoftirqd/124
03:00:37        0      2142    0.00    1.00    0.00    2.00    1.00    88  kworker/88:1-events
03:00:37        0     10676    3.00    1.00    0.00    0.00    4.00    47  containerd
03:00:37        0     10742    4.00    0.00    0.00    0.00    4.00    84  kubelet
03:00:37        0     10857    1.00    0.00    0.00    0.00    1.00    18  containerd-shim
03:00:37    65532     13838    1.00    0.00    0.00    0.00    1.00    90  coredns
03:00:37        0     17008    1.00    1.00    0.00    0.00    2.00   127  containerd-shim
03:00:37        0     18368    1.00    0.00    0.00    0.00    1.00     9  containerd-shim
03:00:37        0    348424    2.00    2.00    0.00    0.00    4.00    90  pidstat
03:00:37       26    348547    1.00    0.00    0.00    0.00    1.00    33  pgbackrest
03:00:37       26    348572   57.00    8.00    0.00    0.00   65.00    93  pgbackrest
03:00:37       26    348573   49.00   14.00    0.00    0.00   63.00   106  pgbackrest
03:00:37       26    348574   37.00    2.00    0.00    0.00   39.00    84  pgbackrest
03:00:37       26    348575   43.00    3.00    0.00    0.00   46.00   115  pgbackrest
03:00:37       26    348576   42.00    3.00    0.00    0.00   45.00    27  pgbackrest
03:00:37       26    348577   44.00    3.00    0.00    0.00   47.00    28  pgbackrest
03:00:37       26    348578   55.00    2.00    0.00    0.00   57.00     6  pgbackrest
03:00:37       26    348579   28.00    1.00    0.00    0.00   29.00    39  pgbackrest
03:00:37       26    348580   36.00    2.00    0.00    0.00   38.00    49  pgbackrest
03:00:37       26    348581   37.00    8.00    0.00    0.00   45.00     6  pgbackrest
03:00:37       26    348582   36.00    3.00    0.00    0.00   39.00    41  pgbackrest
03:00:37       26    348583   38.00    8.00    0.00    0.00   46.00   118  pgbackrest
03:00:37       26    348584   39.00    4.00    0.00    0.00   43.00    95  pgbackrest
03:00:37       26    348585   42.00    2.00    0.00    0.00   44.00    72  pgbackrest
03:00:37       26    348586   27.00    4.00    0.00    0.00   31.00   124  pgbackrest
03:00:37       26    348587   27.00    2.00    0.00    0.00   29.00    13  pgbackrest
03:00:37       26    348588   32.00    0.00    0.00    0.00   32.00    91  pgbackrest
03:00:37       26    348589   59.00    5.00    0.00    0.00   64.00   107  pgbackrest
03:00:37       26    348590   71.00   14.00    0.00    0.00   85.00     9  pgbackrest
03:00:37       26    348591   67.00    3.00    0.00    0.00   70.00    97  pgbackrest
03:00:37       26    348592   72.00    7.00    0.00    0.00   79.00    36  pgbackrest
03:00:37       26    348593   83.00    9.00    0.00    0.00   92.00    31  pgbackrest
03:00:37       26    348594   76.00    8.00    0.00    0.00   84.00    82  pgbackrest
03:00:37       26    348595   68.00    3.00    0.00    0.00   71.00     4  pgbackrest
03:00:37       26    348596   72.00    5.00    0.00    0.00   77.00    83  pgbackrest
03:00:37       26    348597   94.00    4.00    0.00    0.00   98.00    88  pgbackrest
03:00:37       26    348598   77.00    9.00    0.00    0.00   86.00    75  pgbackrest
03:00:37       26    348599   78.00    6.00    0.00    0.00   84.00    85  pgbackrest
03:00:37       26    348600   77.00    6.00    0.00    0.00   83.00     8  pgbackrest
03:00:37       26    348601   88.00    6.00    0.00    0.00   94.00    23  pgbackrest
03:00:37       26    348602   69.00    6.00    0.00    0.00   75.00    23  pgbackrest
03:00:37       26    348603   61.00   12.00    0.00    0.00   73.00    96  pgbackrest
03:00:37       26    348604   78.00    5.00    0.00    0.00   83.00    46  pgbackrest
03:00:37       26    348605   67.00    6.00    0.00    0.00   73.00    65  pgbackrest
03:00:37       26    348606   82.00    7.00    0.00    0.00   89.00    29  pgbackrest
03:00:37       26    348607   58.00    8.00    0.00    0.00   66.00    99  pgbackrest
03:00:37       26    348608   71.00   12.00    0.00    0.00   83.00     3  pgbackrest
03:00:37       26    348609   50.00    9.00    0.00    0.00   59.00   121  pgbackrest
03:00:37       26    348610   66.00   11.00    0.00    0.00   77.00     9  pgbackrest
03:00:37       26    348611   60.00    9.00    0.00    0.00   69.00   119  pgbackrest
03:00:37       26    348612   64.00    8.00    0.00    0.00   72.00    71  pgbackrest
03:00:37       26    348613   70.00    2.00    0.00    0.00   72.00    53  pgbackrest
03:00:37       26    348614   84.00    8.00    0.00    0.00   92.00    89  pgbackrest
03:00:37       26    348615   81.00    7.00    0.00    0.00   88.00    90  pgbackrest
03:00:37       26    348616   72.00   10.00    0.00    0.00   82.00    74  pgbackrest
03:00:37       26    348617   89.00    5.00    0.00    0.00   94.00     2  pgbackrest
03:00:37       26    348618   85.00    8.00    0.00    0.00   93.00    76  pgbackrest
03:00:37       26    348619   74.00    6.00    0.00    0.00   80.00    77  pgbackrest
03:00:37       26    348620   73.00    3.00    0.00    0.00   76.00    14  pgbackrest
03:00:37       26    348621   75.00    6.00    0.00    0.00   81.00     0  pgbackrest
03:00:37       26    348622   59.00    5.00    0.00    0.00   64.00   125  pgbackrest
03:00:37       26    348623   59.00   12.00    0.00    0.00   71.00   127  pgbackrest
03:00:37       26    348624   75.00    3.00    0.00    0.00   78.00    80  pgbackrest
03:00:37       26    348625   67.00    5.00    0.00    0.00   72.00     4  pgbackrest
03:00:37       26    348626   81.00    7.00    0.00    0.00   88.00    17  pgbackrest
03:00:37       26    348627   65.00    4.00    0.00    0.00   69.00   126  pgbackrest
03:00:37       26    348628   89.00    4.00    0.00    0.00   93.00    94  pgbackrest
03:00:37       26    348629   60.00    6.00    0.00    0.00   66.00   125  pgbackrest
03:00:37       26    348630   84.00    6.00    0.00    0.00   90.00    86  pgbackrest
03:00:37       26    348631   80.00   14.00    0.00    0.00   94.00    15  pgbackrest
03:00:37       26    348632   83.00    5.00    0.00    0.00   88.00    92  pgbackrest
03:00:37       26    348633   85.00   13.00    0.00    0.00   98.00     5  pgbackrest
03:00:37       26    348634   63.00    3.00    0.00    0.00   66.00    34  pgbackrest
03:00:37       26    348635   85.00    6.00    0.00    0.00   91.00   101  pgbackrest

03:00:37      UID       PID    %usr %system  %guest   %wait    %CPU   CPU  Command
03:00:38        0     10676    1.00    0.00    0.00    0.00    1.00    47  containerd
03:00:38        0     10742    2.00    0.00    0.00    0.00    2.00    84  kubelet
03:00:38     1000     18234    0.00    1.00    0.00    0.00    1.00    93  metrics-server
03:00:38     1000     18237    1.00    0.00    0.00    0.00    1.00    40  metrics-server
03:00:38       26    338275    1.00    0.00    0.00    0.00    1.00    27  postgres
03:00:38        0    348424    0.00    3.00    0.00    0.00    3.00    90  pidstat
03:00:38        0    348478    1.00    0.00    0.00    0.00    1.00    64  vmstat
03:00:38       26    348547    7.00    0.00    0.00    0.00    7.00    79  pgbackrest
03:00:38       26    348572   40.00    3.00    0.00    0.00   43.00    93  pgbackrest
03:00:38       26    348573   38.00    4.00    0.00    0.00   42.00   112  pgbackrest
03:00:38       26    348574   41.00    3.00    0.00    0.00   44.00    84  pgbackrest
03:00:38       26    348575   35.00    8.00    0.00    0.00   43.00   100  pgbackrest
03:00:38       26    348576   36.00   11.00    0.00    0.00   47.00    21  pgbackrest
03:00:38       26    348577   34.00    5.00    0.00    0.00   39.00    88  pgbackrest
03:00:38       26    348578   36.00    6.00    0.00    0.00   42.00    91  pgbackrest
03:00:38       26    348579    5.00    0.00    0.00    0.00    5.00    39  pgbackrest
03:00:38       26    348580   32.00    4.00    0.00    0.00   36.00    39  pgbackrest
03:00:38       26    348581   32.00    5.00    0.00    0.00   37.00    13  pgbackrest
03:00:38       26    348582   40.00    4.00    0.00    0.00   44.00    32  pgbackrest
03:00:38       26    348583   43.00    4.00    0.00    0.00   47.00   118  pgbackrest
03:00:38       26    348584   32.00    1.00    0.00    0.00   33.00    95  pgbackrest
03:00:38       26    348585   39.00    0.00    0.00    0.00   39.00    72  pgbackrest
03:00:38       26    348586   31.00    5.00    0.00    0.00   36.00    41  pgbackrest
03:00:38       26    348587   34.00    3.00    0.00    0.00   37.00    13  pgbackrest
03:00:38       26    348588   29.00    2.00    0.00    0.00   31.00    91  pgbackrest
03:00:38       26    348589   75.00    6.00    0.00    0.00   81.00   107  pgbackrest
03:00:38       26    348590   61.00    9.00    0.00    0.00   70.00    24  pgbackrest
03:00:38       26    348591   56.00    6.00    0.00    0.00   62.00   115  pgbackrest
03:00:38       26    348592   56.00    6.00    0.00    0.00   62.00   124  pgbackrest
03:00:38       26    348593   57.00    8.00    0.00    0.00   65.00   104  pgbackrest
03:00:38       26    348594   50.00   12.00    0.00    0.00   62.00    82  pgbackrest
03:00:38       26    348595   73.00   15.00    0.00    0.00   88.00    75  pgbackrest
03:00:38       26    348596   47.00    8.00    0.00    0.00   55.00    83  pgbackrest
03:00:38       26    348597   50.00    7.00    0.00    0.00   57.00    97  pgbackrest
03:00:38       26    348598   55.00   14.00    0.00    0.00   69.00    42  pgbackrest
03:00:38       26    348599   61.00    8.00    0.00    0.00   69.00    85  pgbackrest
03:00:38       26    348600   70.00    6.00    0.00    0.00   76.00     6  pgbackrest
03:00:38       26    348601   49.00    5.00    0.00    0.00   54.00    22  pgbackrest
03:00:38       26    348602   77.00    9.00    0.00    0.00   86.00    23  pgbackrest
03:00:38       26    348603   43.00    7.00    0.00    0.00   50.00    96  pgbackrest
03:00:38       26    348604   56.00    5.00    0.00    0.00   61.00    38  pgbackrest
03:00:38       26    348605   70.00    7.00    0.00    0.00   77.00    65  pgbackrest
03:00:38       26    348606   64.00   11.00    0.00    0.00   75.00    47  pgbackrest
03:00:38       26    348607   79.00   10.00    0.00    0.00   89.00    99  pgbackrest
03:00:38       26    348608   64.00    7.00    0.00    0.00   71.00    49  pgbackrest
03:00:38       26    348609   60.00    7.00    0.00    0.00   67.00   121  pgbackrest
03:00:38       26    348610   74.00   11.00    0.00    0.00   85.00    10  pgbackrest
03:00:38       26    348611   81.00   12.00    0.00    0.00   93.00   119  pgbackrest
03:00:38       26    348612   66.00   10.00    0.00    0.00   76.00    44  pgbackrest
03:00:38       26    348613   82.00    9.00    0.00    0.00   91.00    53  pgbackrest
03:00:38       26    348614   58.00    7.00    0.00    0.00   65.00    89  pgbackrest
03:00:38       26    348615   49.00   14.00    0.00    0.00   63.00     9  pgbackrest
03:00:38       26    348616   62.00   15.00    0.00    0.00   77.00    15  pgbackrest
03:00:38       26    348617   63.00    3.00    0.00    0.00   66.00     2  pgbackrest
03:00:38       26    348618   57.00    8.00    0.00    0.00   65.00    76  pgbackrest
03:00:38       26    348619   60.00    3.00    0.00    0.00   63.00    50  pgbackrest
03:00:38       26    348620   84.00    9.00    0.00    0.00   93.00     5  pgbackrest
03:00:38       26    348621   56.00    8.00    0.00    0.00   64.00     0  pgbackrest
03:00:38       26    348622   88.00    9.00    0.00    0.00   97.00    61  pgbackrest
03:00:38       26    348623   90.00    7.00    0.00    0.00   97.00   127  pgbackrest
03:00:38       26    348624   36.00    3.00    0.00    0.00   39.00    80  pgbackrest
03:00:38       26    348625   91.00    4.00    0.00    0.00   95.00   120  pgbackrest
03:00:38       26    348626   51.00    4.00    0.00    0.00   55.00    81  pgbackrest
03:00:38       26    348627   84.00   11.00    0.00    0.00   95.00   126  pgbackrest
03:00:38       26    348628   49.00    8.00    0.00    0.00   57.00    98  pgbackrest
03:00:38       26    348629   65.00   10.00    0.00    0.00   75.00    45  pgbackrest
03:00:38       26    348630   54.00    4.00    0.00    0.00   58.00   110  pgbackrest
03:00:38       26    348631   45.00    8.00    0.00    0.00   53.00    14  pgbackrest
03:00:38       26    348632   53.00    5.00    0.00    0.00   58.00    59  pgbackrest
03:00:38       26    348633   52.00    4.00    0.00    0.00   56.00    28  pgbackrest
03:00:38       26    348634   83.00    8.00    0.00    0.00   91.00    71  pgbackrest

03:00:38      UID       PID    %usr %system  %guest   %wait    %CPU   CPU  Command
03:00:39        0        65    2.00    0.00    0.00    0.00    2.00     9  ksoftirqd/9
03:00:39        0        75    0.00    1.00    0.00    1.00    1.00    11  ksoftirqd/11
03:00:39        0       556    0.00    2.00    0.00    0.00    2.00   106  ksoftirqd/106
03:00:39        0      2226    0.00    1.00    0.00    0.00    1.00   106  kworker/106:1-events
03:00:39        0     10742    3.00    0.00    0.00    0.00    3.00    84  kubelet
03:00:39     1000     18234    2.00    0.00    0.00    0.00    2.00    93  metrics-server
03:00:39        0     39726    0.00    1.00    0.00    0.00    1.00   121  containerd-shim
03:00:39    65532     43335    0.00    1.00    0.00    0.00    1.00    44  cainjector
03:00:39    65532     43438    1.00    0.00    0.00    0.00    1.00    43  controller
03:00:39    10001     47172    1.00    0.00    0.00    0.00    1.00    42  cnpg-i-pgbackre
03:00:39        0    331857    1.00    0.00    0.00    0.00    1.00    50  kworker/50:2-events
03:00:39       26    338220    1.00    0.00    0.00    0.00    1.00    66  manager
03:00:39        0    348424    2.00    2.00    0.00    0.00    4.00    90  pidstat
03:00:39       26    348572   47.00    1.00    0.00    0.00   48.00    29  pgbackrest
03:00:39       26    348573   39.00    6.00    0.00    0.00   45.00   112  pgbackrest
03:00:39       26    348574   40.00    5.00    0.00    0.00   45.00    84  pgbackrest
03:00:39       26    348575   40.00    5.00    0.00    0.00   45.00   100  pgbackrest
03:00:39       26    348576   44.00    9.00    0.00    0.00   53.00     7  pgbackrest
03:00:39       26    348577   32.00   15.00    0.00    0.00   47.00    88  pgbackrest
03:00:39       26    348578   38.00    2.00    0.00    0.00   40.00     2  pgbackrest
03:00:39       26    348579   25.00    2.00    0.00    0.00   27.00    33  pgbackrest
03:00:39       26    348580   38.00    0.00    0.00    0.00   38.00    39  pgbackrest
03:00:39       26    348581   35.00    4.00    0.00    0.00   39.00    14  pgbackrest
03:00:39       26    348582   41.00    4.00    0.00    0.00   45.00    32  pgbackrest
03:00:39       26    348583   41.00    4.00    0.00    0.00   45.00   118  pgbackrest
03:00:39       26    348584   31.00    3.00    0.00    0.00   34.00    24  pgbackrest
03:00:39       26    348585   31.00    2.00    0.00    0.00   33.00    72  pgbackrest
03:00:39       26    348586   25.00    3.00    0.00    0.00   28.00    41  pgbackrest
03:00:39       26    348587   34.00    4.00    0.00    0.00   38.00     6  pgbackrest
03:00:39       26    348588   38.00    1.00    0.00    0.00   39.00     0  pgbackrest
03:00:39       26    348589   88.00    7.00    0.00    0.00   95.00   107  pgbackrest
03:00:39       26    348590   93.00    7.00    0.00    0.00  100.00     3  pgbackrest
03:00:39       26    348591   87.00   10.00    0.00    0.00   97.00   115  pgbackrest
03:00:39       26    348592   78.00   23.00    0.00    0.00  101.00   124  pgbackrest
03:00:39       26    348593   94.00    8.00    0.00    0.00  102.00   104  pgbackrest
03:00:39       26    348594   86.00   11.00    0.00    0.00   97.00    82  pgbackrest
03:00:39       26    348595   93.00    8.00    0.00    0.00  101.00    75  pgbackrest
03:00:39       26    348596   76.00    8.00    0.00    0.00   84.00    83  pgbackrest
03:00:39       26    348597   87.00    9.00    0.00    0.00   96.00    97  pgbackrest
03:00:39       26    348598   94.00    8.00    0.00    0.00  102.00    42  pgbackrest
03:00:39       26    348599   80.00    6.00    0.00    0.00   86.00    85  pgbackrest
03:00:39       26    348600   94.00    7.00    0.00    0.00  101.00    30  pgbackrest
03:00:39       26    348601   86.00    4.00    0.00    0.00   90.00    91  pgbackrest
03:00:39       26    348602   89.00    9.00    0.00    0.00   98.00    23  pgbackrest
03:00:39       26    348603   72.00   21.00    0.00    0.00   93.00    96  pgbackrest
03:00:39       26    348604   77.00    8.00    0.00    0.00   85.00    38  pgbackrest
03:00:39       26    348605   68.00   11.00    0.00    0.00   79.00    65  pgbackrest
03:00:39       26    348606   94.00    7.00    0.00    0.00  101.00    47  pgbackrest
03:00:39       26    348607   90.00   12.00    0.00    0.00  102.00    99  pgbackrest
03:00:39       26    348608   85.00    6.00    0.00    0.00   91.00    95  pgbackrest
03:00:39       26    348609   73.00   12.00    0.00    0.00   85.00   121  pgbackrest
03:00:39       26    348610   91.00    6.00    0.00    0.00   97.00    10  pgbackrest
03:00:39       26    348611   92.00    6.00    0.00    0.00   98.00   119  pgbackrest
03:00:39       26    348612   90.00    9.00    0.00    0.00   99.00    73  pgbackrest
03:00:39       26    348613   71.00   11.00    0.00    0.00   82.00    53  pgbackrest
03:00:39       26    348614   88.00    9.00    0.00    0.00   97.00    89  pgbackrest
03:00:39       26    348615   83.00   12.00    0.00    0.00   95.00   122  pgbackrest
03:00:39       26    348616   78.00    8.00    0.00    0.00   86.00    22  pgbackrest
03:00:39       26    348617   94.00    6.00    0.00    0.00  100.00    52  pgbackrest
03:00:39       26    348618   81.00   19.00    0.00    0.00  100.00    76  pgbackrest
03:00:39       26    348619   87.00   12.00    0.00    0.00   99.00    50  pgbackrest
03:00:39       26    348620   93.00    8.00    0.00    0.00  101.00     5  pgbackrest
03:00:39       26    348621   89.00    8.00    0.00    0.00   97.00    26  pgbackrest
03:00:39       26    348622   98.00    4.00    0.00    0.00  102.00    61  pgbackrest
03:00:39       26    348623   92.00    7.00    0.00    0.00   99.00   127  pgbackrest
03:00:39       26    348624   77.00    5.00    0.00    0.00   82.00    80  pgbackrest
03:00:39       26    348625   88.00   11.00    0.00    0.00   99.00   120  pgbackrest
03:00:39       26    348626   79.00   10.00    0.00    0.00   89.00    81  pgbackrest
03:00:39       26    348627   88.00   12.00    0.00    0.00  100.00   126  pgbackrest
03:00:39       26    348628   77.00   14.00    0.00    0.00   91.00    94  pgbackrest
03:00:39       26    348629   81.00   10.00    0.00    0.00   91.00    45  pgbackrest
03:00:39       26    348630   84.00   15.00    0.00    0.00   99.00   110  pgbackrest
03:00:39       26    348631   87.00    9.00    0.00    0.00   96.00    78  pgbackrest
03:00:39       26    348632   87.00    5.00    0.00    0.00   92.00    92  pgbackrest
03:00:39       26    348633   92.00    7.00    0.00    0.00   99.00    28  pgbackrest
03:00:39       26    348634   89.00    9.00    0.00    0.00   98.00    36  pgbackrest

03:00:39      UID       PID    %usr %system  %guest   %wait    %CPU   CPU  Command
03:00:40        0       126    0.00    1.00    0.00    0.00    1.00    21  ksoftirqd/21
03:00:40        0       414    0.00    1.00    0.00    0.00    1.00    78  ksoftirqd/78
03:00:40        0      2126    0.00    1.00    0.00    1.00    1.00   124  kworker/124:1-events
03:00:40        0      2142    0.00    1.00    0.00    5.00    1.00    88  kworker/88:1-events
03:00:40        0     10676    1.00    0.00    0.00    0.00    1.00    47  containerd
03:00:40        0     10742    1.00    0.00    0.00    0.00    1.00    84  kubelet
03:00:40        0    334636    1.00    0.00    0.00    1.00    1.00    78  kworker/78:0-events
03:00:40        0    348424    2.00    3.00    0.00    0.00    5.00    88  pidstat
03:00:40       26    348547    6.00    0.00    0.00    0.00    6.00    33  pgbackrest
03:00:40       26    348572   40.00    6.00    0.00    0.00   46.00    68  pgbackrest
03:00:40       26    348573   39.00    5.00    0.00    0.00   44.00   112  pgbackrest
03:00:40       26    348574   36.00    2.00    0.00    0.00   38.00    84  pgbackrest
03:00:40       26    348575   42.00    6.00    0.00    0.00   48.00   100  pgbackrest
03:00:40       26    348576   33.00    4.00    0.00    0.00   37.00     7  pgbackrest
03:00:40       26    348577   25.00    3.00    0.00    0.00   28.00    93  pgbackrest
03:00:40       26    348578   39.00    1.00    0.00    0.00   40.00    90  pgbackrest
03:00:40       26    348579   30.00    3.00    0.00    0.00   33.00    50  pgbackrest
03:00:40       26    348580   31.00    5.00    0.00    0.00   36.00    39  pgbackrest
03:00:40       26    348581   33.00    1.00    0.00    0.00   34.00    11  pgbackrest
03:00:40       26    348582   34.00    1.00    0.00    0.00   35.00   101  pgbackrest
03:00:40       26    348583   34.00    4.00    0.00    0.00   38.00   124  pgbackrest
03:00:40       26    348584   34.00    0.00    0.00    0.00   34.00     2  pgbackrest
03:00:40       26    348585   24.00    1.00    0.00    0.00   25.00    72  pgbackrest
03:00:40       26    348586   27.00    1.00    0.00    0.00   28.00    41  pgbackrest
03:00:40       26    348587   28.00    2.00    0.00    0.00   30.00     5  pgbackrest
03:00:40       26    348588   38.00    7.00    0.00    0.00   45.00    95  pgbackrest
03:00:40       26    348589   35.00    3.00    0.00    0.00   38.00    20  pgbackrest
03:00:40       26    348590   45.00    4.00    0.00    0.00   49.00    58  pgbackrest
03:00:40       26    348591   49.00    1.00    0.00    0.00   50.00   115  pgbackrest
03:00:40       26    348592   61.00   13.00    0.00    0.00   74.00   124  pgbackrest
03:00:40       26    348593   57.00   11.00    0.00    0.00   68.00    32  pgbackrest
03:00:40       26    348594   60.00    3.00    0.00    0.00   63.00    82  pgbackrest
03:00:40       26    348595   62.00    6.00    0.00    0.00   68.00    75  pgbackrest
03:00:40       26    348596   72.00    6.00    0.00    0.00   78.00    83  pgbackrest
03:00:40       26    348597   63.00   10.00    0.00    0.00   73.00    97  pgbackrest
03:00:40       26    348598   52.00    1.00    0.00    0.00   53.00    42  pgbackrest
03:00:40       26    348599   61.00    6.00    0.00    0.00   67.00    85  pgbackrest
03:00:40       26    348600   50.00    5.00    0.00    0.00   55.00    10  pgbackrest
03:00:40       26    348601   65.00    3.00    0.00    0.00   68.00    91  pgbackrest
03:00:40       26    348602   58.00    8.00    0.00    0.00   66.00    36  pgbackrest
03:00:40       26    348603   78.00   11.00    0.00    0.00   89.00    59  pgbackrest
03:00:40       26    348604   68.00    5.00    0.00    0.00   73.00    38  pgbackrest
03:00:40       26    348605   54.00    4.00    0.00    0.00   58.00    81  pgbackrest
03:00:40       26    348606   62.00    6.00    0.00    0.00   68.00    29  pgbackrest
03:00:40       26    348607   59.00    6.00    0.00    0.00   65.00    99  pgbackrest
03:00:40       26    348608   50.00    5.00    0.00    0.00   55.00    34  pgbackrest
03:00:40       26    348609   51.00    5.00    0.00    0.00   56.00   121  pgbackrest
03:00:40       26    348610   48.00    7.00    0.00    0.00   55.00    15  pgbackrest
03:00:40       26    348611   59.00    4.00    0.00    0.00   63.00   119  pgbackrest
03:00:40       26    348612   39.00    4.00    0.00    0.00   43.00    37  pgbackrest
03:00:40       26    348613   58.00    3.00    0.00    0.00   61.00    53  pgbackrest
03:00:40       26    348614   56.00    5.00    0.00    0.00   61.00    89  pgbackrest
03:00:40       26    348615   56.00    6.00    0.00    0.00   62.00   122  pgbackrest
03:00:40       26    348616   52.00    5.00    0.00    0.00   57.00    40  pgbackrest
03:00:40       26    348617   61.00    6.00    0.00    0.00   67.00    18  pgbackrest
03:00:40       26    348618   48.00    3.00    0.00    0.00   51.00    43  pgbackrest
03:00:40       26    348619   51.00    2.00    0.00    0.00   53.00    44  pgbackrest
03:00:40       26    348620   54.00   11.00    0.00    0.00   65.00    78  pgbackrest
03:00:40       26    348621   54.00    3.00    0.00    0.00   57.00    14  pgbackrest
03:00:40       26    348622   62.00   12.00    0.00    0.00   74.00    61  pgbackrest
03:00:40       26    348623   63.00    9.00    0.00    0.00   72.00   127  pgbackrest
03:00:40       26    348624   85.00    7.00    0.00    0.00   92.00    80  pgbackrest
03:00:40       26    348625   55.00    5.00    0.00    0.00   60.00     1  pgbackrest
03:00:40       26    348626   61.00    6.00    0.00    0.00   67.00    34  pgbackrest
03:00:40       26    348627   59.00    9.00    0.00    0.00   68.00   126  pgbackrest
03:00:40       26    348628   64.00    5.00    0.00    0.00   69.00    94  pgbackrest
03:00:40       26    348629   39.00    5.00    0.00    0.00   44.00    45  pgbackrest
03:00:40       26    348630   57.00    8.00    0.00    0.00   65.00   110  pgbackrest
03:00:40       26    348631   86.00    7.00    0.00    0.00   93.00     3  pgbackrest
03:00:40       26    348632   64.00    4.00    0.00    0.00   68.00    92  pgbackrest
03:00:40       26    348633   54.00    5.00    0.00    0.00   59.00     6  pgbackrest
03:00:40       26    348634   44.00    3.00    0.00    0.00   47.00    49  pgbackrest

03:00:40      UID       PID    %usr %system  %guest   %wait    %CPU   CPU  Command
03:00:41        0     10017    0.00    1.00    0.00    0.00    1.00    42  irqbalance
03:00:41        0     10676    1.00    0.00    0.00    0.00    1.00    47  containerd
03:00:41        0     10742    1.00    0.00    0.00    0.00    1.00    84  kubelet
03:00:41        0     11164    0.00    1.00    0.00    0.00    1.00    11  kworker/11:2-events
03:00:41        0    325312    0.00    1.00    0.00    0.00    1.00   113  kworker/u514:12-events_unbound
03:00:41        0    344090    0.00    1.00    0.00    1.00    1.00    96  kworker/96:0-events
03:00:41        0    348424    1.00    3.00    0.00    0.00    4.00    88  pidstat
03:00:41        0    348484    1.00    0.00    0.00    0.00    1.00    21  sadc
03:00:41       26    348547    4.00    1.00    0.00    0.00    5.00    13  pgbackrest
03:00:41       26    348572   46.00    2.00    0.00    0.00   48.00    68  pgbackrest
03:00:41       26    348573   40.00    4.00    0.00    0.00   44.00   112  pgbackrest
03:00:41       26    348574   34.00    5.00    0.00    0.00   39.00    84  pgbackrest
03:00:41       26    348575   47.00    4.00    0.00    0.00   51.00   100  pgbackrest
03:00:41       26    348576   40.00    3.00    0.00    0.00   43.00     7  pgbackrest
03:00:41       26    348577   33.00    3.00    0.00    0.00   36.00    93  pgbackrest
03:00:41       26    348578   34.00    5.00    0.00    0.00   39.00    90  pgbackrest
03:00:41       26    348579   23.00    3.00    0.00    0.00   26.00    50  pgbackrest
03:00:41       26    348580   29.00    2.00    0.00    0.00   31.00    39  pgbackrest
03:00:41       26    348581   37.00    2.00    0.00    0.00   39.00    17  pgbackrest
03:00:41       26    348582   27.00    0.00    0.00    0.00   27.00   101  pgbackrest
03:00:41       26    348583   42.00   10.00    0.00    0.00   52.00    86  pgbackrest
03:00:41       26    348584   24.00    3.00    0.00    0.00   27.00     2  pgbackrest
03:00:41       26    348585   29.00    2.00    0.00    0.00   31.00    88  pgbackrest
03:00:41       26    348586   31.00    7.00    0.00    0.00   38.00    41  pgbackrest
03:00:41       26    348587   23.00    3.00    0.00    0.00   26.00     5  pgbackrest
03:00:41       26    348588   21.00    1.00    0.00    0.00   22.00    95  pgbackrest
03:00:41       26    348589    1.00    0.00    0.00    0.00    1.00    20  pgbackrest
03:00:41       26    348590    1.00    0.00    0.00    0.00    1.00    12  pgbackrest
03:00:41       26    348592    1.00    0.00    0.00    0.00    1.00    37  pgbackrest
03:00:41       26    348593   88.00    9.00    0.00    0.00   97.00    32  pgbackrest
03:00:41       26    348595   90.00    9.00    0.00    0.00   99.00    42  pgbackrest
03:00:41       26    348596    4.00    0.00    0.00    0.00    4.00    43  pgbackrest
03:00:41       26    348597    1.00    0.00    0.00    0.00    1.00    97  pgbackrest
03:00:41       26    348598    1.00    0.00    0.00    0.00    1.00    21  pgbackrest
03:00:41       26    348600   42.00    5.00    0.00    0.00   47.00    10  pgbackrest
03:00:41       26    348601    1.00    0.00    0.00    0.00    1.00    46  pgbackrest
03:00:41       26    348602   87.00   10.00    0.00    0.00   97.00    98  pgbackrest
03:00:41       26    348603   27.00    2.00    0.00    0.00   29.00    59  pgbackrest
03:00:41       26    348604   27.00    5.00    0.00    0.00   32.00    38  pgbackrest
03:00:41       26    348605    1.00    0.00    0.00    0.00    1.00    81  pgbackrest
03:00:41       26    348606   73.00    9.00    0.00    0.00   82.00    15  pgbackrest
03:00:41       26    348607   59.00    9.00    0.00    0.00   68.00    99  pgbackrest
03:00:41       26    348610   79.00    8.00    0.00    0.00   87.00     8  pgbackrest
03:00:41       26    348611   87.00   10.00    0.00    0.00   97.00   119  pgbackrest
03:00:41       26    348612    1.00    0.00    0.00    0.00    1.00    48  pgbackrest
03:00:41       26    348613   87.00    8.00    0.00    0.00   95.00    53  pgbackrest
03:00:41       26    348616    1.00    0.00    0.00    0.00    1.00     3  pgbackrest
03:00:41       26    348617   89.00    6.00    0.00    0.00   95.00    25  pgbackrest
03:00:41       26    348618    1.00    1.00    0.00    0.00    2.00    56  pgbackrest
03:00:41       26    348620   85.00   15.00    0.00    0.00  100.00    78  pgbackrest
03:00:41       26    348621    1.00    0.00    0.00    0.00    1.00    60  pgbackrest
03:00:41       26    348622   90.00   10.00    0.00    0.00  100.00    61  pgbackrest
03:00:41       26    348623   88.00   11.00    0.00    0.00   99.00   127  pgbackrest
03:00:41       26    348624   23.00    2.00    0.00    0.00   25.00    80  pgbackrest
03:00:41       26    348625   95.00    4.00    0.00    0.00   99.00     1  pgbackrest
03:00:41       26    348627   88.00   12.00    0.00    0.00  100.00   126  pgbackrest
03:00:41       26    348629    1.00    0.00    0.00    0.00    1.00   124  pgbackrest
03:00:41       26    348630    0.00    1.00    0.00    0.00    1.00   110  pgbackrest
03:00:41       26    348631    2.00    0.00    0.00    0.00    2.00     3  pgbackrest
03:00:41       26    348633    0.00    1.00    0.00    0.00    1.00    55  pgbackrest
03:00:41       26    348634   87.00    8.00    0.00    0.00   95.00    49  pgbackrest
03:00:41       26    348635    1.00    0.00    0.00    0.00    1.00    79  pgbackrest

03:00:41      UID       PID    %usr %system  %guest   %wait    %CPU   CPU  Command
03:00:42        0       505    0.00    1.00    0.00    0.00    1.00    96  ksoftirqd/96
03:00:42        0     10676    0.00    1.00    0.00    0.00    1.00    47  containerd
03:00:42        0     10742    2.00    0.00    0.00    0.00    2.00    84  kubelet
03:00:42        0    348424    1.00    2.00    0.00    0.00    3.00    88  pidstat
03:00:42       26    348547    2.00    2.00    0.00    0.00    4.00    22  pgbackrest
03:00:42       26    348572   35.00    5.00    0.00    0.00   40.00    68  pgbackrest
03:00:42       26    348573   39.00    6.00    0.00    0.00   45.00   112  pgbackrest
03:00:42       26    348574   39.00    2.00    0.00    0.00   41.00    84  pgbackrest
03:00:42       26    348575   39.00    4.00    0.00    0.00   43.00   100  pgbackrest
03:00:42       26    348576   44.00    3.00    0.00    0.00   47.00     9  pgbackrest
03:00:42       26    348577   31.00    2.00    0.00    0.00   33.00    93  pgbackrest
03:00:42       26    348578   40.00    2.00    0.00    0.00   42.00    90  pgbackrest
03:00:42       26    348579   28.00    6.00    0.00    0.00   34.00    50  pgbackrest
03:00:42       26    348580   35.00    4.00    0.00    0.00   39.00    83  pgbackrest
03:00:42       26    348581   31.00    5.00    0.00    0.00   36.00    81  pgbackrest
03:00:42       26    348582   35.00    6.00    0.00    0.00   41.00   101  pgbackrest
03:00:42       26    348583   35.00    3.00    0.00    0.00   38.00    86  pgbackrest
03:00:42       26    348584   29.00    2.00    0.00    0.00   31.00     2  pgbackrest
03:00:42       26    348585   28.00    2.00    0.00    0.00   30.00    89  pgbackrest
03:00:42       26    348586   32.00    3.00    0.00    0.00   35.00    41  pgbackrest
03:00:42       26    348587   24.00    3.00    0.00    0.00   27.00     5  pgbackrest
03:00:42       26    348588   25.00    1.00    0.00    0.00   26.00    95  pgbackrest
03:00:42       26    348590    1.00    0.00    0.00    0.00    1.00    12  pgbackrest
03:00:42       26    348591    1.00    0.00    0.00    0.00    1.00   106  pgbackrest
03:00:42       26    348592    0.00    1.00    0.00    0.00    1.00   124  pgbackrest
03:00:42       26    348593   82.00   11.00    0.00    0.00   93.00    32  pgbackrest
03:00:42       26    348595   71.00   12.00    0.00    0.00   83.00    42  pgbackrest
03:00:42       26    348598    1.00    0.00    0.00    0.00    1.00   107  pgbackrest
03:00:42       26    348600   36.00    6.00    0.00    0.00   42.00    10  pgbackrest
03:00:42       26    348602   70.00   11.00    0.00    0.00   81.00    98  pgbackrest
03:00:42       26    348604    1.00    0.00    0.00    0.00    1.00   124  pgbackrest
03:00:42       26    348606   82.00    9.00    0.00    0.00   91.00    15  pgbackrest
03:00:42       26    348608    1.00    0.00    0.00    0.00    1.00    88  pgbackrest
03:00:42       26    348609    1.00    0.00    0.00    0.00    1.00    94  pgbackrest
03:00:42       26    348610   80.00    4.00    0.00    0.00   84.00    71  pgbackrest
03:00:42       26    348611   57.00    5.00    0.00    0.00   62.00   119  pgbackrest
03:00:42       26    348613   74.00    5.00    0.00    0.00   79.00    53  pgbackrest
03:00:42       26    348614    1.00    0.00    0.00    0.00    1.00    94  pgbackrest
03:00:42       26    348615    0.00    1.00    0.00    0.00    1.00     3  pgbackrest
03:00:42       26    348616    1.00    0.00    0.00    0.00    1.00    21  pgbackrest
03:00:42       26    348617    1.00    0.00    0.00    0.00    1.00    25  pgbackrest
03:00:42       26    348619    1.00    0.00    0.00    0.00    1.00    77  pgbackrest
03:00:42       26    348620   73.00    6.00    0.00    0.00   79.00    14  pgbackrest
03:00:42       26    348621    1.00    0.00    0.00    0.00    1.00     6  pgbackrest
03:00:42       26    348622   42.00    7.00    0.00    0.00   49.00    61  pgbackrest
03:00:42       26    348623   33.00    6.00    0.00    0.00   39.00    23  pgbackrest
03:00:42       26    348625   60.00    6.00    0.00    0.00   66.00     1  pgbackrest
03:00:42       26    348627   46.00    7.00    0.00    0.00   53.00   126  pgbackrest
03:00:42       26    348629    1.00    0.00    0.00    0.00    1.00   124  pgbackrest
03:00:42       26    348630    0.00    1.00    0.00    0.00    1.00     3  pgbackrest
03:00:42       26    348631    1.00    0.00    0.00    0.00    1.00    67  pgbackrest
03:00:42       26    348632    1.00    0.00    0.00    0.00    1.00    28  pgbackrest
03:00:42       26    348633    1.00    0.00    0.00    0.00    1.00    55  pgbackrest
03:00:42       26    348634   80.00    5.00    0.00    0.00   85.00    33  pgbackrest
03:00:42       26    348635    1.00    0.00    0.00    0.00    1.00    79  pgbackrest

03:00:42      UID       PID    %usr %system  %guest   %wait    %CPU   CPU  Command
03:00:43        0     10676    0.00    1.00    0.00    0.00    1.00    47  containerd
03:00:43    65532     13841    1.00    0.00    0.00    0.00    1.00   117  coredns
03:00:43        0    348424    0.00    2.00    0.00    0.00    2.00    88  pidstat
03:00:43       26    348572   45.00    1.00    0.00    0.00   46.00     4  pgbackrest
03:00:43       26    348573   44.00    2.00    0.00    0.00   46.00   112  pgbackrest
03:00:43       26    348574   38.00    4.00    0.00    0.00   42.00    84  pgbackrest
03:00:43       26    348575   47.00    1.00    0.00    0.00   48.00   100  pgbackrest
03:00:43       26    348576   36.00    8.00    0.00    0.00   44.00     9  pgbackrest
03:00:43       26    348577   31.00    1.00    0.00    0.00   32.00    93  pgbackrest
03:00:43       26    348578   36.00    1.00    0.00    0.00   37.00    90  pgbackrest
03:00:43       26    348579   35.00    3.00    0.00    0.00   38.00    50  pgbackrest
03:00:43       26    348580   36.00    4.00    0.00    0.00   40.00    49  pgbackrest
03:00:43       26    348581   34.00    4.00    0.00    0.00   38.00    81  pgbackrest
03:00:43       26    348582   34.00    4.00    0.00    0.00   38.00   101  pgbackrest
03:00:43       26    348583   36.00    3.00    0.00    0.00   39.00    32  pgbackrest
03:00:43       26    348584   16.00    5.00    0.00    0.00   21.00     2  pgbackrest
03:00:43       26    348585   29.00    0.00    0.00    0.00   29.00    89  pgbackrest
03:00:43       26    348586   30.00    2.00    0.00    0.00   32.00    41  pgbackrest
03:00:43       26    348587   24.00    3.00    0.00    0.00   27.00     5  pgbackrest
03:00:43       26    348588   29.00    3.00    0.00    0.00   32.00    95  pgbackrest
03:00:43       26    348593    1.00    0.00    0.00    0.00    1.00    32  pgbackrest
03:00:43       26    348600   40.00    3.00    0.00    0.00   43.00    10  pgbackrest
03:00:43       26    348605    0.00    1.00    0.00    0.00    1.00    92  pgbackrest
03:00:43       26    348606    5.00    1.00    0.00    0.00    6.00    15  pgbackrest
03:00:43       26    348610   10.00    1.00    0.00    0.00   11.00    71  pgbackrest
03:00:43       26    348613    1.00    0.00    0.00    0.00    1.00    53  pgbackrest
03:00:43       26    348634    1.00    0.00    0.00    0.00    1.00    33  pgbackrest

03:00:43      UID       PID    %usr %system  %guest   %wait    %CPU   CPU  Command
03:00:44        0     10676   11.00    0.00    0.00    0.00   11.00    47  containerd
03:00:44        0     10742    3.00    0.00    0.00    0.00    3.00    84  kubelet
03:00:44    10001     39866    0.00    1.00    0.00    0.00    1.00    66  manager
03:00:44        0     43165    1.00    0.00    0.00    0.00    1.00   123  containerd-shim
03:00:44    10001     44757    1.00    0.00    0.00    0.00    1.00    41  manager
03:00:44        0    348298    1.00    1.00    0.00    0.00    2.00   104  containerd-shim
03:00:44        0    348424    1.00    2.00    0.00    0.00    3.00    88  pidstat
03:00:44       26    348572   28.00    4.00    0.00    0.00   32.00     4  pgbackrest
03:00:44       26    348573   30.00    2.00    0.00    0.00   32.00   112  pgbackrest
03:00:44       26    348574   41.00    2.00    0.00    0.00   43.00    84  pgbackrest
03:00:44       26    348575   34.00    2.00    0.00    0.00   36.00   100  pgbackrest
03:00:44       26    348576   36.00    2.00    0.00    0.00   38.00     9  pgbackrest
03:00:44       26    348577   16.00    0.00    0.00    0.00   16.00    93  pgbackrest
03:00:44       26    348578   28.00    2.00    0.00    0.00   30.00    90  pgbackrest
03:00:44       26    348579   23.00    3.00    0.00    0.00   26.00    50  pgbackrest
03:00:44       26    348580   32.00    7.00    0.00    0.00   39.00    49  pgbackrest
03:00:44       26    348581   31.00    4.00    0.00    0.00   35.00    81  pgbackrest
03:00:44       26    348582   29.00    4.00    0.00    0.00   33.00   101  pgbackrest
03:00:44       26    348583   41.00    4.00    0.00    0.00   45.00    32  pgbackrest
03:00:44       26    348584   26.00    0.00    0.00    0.00   26.00     2  pgbackrest
03:00:44       26    348585   29.00    3.00    0.00    0.00   32.00    89  pgbackrest
03:00:44       26    348586   37.00    0.00    0.00    0.00   37.00    41  pgbackrest
03:00:44       26    348587   24.00    2.00    0.00    0.00   26.00     5  pgbackrest
03:00:44       26    348588   29.00    2.00    0.00    0.00   31.00    95  pgbackrest
03:00:44       26    348600   40.00    2.00    0.00    0.00   42.00    10  pgbackrest
03:00:44       26    348607   79.00    4.00    0.00    0.00   83.00    99  pgbackrest
03:00:44       26    348621    0.00    1.00    0.00    0.00    1.00     6  pgbackrest
03:00:44       26    348626   22.00    4.00    0.00    0.00   26.00    34  pgbackrest

03:00:44      UID       PID    %usr %system  %guest   %wait    %CPU   CPU  Command
03:00:45        0       465    0.00    1.00    0.00    0.00    1.00    88  ksoftirqd/88
03:00:45        0     10676    2.00    0.00    0.00    0.00    2.00    47  containerd
03:00:45        0     10742    3.00    0.00    0.00    0.00    3.00    84  kubelet
03:00:45    65532     45947    1.00    0.00    0.00    0.00    1.00    89  manager
03:00:45        0    348424    2.00    2.00    0.00    0.00    4.00    88  pidstat
03:00:45        0    348442    1.00    0.00    0.00    0.00    1.00   116  iostat
03:00:45       26    348572    7.00    0.00    0.00    0.00    7.00     4  pgbackrest
03:00:45       26    348573   12.00    1.00    0.00    0.00   13.00   112  pgbackrest
03:00:45       26    348574   13.00    0.00    0.00    0.00   13.00    84  pgbackrest
03:00:45       26    348575    3.00    1.00    0.00    0.00    4.00   100  pgbackrest
03:00:45       26    348576   21.00    4.00    0.00    0.00   25.00     9  pgbackrest
03:00:45       26    348577   25.00    0.00    0.00    0.00   25.00    93  pgbackrest
03:00:45       26    348578   35.00    5.00    0.00    0.00   40.00    26  pgbackrest
03:00:45       26    348579   28.00    4.00    0.00    0.00   32.00    50  pgbackrest
03:00:45       26    348580   38.00    3.00    0.00    0.00   41.00    49  pgbackrest
03:00:45       26    348581   26.00    4.00    0.00    0.00   30.00    17  pgbackrest
03:00:45       26    348582   27.00    4.00    0.00    0.00   31.00   101  pgbackrest
03:00:45       26    348583   12.00    3.00    0.00    0.00   15.00    32  pgbackrest
03:00:45       26    348584   21.00    2.00    0.00    0.00   23.00     2  pgbackrest
03:00:45       26    348585   26.00    1.00    0.00    0.00   27.00    89  pgbackrest
03:00:45       26    348586   29.00    2.00    0.00    0.00   31.00    41  pgbackrest
03:00:45       26    348587   25.00    1.00    0.00    0.00   26.00     5  pgbackrest
03:00:45       26    348588   25.00    3.00    0.00    0.00   28.00    95  pgbackrest
03:00:45       26    348600   40.00    2.00    0.00    0.00   42.00    10  pgbackrest
03:00:45       26    348607   11.00    1.00    0.00    0.00   12.00    99  pgbackrest
03:00:45       26    348626    7.00    0.00    0.00    0.00    7.00    34  pgbackrest

03:00:45      UID       PID    %usr %system  %guest   %wait    %CPU   CPU  Command
03:00:46        0     10742    9.00    0.00    0.00    0.00    9.00    84  kubelet
03:00:46     1000     18237    1.00    0.00    0.00    0.00    1.00    40  metrics-server
03:00:46        0    348424    3.00    0.00    0.00    0.00    3.00    88  pidstat
03:00:46       26    348547    1.00    1.00    0.00    0.00    2.00    22  pgbackrest
03:00:46       26    348577   22.00    1.00    0.00    0.00   23.00    93  pgbackrest
03:00:46       26    348578    6.00    0.00    0.00    0.00    6.00    26  pgbackrest
03:00:46       26    348579   32.00    5.00    0.00    0.00   37.00    50  pgbackrest
03:00:46       26    348580   16.00    1.00    0.00    0.00   17.00    49  pgbackrest
03:00:46       26    348581   35.00    1.00    0.00    0.00   36.00    17  pgbackrest
03:00:46       26    348582   25.00    2.00    0.00    0.00   27.00   101  pgbackrest
03:00:46       26    348584   26.00    3.00    0.00    0.00   29.00     2  pgbackrest
03:00:46       26    348585   24.00    2.00    0.00    0.00   26.00    89  pgbackrest
03:00:46       26    348586   35.00    1.00    0.00    0.00   36.00    41  pgbackrest
03:00:46       26    348587   22.00    4.00    0.00    0.00   26.00     5  pgbackrest
03:00:46       26    348588   28.00    2.00    0.00    0.00   30.00    95  pgbackrest
03:00:46       26    348600   34.00    1.00    0.00    0.00   35.00    10  pgbackrest

03:00:46      UID       PID    %usr %system  %guest   %wait    %CPU   CPU  Command
03:00:47        0         1    0.00    1.00    0.00    0.00    1.00    49  systemd
03:00:47        0     10676    2.00    0.00    0.00    0.00    2.00    47  containerd
03:00:47        0     10742    2.00    0.00    0.00    0.00    2.00    84  kubelet
03:00:47        0     10857    1.00    0.00    0.00    0.00    1.00    18  containerd-shim
03:00:47    65532     13838    1.00    0.00    0.00    0.00    1.00    90  coredns
03:00:47     1000     18234    1.00    0.00    0.00    0.00    1.00    93  metrics-server
03:00:47    10001     47172    0.00    1.00    0.00    0.00    1.00    42  cnpg-i-pgbackre
03:00:47        0    348424    1.00    2.00    0.00    0.00    3.00    88  pidstat
03:00:47       26    348547    1.00    0.00    0.00    0.00    1.00    22  pgbackrest
03:00:47       26    348577   24.00    1.00    0.00    0.00   25.00    93  pgbackrest
03:00:47       26    348579   35.00    3.00    0.00    0.00   38.00    50  pgbackrest
03:00:47       26    348581    5.00    1.00    0.00    0.00    6.00    17  pgbackrest
03:00:47       26    348582   16.00    2.00    0.00    0.00   18.00   101  pgbackrest
03:00:47       26    348584   20.00    1.00    0.00    0.00   21.00     2  pgbackrest
03:00:47       26    348585   24.00    2.00    0.00    0.00   26.00    25  pgbackrest
03:00:47       26    348586   40.00    2.00    0.00    0.00   42.00    41  pgbackrest
03:00:47       26    348587   20.00    1.00    0.00    0.00   21.00     5  pgbackrest
03:00:47       26    348588   30.00    2.00    0.00    0.00   32.00    95  pgbackrest
03:00:47       26    348600   34.00    1.00    0.00    0.00   35.00    10  pgbackrest

03:00:47      UID       PID    %usr %system  %guest   %wait    %CPU   CPU  Command
03:00:48        0      2175    1.00    0.00    0.00    0.00    1.00   108  kworker/108:1-mm_percpu_wq
03:00:48        0     10742    1.00    0.00    0.00    0.00    1.00    84  kubelet
03:00:48     1000     18234    0.00    1.00    0.00    0.00    1.00    93  metrics-server
03:00:48        0    348424    2.00    0.00    0.00    0.00    2.00    88  pidstat
03:00:48       26    348547    1.00    0.00    0.00    0.00    1.00    22  pgbackrest
03:00:48       26    348577   15.00    0.00    0.00    0.00   15.00    93  pgbackrest
03:00:48       26    348579   35.00    2.00    0.00    0.00   37.00    50  pgbackrest
03:00:48       26    348584   20.00    0.00    0.00    0.00   20.00     2  pgbackrest
03:00:48       26    348585   27.00    1.00    0.00    0.00   28.00    25  pgbackrest
03:00:48       26    348587   24.00    2.00    0.00    0.00   26.00     5  pgbackrest
03:00:48       26    348588   17.00    1.00    0.00    0.00   18.00    95  pgbackrest
03:00:48       26    348600   39.00    3.00    0.00    0.00   42.00    10  pgbackrest

03:00:48      UID       PID    %usr %system  %guest   %wait    %CPU   CPU  Command
03:00:49        0     10742    2.00    0.00    0.00    0.00    2.00    84  kubelet
03:00:49        0     42063    1.00    0.00    0.00    0.00    1.00    12  containerd-shim
03:00:49       26    338220    1.00    0.00    0.00    0.00    1.00    66  manager
03:00:49        0    348424    2.00    1.00    0.00    0.00    3.00    88  pidstat
03:00:49        0    348460    1.00    0.00    0.00    0.00    1.00    24  sar
03:00:49       26    348577   21.00    4.00    0.00    0.00   25.00    93  pgbackrest
03:00:49       26    348584   19.00    2.00    0.00    0.00   21.00     2  pgbackrest
03:00:49       26    348587   20.00    1.00    0.00    0.00   21.00     5  pgbackrest
03:00:49       26    348600   31.00    1.00    0.00    0.00   32.00    10  pgbackrest

03:00:49      UID       PID    %usr %system  %guest   %wait    %CPU   CPU  Command
03:00:50        0     10676    1.00    0.00    0.00    0.00    1.00    47  containerd
03:00:50        0     10742    1.00    0.00    0.00    0.00    1.00    84  kubelet
03:00:50        0     10857    1.00    0.00    0.00    0.00    1.00    18  containerd-shim
03:00:50        0     10858    1.00    0.00    0.00    0.00    1.00    62  containerd-shim
03:00:50        0     43234    1.00    0.00    0.00    0.00    1.00   109  containerd-shim
03:00:50        0    348424    2.00    1.00    0.00    0.00    3.00    88  pidstat
03:00:50       26    348577   12.00    1.00    0.00    0.00   13.00    93  pgbackrest
03:00:50       26    348587   17.00    1.00    0.00    0.00   18.00     5  pgbackrest
03:00:50       26    348600   27.00    2.00    0.00    0.00   29.00    10  pgbackrest

03:00:50      UID       PID    %usr %system  %guest   %wait    %CPU   CPU  Command
03:00:51        0      2200    0.00    1.00    0.00    0.00    1.00    43  kworker/43:2-mm_percpu_wq
03:00:51        0     10017    0.00    1.00    0.00    0.00    1.00    42  irqbalance
03:00:51        0    348424    1.00    1.00    0.00    0.00    2.00    88  pidstat
03:00:51       26    348547    1.00    1.00    0.00    0.00    2.00    22  pgbackrest
03:00:51       26    348580   15.00    1.00    0.00    0.00   16.00    49  pgbackrest

03:00:51      UID       PID    %usr %system  %guest   %wait    %CPU   CPU  Command
03:00:52        0     10676    0.00    1.00    0.00    0.00    1.00    47  containerd
03:00:52        0     10742    3.00    0.00    0.00    0.00    3.00    84  kubelet
03:00:52    65532     13841    1.00    0.00    0.00    0.00    1.00   117  coredns
03:00:52     1000     18237    0.00    1.00    0.00    0.00    1.00    40  metrics-server
03:00:52        0     39726    1.00    0.00    0.00    0.00    1.00   121  containerd-shim
03:00:52    65532     43438    0.00    1.00    0.00    0.00    1.00    43  controller
03:00:52       26    338082    1.00    0.00    0.00    0.00    1.00    73  manager
03:00:52        0    348424    0.00    2.00    0.00    0.00    2.00    88  pidstat
03:00:52       26    348547    3.00    0.00    0.00    0.00    3.00   124  pgbackrest
03:00:52       26    348749    4.00    0.00    0.00    0.00    4.00   124  manager
03:00:52       26    348769    6.00    1.00    0.00    0.00    7.00    28  pgbackrest

03:00:52      UID       PID    %usr %system  %guest   %wait    %CPU   CPU  Command
03:00:53        0     10676    1.00    0.00    0.00    0.00    1.00    47  containerd
03:00:53    10001     39866    1.00    0.00    0.00    0.00    1.00    66  manager
03:00:53       26    338220    1.00    0.00    0.00    0.00    1.00    66  manager
03:00:53        0    348424    1.00    2.00    0.00    0.00    3.00    88  pidstat

03:00:53      UID       PID    %usr %system  %guest   %wait    %CPU   CPU  Command
03:00:54        0     10742    2.00    0.00    0.00    0.00    2.00    84  kubelet
03:00:54    65532     13838    1.00    0.00    0.00    0.00    1.00    90  coredns
03:00:54        0     17072    0.00    1.00    0.00    0.00    1.00    87  containerd-shim
03:00:54        0    337978    1.00    0.00    0.00    0.00    1.00    84  containerd-shim
03:00:54        0    348424    1.00    2.00    0.00    0.00    3.00    88  pidstat

03:00:54      UID       PID    %usr %system  %guest   %wait    %CPU   CPU  Command
03:00:55        0     10676    0.00    2.00    0.00    0.00    2.00    47  containerd
03:00:55        0     10742    1.00    0.00    0.00    0.00    1.00    84  kubelet
03:00:55    10001     44757    0.00    1.00    0.00    0.00    1.00    41  manager
03:00:55        0    348424    0.00    2.00    0.00    0.00    2.00    88  pidstat

03:00:55      UID       PID    %usr %system  %guest   %wait    %CPU   CPU  Command
03:00:56        0     10676    1.00    0.00    0.00    0.00    1.00    47  containerd
03:00:56        0     10742   10.00    0.00    0.00    0.00   10.00    84  kubelet
03:00:56     1000     18237    1.00    0.00    0.00    0.00    1.00    40  metrics-server
03:00:56        0    348424    1.00    1.00    0.00    0.00    2.00    88  pidstat

03:00:56      UID       PID    %usr %system  %guest   %wait    %CPU   CPU  Command
03:00:57        0     10676    1.00    0.00    0.00    0.00    1.00    47  containerd
03:00:57        0    348424    2.00    0.00    0.00    0.00    2.00    88  pidstat

03:00:57      UID       PID    %usr %system  %guest   %wait    %CPU   CPU  Command
03:00:58        0     10742    2.00    0.00    0.00    0.00    2.00    84  kubelet
03:00:58        0     13727    1.00    0.00    0.00    0.00    1.00    46  containerd-shim
03:00:58        0    348298    1.00    0.00    0.00    0.00    1.00   104  containerd-shim
03:00:58        0    348424    1.00    1.00    0.00    0.00    2.00    88  pidstat
03:00:58        0    348442    1.00    0.00    0.00    0.00    1.00   116  iostat
