Linux 6.12.88-119.157.amzn2023.x86_64 (ip-192-168-58-166.ec2.internal) 	06/04/26 	_x86_64_	(128 CPU)

02:48:54      UID       PID    %usr %system  %guest   %wait    %CPU   CPU  Command
02:48:55        0     10713    0.00    0.97    0.00    0.00    0.97    70  containerd
02:48:55        0     10779    0.97    0.97    0.00    0.00    1.94   101  kubelet
02:48:55        0     17233    0.97    0.00    0.00    0.00    0.97    67  containerd-shim
02:48:55    10001     28603    0.97    0.00    0.00    0.00    0.97   108  manager
02:48:55        0     32124    0.97    0.00    0.00    0.00    0.97    36  containerd-shim
02:48:55    10001     36048    0.97    0.00    0.00    0.00    0.97    58  cnpg-i-pgbackre
02:48:55        0    281255    0.97    0.97    0.00    0.00    1.94    63  containerd-shim
02:48:55       26    281496    0.97    0.00    0.00    0.00    0.97    41  manager
02:48:55        0    292863    0.97    0.00    0.00    0.00    0.97    19  containerd-shim
02:48:55        0    293017    0.97    1.94    0.00    0.00    2.91     1  pidstat

02:48:55      UID       PID    %usr %system  %guest   %wait    %CPU   CPU  Command
02:48:56        0      2217    1.00    0.00    0.00    0.00    1.00   100  kworker/100:1-mm_percpu_wq
02:48:56        0     10713    8.00    3.00    0.00    0.00   11.00    70  containerd
02:48:56        0     10779    1.00    0.00    0.00    0.00    1.00   101  kubelet
02:48:56     1000     17354    1.00    0.00    0.00    0.00    1.00    62  metrics-server
02:48:56    10001     28603    1.00    0.00    0.00    0.00    1.00   108  manager
02:48:56    65532     32181    1.00    0.00    0.00    0.00    1.00    30  cainjector
02:48:56       26    281361    0.00    1.00    0.00    0.00    1.00    49  manager
02:48:56       26    281496    1.00    1.00    0.00    0.00    2.00    41  manager
02:48:56        0    293017    0.00    2.00    0.00    0.00    2.00     1  pidstat
02:48:56       26    293085    6.00    2.00    0.00    0.00    8.00    61  pgbackrest
02:48:56       26    293086    1.00    0.00    0.00    0.00    1.00    14  postgres

02:48:56      UID       PID    %usr %system  %guest   %wait    %CPU   CPU  Command
02:48:57        0        65    0.00    2.00    0.00    0.00    2.00     9  ksoftirqd/9
02:48:57        0       465    0.00    1.00    0.00    1.00    1.00    88  ksoftirqd/88
02:48:57        0       556    0.00    3.00    0.00    0.00    3.00   106  ksoftirqd/106
02:48:57        0       607    0.00    2.00    0.00    0.00    2.00   116  ksoftirqd/116
02:48:57        0       647    0.00    2.00    0.00    0.00    2.00   124  ksoftirqd/124
02:48:57        0     10713    1.00    1.00    0.00    0.00    2.00    70  containerd
02:48:57        0     10779    2.00    7.00    0.00    0.00    9.00   101  kubelet
02:48:57    65532     13836    2.00    7.00    0.00    0.00    9.00   124  coredns
02:48:57    65532     13844    5.00    3.00    0.00    0.00    8.00   108  coredns
02:48:57     1000     17351    1.00    0.00    0.00    0.00    1.00    28  metrics-server
02:48:57        0     18810    1.00    0.00    0.00    7.00    1.00    24  xfsaild/nvme1n1
02:48:57        0     34734    1.00    0.00    0.00    0.00    1.00    73  containerd-shim
02:48:57        0    292962    1.00    0.00    0.00    0.00    1.00    67  iostat
02:48:57        0    293017    1.00    3.00    0.00    0.00    4.00     1  pidstat
02:48:57       26    293085    2.00    5.00    0.00    1.00    7.00    12  pgbackrest
02:48:57       26    293108   17.00    6.00    0.00    5.00   23.00    63  pgbackrest
02:48:57       26    293109   19.00    3.00    0.00    0.00   22.00    38  pgbackrest
02:48:57       26    293110   19.00    3.00    0.00    0.00   22.00    25  pgbackrest
02:48:57       26    293111   14.00    4.00    0.00    3.00   18.00   100  pgbackrest
02:48:57       26    293112   21.00    5.00    0.00    1.00   26.00    94  pgbackrest
02:48:57       26    293113   17.00    2.00    0.00    2.00   19.00    53  pgbackrest
02:48:57       26    293114   16.00    1.00    0.00    2.00   17.00    20  pgbackrest
02:48:57       26    293115   15.00    6.00    0.00    0.00   21.00    24  pgbackrest
02:48:57       26    293116   18.00    2.00    0.00    4.00   20.00   110  pgbackrest
02:48:57       26    293117   17.00    4.00    0.00    1.00   21.00    93  pgbackrest
02:48:57       26    293118   15.00    5.00    0.00    5.00   20.00   105  pgbackrest
02:48:57       26    293119   15.00    5.00    0.00    6.00   20.00    18  pgbackrest
02:48:57       26    293120   19.00    3.00    0.00    6.00   22.00    70  pgbackrest
02:48:57       26    293121   20.00    4.00    0.00    1.00   24.00   127  pgbackrest
02:48:57       26    293122   21.00    2.00    0.00    6.00   23.00   118  pgbackrest
02:48:57       26    293123   15.00    6.00    0.00    0.00   21.00    69  pgbackrest
02:48:57       26    293124   18.00    4.00    0.00    2.00   22.00   113  pgbackrest
02:48:57       26    293125   25.00    5.00    0.00    0.00   30.00    80  pgbackrest
02:48:57       26    293126   23.00    5.00    0.00    0.00   28.00   125  pgbackrest
02:48:57       26    293127   21.00    6.00    0.00    0.00   27.00   125  pgbackrest
02:48:57       26    293128   24.00    3.00    0.00    4.00   27.00    23  pgbackrest
02:48:57       26    293129   24.00    2.00    0.00    4.00   26.00    67  pgbackrest
02:48:57       26    293130   25.00    2.00    0.00    4.00   27.00     3  pgbackrest
02:48:57       26    293131   25.00    6.00    0.00    0.00   31.00    19  pgbackrest
02:48:57       26    293132   25.00    2.00    0.00    4.00   27.00   119  pgbackrest
02:48:57       26    293133   29.00    2.00    0.00    0.00   31.00   120  pgbackrest
02:48:57       26    293134   21.00    5.00    0.00    4.00   26.00   121  pgbackrest
02:48:57       26    293135   29.00    1.00    0.00    0.00   30.00    26  pgbackrest
02:48:57       26    293136   24.00    2.00    0.00    4.00   26.00   122  pgbackrest
02:48:57       26    293137   26.00    2.00    0.00    4.00   28.00    77  pgbackrest
02:48:57       26    293138   22.00    4.00    0.00    4.00   26.00     8  pgbackrest
02:48:57       26    293139   22.00    5.00    0.00    0.00   27.00   125  pgbackrest
02:48:57       26    293140   28.00    2.00    0.00    0.00   30.00    79  pgbackrest
02:48:57       26    293141   27.00    3.00    0.00    0.00   30.00    95  pgbackrest
02:48:57       26    293142   24.00    3.00    0.00    2.00   27.00   125  pgbackrest
02:48:57       26    293143   22.00    6.00    0.00    0.00   28.00    41  pgbackrest
02:48:57       26    293144   27.00    0.00    0.00    5.00   27.00    35  pgbackrest
02:48:57       26    293145   28.00    5.00    0.00    0.00   33.00    57  pgbackrest
02:48:57       26    293146   24.00    5.00    0.00    1.00   29.00    36  pgbackrest
02:48:57       26    293147   22.00    6.00    0.00    0.00   28.00    24  pgbackrest
02:48:57       26    293148   23.00    3.00    0.00    0.00   26.00    43  pgbackrest
02:48:57       26    293149   29.00    4.00    0.00    0.00   33.00    91  pgbackrest
02:48:57       26    293150   22.00    5.00    0.00    0.00   27.00    33  pgbackrest
02:48:57       26    293151   25.00    3.00    0.00    0.00   28.00     7  pgbackrest
02:48:57       26    293152   25.00    4.00    0.00    0.00   29.00    70  pgbackrest
02:48:57       26    293153   26.00    1.00    0.00    4.00   27.00    64  pgbackrest
02:48:57       26    293154   25.00    2.00    0.00    5.00   27.00   103  pgbackrest
02:48:57       26    293155   21.00   11.00    0.00    0.00   32.00    58  pgbackrest
02:48:57       26    293156   23.00    3.00    0.00    5.00   26.00    32  pgbackrest
02:48:57       26    293157   22.00    5.00    0.00    4.00   27.00   100  pgbackrest
02:48:57       26    293158   26.00    1.00    0.00    5.00   27.00   126  pgbackrest
02:48:57       26    293159   20.00    7.00    0.00    0.00   27.00    50  pgbackrest
02:48:57       26    293160   25.00    5.00    0.00    0.00   30.00   115  pgbackrest
02:48:57       26    293161   21.00    8.00    0.00    0.00   29.00    72  pgbackrest
02:48:57       26    293162   26.00    2.00    0.00    0.00   28.00    33  pgbackrest
02:48:57       26    293163   24.00    3.00    0.00    0.00   27.00   122  pgbackrest
02:48:57       26    293164   29.00    3.00    0.00    0.00   32.00    85  pgbackrest
02:48:57       26    293165   24.00    4.00    0.00    0.00   28.00    39  pgbackrest
02:48:57       26    293166   29.00    2.00    0.00    0.00   31.00     0  pgbackrest
02:48:57       26    293167   23.00    6.00    0.00    0.00   29.00    51  pgbackrest
02:48:57       26    293168   27.00    3.00    0.00    0.00   30.00     2  pgbackrest
02:48:57       26    293169   30.00    1.00    0.00    0.00   31.00    34  pgbackrest
02:48:57       26    293170   31.00    0.00    0.00    0.00   31.00   117  pgbackrest
02:48:57       26    293171   31.00    1.00    0.00    0.00   32.00    60  pgbackrest
02:48:57       26    293172   29.00    2.00    0.00    0.00   31.00    30  pgbackrest
02:48:57       26    293173   22.00    3.00    0.00    3.00   25.00    40  pgbackrest
02:48:57       26    293174   20.00    6.00    0.00    5.00   26.00    12  pgbackrest
02:48:57       26    293175   27.00    1.00    0.00    4.00   28.00    62  pgbackrest
02:48:57       26    293176   26.00    1.00    0.00    3.00   27.00    59  pgbackrest
02:48:57       26    293177   24.00    3.00    0.00    4.00   27.00    33  pgbackrest
02:48:57       26    293178   28.00    2.00    0.00    2.00   30.00    13  pgbackrest
02:48:57       26    293179   22.00    3.00    0.00    3.00   25.00   126  pgbackrest
02:48:57       26    293180   22.00    2.00    0.00    3.00   24.00    38  pgbackrest
02:48:57       26    293181   20.00    7.00    0.00    2.00   27.00   123  pgbackrest
02:48:57       26    293182   22.00    5.00    0.00    5.00   27.00   105  pgbackrest
02:48:57       26    293183   25.00    1.00    0.00    4.00   26.00    56  pgbackrest
02:48:57       26    293184   27.00    1.00    0.00    5.00   28.00    92  pgbackrest
02:48:57       26    293185   20.00    8.00    0.00    4.00   28.00    81  pgbackrest
02:48:57       26    293186   23.00    4.00    0.00    5.00   27.00    82  pgbackrest
02:48:57       26    293187   25.00    2.00    0.00    5.00   27.00     8  pgbackrest
02:48:57       26    293188   23.00    1.00    0.00    2.00   24.00    73  pgbackrest
02:48:57       26    293189   25.00    9.00    0.00    0.00   34.00    54  pgbackrest
02:48:57       26    293190   27.00    4.00    0.00    0.00   31.00    68  pgbackrest
02:48:57       26    293191   27.00    4.00    0.00    0.00   31.00    87  pgbackrest
02:48:57       26    293192   26.00    2.00    0.00    0.00   28.00    74  pgbackrest
02:48:57       26    293193   24.00    7.00    0.00    0.00   31.00    78  pgbackrest
02:48:57       26    293194   28.00    3.00    0.00    0.00   31.00    42  pgbackrest
02:48:57       26    293195   30.00    0.00    0.00    0.00   30.00   107  pgbackrest
02:48:57       26    293196   27.00    3.00    0.00    0.00   30.00    75  pgbackrest
02:48:57       26    293197   22.00    8.00    0.00    0.00   30.00    20  pgbackrest
02:48:57       26    293198   24.00    2.00    0.00    5.00   26.00    61  pgbackrest
02:48:57       26    293199   29.00    5.00    0.00    0.00   34.00    89  pgbackrest
02:48:57       26    293200   23.00    1.00    0.00    2.00   24.00    33  pgbackrest
02:48:57       26    293201   27.00    1.00    0.00    4.00   28.00    90  pgbackrest
02:48:57       26    293202   27.00    5.00    0.00    1.00   32.00    55  pgbackrest
02:48:57       26    293203   29.00    2.00    0.00    1.00   31.00    48  pgbackrest
02:48:57       26    293204   25.00    2.00    0.00    5.00   27.00    96  pgbackrest
02:48:57       26    293205   25.00    6.00    0.00    2.00   31.00    65  pgbackrest
02:48:57       26    293206   20.00    4.00    0.00    5.00   24.00   104  pgbackrest
02:48:57       26    293207   21.00    5.00    0.00    2.00   26.00    11  pgbackrest
02:48:57       26    293208   24.00    3.00    0.00    1.00   27.00    29  pgbackrest
02:48:57       26    293209   24.00    3.00    0.00    5.00   27.00    16  pgbackrest
02:48:57       26    293210   26.00    1.00    0.00    5.00   27.00    37  pgbackrest
02:48:57       26    293211   22.00    5.00    0.00    5.00   27.00   109  pgbackrest
02:48:57       26    293212   26.00    2.00    0.00    5.00   28.00    44  pgbackrest
02:48:57       26    293213   24.00    1.00    0.00    3.00   25.00   125  pgbackrest
02:48:57       26    293214   25.00    3.00    0.00    5.00   28.00   114  pgbackrest
02:48:57       26    293215   24.00    3.00    0.00    4.00   27.00    46  pgbackrest
02:48:57       26    293216   25.00    3.00    0.00    4.00   28.00    84  pgbackrest
02:48:57       26    293217   25.00    1.00    0.00    5.00   26.00    47  pgbackrest
02:48:57       26    293218   18.00    7.00    0.00    6.00   25.00    17  pgbackrest
02:48:57       26    293219   27.00    2.00    0.00    4.00   29.00    97  pgbackrest
02:48:57       26    293220   22.00    6.00    0.00    4.00   28.00    22  pgbackrest
02:48:57       26    293221   22.00    5.00    0.00    4.00   27.00   111  pgbackrest
02:48:57       26    293222   23.00    4.00    0.00    5.00   27.00    33  pgbackrest
02:48:57       26    293223   22.00    7.00    0.00    5.00   29.00     9  pgbackrest
02:48:57       26    293224   23.00    3.00    0.00    5.00   26.00    35  pgbackrest
02:48:57       26    293225   27.00    1.00    0.00    4.00   28.00   108  pgbackrest
02:48:57       26    293226   22.00    3.00    0.00    4.00   25.00   102  pgbackrest
02:48:57       26    293227   25.00    1.00    0.00    4.00   26.00     5  pgbackrest
02:48:57       26    293228   25.00    1.00    0.00    4.00   26.00    83  pgbackrest
02:48:57       26    293229   21.00    2.00    0.00    4.00   23.00   125  pgbackrest
02:48:57       26    293230   24.00    3.00    0.00    4.00   27.00    28  pgbackrest
02:48:57       26    293231   24.00    2.00    0.00    5.00   26.00     5  pgbackrest
02:48:57       26    293232   19.00    2.00    0.00    5.00   21.00    12  pgbackrest
02:48:57       26    293233   23.00    3.00    0.00    4.00   26.00    98  pgbackrest
02:48:57       26    293234    4.00    5.00    0.00    2.00    9.00    10  pgbackrest
02:48:57       26    293235    7.00    3.00    0.00    4.00   10.00   100  pgbackrest

02:48:57      UID       PID    %usr %system  %guest   %wait    %CPU   CPU  Command
02:48:58        0        65    0.00   15.00    0.00    1.00   15.00     9  ksoftirqd/9
02:48:58        0       126    0.00   11.00    0.00    1.00   11.00    21  ksoftirqd/21
02:48:58        0       283    0.00    2.00    0.00    1.00    2.00    52  ksoftirqd/52
02:48:58        0       346    1.00    0.00    0.00    0.00    1.00    69  rcu_exp_par_gp_kthread_worker/5
02:48:58        0       414    0.00    2.00    0.00    0.00    2.00    78  ksoftirqd/78
02:48:58        0       465    0.00   24.00    0.00    1.00   24.00    88  ksoftirqd/88
02:48:58        0       556    0.00   36.00    0.00    2.00   36.00   106  ksoftirqd/106
02:48:58        0       607    0.00   22.00    0.00    3.00   22.00   116  ksoftirqd/116
02:48:58        0       647    0.00   36.00    0.00    4.00   36.00   124  ksoftirqd/124
02:48:58        0      1502    1.00    0.00    0.00    1.00    1.00     9  kworker/9:1-events
02:48:58        0      2145    0.00    1.00    0.00    4.00    1.00    88  kworker/88:1-events
02:48:58        0      2164    0.00    1.00    0.00    2.00    1.00   116  kworker/116:1-events
02:48:58        0      2232    0.00    1.00    0.00    3.00    1.00   106  kworker/106:1-events
02:48:58        0     10713    3.00    1.00    0.00    0.00    4.00    70  containerd
02:48:58        0     10779   10.00    0.00    0.00    0.00   10.00   101  kubelet
02:48:58        0     10902    1.00    0.00    0.00    0.00    1.00    35  containerd-shim
02:48:58        0     11371    1.00    0.00    0.00    0.00    1.00    87  aws-k8s-agent
02:48:58    65532     13844    1.00    0.00    0.00    0.00    1.00   108  coredns
02:48:58    65532     34841    1.00    0.00    0.00    0.00    1.00    62  manager
02:48:58        0    265793    0.00    1.00    0.00    0.00    1.00    72  kworker/u514:3-kvfree_rcu_reclaim
02:48:58        0    290116    1.00    0.00    0.00    0.00    1.00    52  kworker/52:2-events
02:48:58        0    292999    1.00    0.00    0.00    0.00    1.00    33  vmstat
02:48:58        0    293017    1.00    5.00    0.00    0.00    6.00    65  pidstat
02:48:58       26    293085    2.00    2.00    0.00    7.00    4.00   116  pgbackrest
02:48:58       26    293108   44.00    7.00    0.00    0.00   51.00     4  pgbackrest
02:48:58       26    293109   49.00    6.00    0.00    0.00   55.00    45  pgbackrest
02:48:58       26    293110   58.00    4.00    0.00    0.00   62.00    25  pgbackrest
02:48:58       26    293111   51.00    9.00    0.00    0.00   60.00    70  pgbackrest
02:48:58       26    293112   39.00    9.00    0.00    1.00   48.00    41  pgbackrest
02:48:58       26    293113   51.00    6.00    0.00    0.00   57.00    16  pgbackrest
02:48:58       26    293114   40.00   18.00    0.00    0.00   58.00     5  pgbackrest
02:48:58       26    293115   46.00   10.00    0.00    0.00   56.00    93  pgbackrest
02:48:58       26    293116   42.00   10.00    0.00    3.00   52.00    42  pgbackrest
02:48:58       26    293117   45.00    8.00    0.00    0.00   53.00    85  pgbackrest
02:48:58       26    293118   48.00    7.00    0.00    1.00   55.00    60  pgbackrest
02:48:58       26    293119   50.00    2.00    0.00    1.00   52.00    86  pgbackrest
02:48:58       26    293120   48.00    5.00    0.00    0.00   53.00    58  pgbackrest
02:48:58       26    293121   50.00    5.00    0.00    0.00   55.00   111  pgbackrest
02:48:58       26    293122   41.00   21.00    0.00    0.00   62.00    60  pgbackrest
02:48:58       26    293123   44.00   15.00    0.00    1.00   59.00    21  pgbackrest
02:48:58       26    293124   40.00   12.00    0.00    0.00   52.00    99  pgbackrest
02:48:58       26    293125   87.00   11.00    0.00    0.00   98.00    80  pgbackrest
02:48:58       26    293126   65.00   14.00    0.00    0.00   79.00    33  pgbackrest
02:48:58       26    293127   63.00   12.00    0.00    1.00   75.00    69  pgbackrest
02:48:58       26    293128   80.00    9.00    0.00    1.00   89.00    12  pgbackrest
02:48:58       26    293129   87.00    8.00    0.00    0.00   95.00    67  pgbackrest
02:48:58       26    293130   82.00    9.00    0.00    0.00   91.00     3  pgbackrest
02:48:58       26    293131   83.00   12.00    0.00    0.00   95.00    13  pgbackrest
02:48:58       26    293132   66.00   13.00    0.00    0.00   79.00   120  pgbackrest
02:48:58       26    293133   79.00    9.00    0.00    0.00   88.00    11  pgbackrest
02:48:58       26    293134   73.00   11.00    0.00    0.00   84.00    59  pgbackrest
02:48:58       26    293135   83.00    8.00    0.00    0.00   91.00    28  pgbackrest
02:48:58       26    293136   59.00   19.00    0.00    2.00   78.00    29  pgbackrest
02:48:58       26    293137   82.00    9.00    0.00    0.00   91.00    77  pgbackrest
02:48:58       26    293138   74.00   18.00    0.00    0.00   92.00    91  pgbackrest
02:48:58       26    293139   77.00   14.00    0.00    0.00   91.00    96  pgbackrest
02:48:58       26    293140   90.00    9.00    0.00    0.00   99.00    79  pgbackrest
02:48:58       26    293141   89.00   11.00    0.00    0.00  100.00    95  pgbackrest
02:48:58       26    293142   67.00   11.00    0.00    0.00   78.00    92  pgbackrest
02:48:58       26    293143   84.00   12.00    0.00    0.00   96.00    44  pgbackrest
02:48:58       26    293144   58.00   16.00    0.00    0.00   74.00    46  pgbackrest
02:48:58       26    293145   88.00   11.00    0.00    0.00   99.00    57  pgbackrest
02:48:58       26    293146   86.00   13.00    0.00    0.00   99.00    36  pgbackrest
02:48:58       26    293147   79.00   18.00    0.00    0.00   97.00    24  pgbackrest
02:48:58       26    293148   76.00   12.00    0.00    0.00   88.00   117  pgbackrest
02:48:58       26    293149   85.00    8.00    0.00    0.00   93.00     2  pgbackrest
02:48:58       26    293150   51.00   24.00    0.00    0.00   75.00    52  pgbackrest
02:48:58       26    293151   74.00   14.00    0.00    0.00   88.00    76  pgbackrest
02:48:58       26    293152   78.00   17.00    0.00    0.00   95.00    84  pgbackrest
02:48:58       26    293153   87.00    8.00    0.00    0.00   95.00    64  pgbackrest
02:48:58       26    293154   74.00   10.00    0.00    0.00   84.00   103  pgbackrest
02:48:58       26    293155   76.00   12.00    0.00    0.00   88.00    56  pgbackrest
02:48:58       26    293156   72.00   10.00    0.00    0.00   82.00   108  pgbackrest
02:48:58       26    293157   88.00    8.00    0.00    0.00   96.00   100  pgbackrest
02:48:58       26    293158   70.00   10.00    0.00    0.00   80.00    61  pgbackrest
02:48:58       26    293159   74.00    5.00    0.00    0.00   79.00   113  pgbackrest
02:48:58       26    293160   74.00   11.00    0.00    0.00   85.00    41  pgbackrest
02:48:58       26    293161   84.00   11.00    0.00    0.00   95.00   104  pgbackrest
02:48:58       26    293162   67.00   13.00    0.00    0.00   80.00    72  pgbackrest
02:48:58       26    293163   85.00   14.00    0.00    0.00   99.00   122  pgbackrest
02:48:58       26    293164   71.00   27.00    0.00    0.00   98.00    78  pgbackrest
02:48:58       26    293165   66.00   14.00    0.00    1.00   80.00   115  pgbackrest
02:48:58       26    293166   90.00   10.00    0.00    0.00  100.00     0  pgbackrest
02:48:58       26    293167   84.00   11.00    0.00    0.00   95.00    51  pgbackrest
02:48:58       26    293168   90.00   10.00    0.00    0.00  100.00    10  pgbackrest
02:48:58       26    293169   87.00   11.00    0.00    0.00   98.00    50  pgbackrest
02:48:58       26    293170   79.00   10.00    0.00    0.00   89.00   118  pgbackrest
02:48:58       26    293171   78.00   16.00    0.00    0.00   94.00    53  pgbackrest
02:48:58       26    293172   80.00   15.00    0.00    0.00   95.00    21  pgbackrest
02:48:58       26    293173   70.00   10.00    0.00    0.00   80.00    34  pgbackrest
02:48:58       26    293174   81.00   13.00    0.00    0.00   94.00    73  pgbackrest
02:48:58       26    293175   72.00   10.00    0.00    1.00   82.00   110  pgbackrest
02:48:58       26    293176   86.00   10.00    0.00    0.00   96.00    63  pgbackrest
02:48:58       26    293177   80.00   16.00    0.00    0.00   96.00    39  pgbackrest
02:48:58       26    293178   69.00   16.00    0.00    0.00   85.00   127  pgbackrest
02:48:58       26    293179   87.00    8.00    0.00    0.00   95.00    43  pgbackrest
02:48:58       26    293180   78.00   12.00    0.00    0.00   90.00    37  pgbackrest
02:48:58       26    293181   88.00    9.00    0.00    0.00   97.00   123  pgbackrest
02:48:58       26    293182   76.00   10.00    0.00    0.00   86.00    38  pgbackrest
02:48:58       26    293183   82.00   11.00    0.00    0.00   93.00    98  pgbackrest
02:48:58       26    293184   86.00    9.00    0.00    0.00   95.00    18  pgbackrest
02:48:58       26    293185   87.00   10.00    0.00    0.00   97.00    81  pgbackrest
02:48:58       26    293186   82.00   16.00    0.00    0.00   98.00    82  pgbackrest
02:48:58       26    293187   70.00   14.00    0.00    1.00   84.00    74  pgbackrest
02:48:58       26    293188   75.00   13.00    0.00    1.00   88.00    90  pgbackrest
02:48:58       26    293189   81.00   19.00    0.00    0.00  100.00    54  pgbackrest
02:48:58       26    293190   88.00   10.00    0.00    0.00   98.00    68  pgbackrest
02:48:58       26    293191   84.00   15.00    0.00    0.00   99.00    87  pgbackrest
02:48:58       26    293192   79.00    9.00    0.00    1.00   88.00    83  pgbackrest
02:48:58       26    293193   73.00   18.00    0.00    0.00   91.00    66  pgbackrest
02:48:58       26    293194   81.00   16.00    0.00    0.00   97.00    15  pgbackrest
02:48:58       26    293195   87.00   10.00    0.00    0.00   97.00   107  pgbackrest
02:48:58       26    293196   80.00   15.00    0.00    0.00   95.00    75  pgbackrest
02:48:58       26    293197   84.00   15.00    0.00    0.00   99.00    20  pgbackrest
02:48:58       26    293198   64.00    6.00    0.00    2.00   70.00    91  pgbackrest
02:48:58       26    293199   80.00   20.00    0.00    0.00  100.00    89  pgbackrest
02:48:58       26    293200   66.00   11.00    0.00    0.00   77.00   119  pgbackrest
02:48:58       26    293201   86.00    8.00    0.00    0.00   94.00    23  pgbackrest
02:48:58       26    293202   83.00   16.00    0.00    0.00   99.00    55  pgbackrest
02:48:58       26    293203   85.00   15.00    0.00    0.00  100.00    48  pgbackrest
02:48:58       26    293204   65.00   12.00    0.00    0.00   77.00    19  pgbackrest
02:48:58       26    293205   80.00   18.00    0.00    0.00   98.00    30  pgbackrest
02:48:58       26    293206   81.00   14.00    0.00    0.00   95.00   105  pgbackrest
02:48:58       26    293207   77.00   10.00    0.00    1.00   87.00   101  pgbackrest
02:48:58       26    293208   83.00   13.00    0.00    1.00   96.00     6  pgbackrest
02:48:58       26    293209   78.00   12.00    0.00    1.00   90.00    22  pgbackrest
02:48:58       26    293210   75.00    8.00    0.00    0.00   83.00    35  pgbackrest
02:48:58       26    293211   85.00   12.00    0.00    0.00   97.00   109  pgbackrest
02:48:58       26    293212   69.00   27.00    0.00    0.00   96.00   126  pgbackrest
02:48:58       26    293213   85.00   12.00    0.00    0.00   97.00   125  pgbackrest
02:48:58       26    293214   63.00   13.00    0.00    1.00   76.00     7  pgbackrest
02:48:58       26    293215   93.00    6.00    0.00    0.00   99.00    49  pgbackrest
02:48:58       26    293216   75.00   12.00    0.00    0.00   87.00    26  pgbackrest
02:48:58       26    293217   63.00    9.00    0.00    0.00   72.00   124  pgbackrest
02:48:58       26    293218   77.00   22.00    0.00    0.00   99.00    17  pgbackrest
02:48:58       26    293219   78.00   15.00    0.00    0.00   93.00    97  pgbackrest
02:48:58       26    293220   86.00   10.00    0.00    1.00   96.00     1  pgbackrest
02:48:58       26    293221   78.00   10.00    0.00    1.00   88.00   114  pgbackrest
02:48:58       26    293222   82.00    8.00    0.00    0.00   90.00    47  pgbackrest
02:48:58       26    293223   84.00   12.00    0.00    0.00   96.00     8  pgbackrest
02:48:58       26    293224   72.00   16.00    0.00    0.00   88.00    62  pgbackrest
02:48:58       26    293225   63.00    7.00    0.00    2.00   70.00   102  pgbackrest
02:48:58       26    293226   77.00    8.00    0.00    1.00   85.00    40  pgbackrest
02:48:58       26    293227   78.00   13.00    0.00    0.00   91.00    88  pgbackrest
02:48:58       26    293228   84.00   11.00    0.00    0.00   95.00    14  pgbackrest
02:48:58       26    293229   68.00   11.00    0.00    2.00   79.00    27  pgbackrest
02:48:58       26    293230   85.00    5.00    0.00    0.00   90.00    32  pgbackrest
02:48:58       26    293231   63.00   19.00    0.00    0.00   82.00   112  pgbackrest
02:48:58       26    293232   49.00    5.00    0.00    1.00   54.00    71  pgbackrest
02:48:58       26    293233   76.00   13.00    0.00    2.00   89.00     9  pgbackrest
02:48:58       26    293234    3.00    9.00    0.00    2.00   12.00   121  pgbackrest
02:48:58       26    293235    4.00    4.00    0.00   11.00    8.00   116  pgbackrest

02:48:58      UID       PID    %usr %system  %guest   %wait    %CPU   CPU  Command
02:48:59        0        65    0.00   14.00    0.00    5.00   14.00     9  ksoftirqd/9
02:48:59        0       126    0.00    2.00    0.00    1.00    2.00    21  ksoftirqd/21
02:48:59        0       414    0.00    2.00    0.00    1.00    2.00    78  ksoftirqd/78
02:48:59        0       465    0.00   10.00    0.00    5.00   10.00    88  ksoftirqd/88
02:48:59        0       556    0.00   19.00    0.00   11.00   19.00   106  ksoftirqd/106
02:48:59        0       607    0.00   15.00    0.00    4.00   15.00   116  ksoftirqd/116
02:48:59        0       647    0.00    7.00    0.00    1.00    7.00   124  ksoftirqd/124
02:48:59        0       658    0.00    1.00    0.00    0.00    1.00   126  kworker/126:0-mm_percpu_wq
02:48:59        0       662    1.00    0.00    0.00    0.00    1.00   127  ksoftirqd/127
02:48:59        0      1502    1.00    0.00    0.00    3.00    1.00     9  kworker/9:1-events
02:48:59        0      2164    0.00    1.00    0.00    1.00    1.00   116  kworker/116:1-events
02:48:59        0      2188    0.00    1.00    0.00    0.00    1.00    57  kworker/57:1-events
02:48:59        0      2196    0.00    2.00    0.00    4.00    2.00   124  kworker/124:1-events
02:48:59        0      2200    0.00    1.00    0.00    0.00    1.00    46  kworker/46:1-mm_percpu_wq
02:48:59        0     10713    4.00    0.00    0.00    0.00    4.00    70  containerd
02:48:59        0     10779    3.00    2.00    0.00    0.00    5.00   101  kubelet
02:48:59     1000     17354    1.00    0.00    0.00    0.00    1.00    62  metrics-server
02:48:59    65532     32267    1.00    0.00    0.00    0.00    1.00   127  controller
02:48:59        0     76440    0.00    1.00    0.00    0.00    1.00    93  kworker/93:2-mm_percpu_wq
02:48:59        0    289430    1.00    0.00    0.00   95.00    1.00    76  kworker/u513:1-kvfree_rcu_reclaim
02:48:59        0    292863    1.00    0.00    0.00    0.00    1.00    19  containerd-shim
02:48:59        0    293017    1.00    5.00    0.00    0.00    6.00     1  pidstat
02:48:59       26    293085    3.00    0.00    0.00   13.00    3.00    15  pgbackrest
02:48:59       26    293108   52.00    7.00    0.00    1.00   59.00     7  pgbackrest
02:48:59       26    293109   37.00   12.00    0.00    0.00   49.00    98  pgbackrest
02:48:59       26    293110   53.00    8.00    0.00    1.00   61.00    88  pgbackrest
02:48:59       26    293111   40.00    8.00    0.00    1.00   48.00   113  pgbackrest
02:48:59       26    293112   42.00    9.00    0.00    0.00   51.00   101  pgbackrest
02:48:59       26    293113   44.00   19.00    0.00    1.00   63.00    52  pgbackrest
02:48:59       26    293114   53.00    5.00    0.00    1.00   58.00    91  pgbackrest
02:48:59       26    293115   46.00    7.00    0.00    0.00   53.00    22  pgbackrest
02:48:59       26    293116   37.00   12.00    0.00    3.00   49.00   101  pgbackrest
02:48:59       26    293117   58.00   15.00    0.00    1.00   73.00     4  pgbackrest
02:48:59       26    293118   45.00    5.00    0.00    0.00   50.00   123  pgbackrest
02:48:59       26    293119   43.00   13.00    0.00    3.00   56.00    78  pgbackrest
02:48:59       26    293120   51.00   12.00    0.00    1.00   63.00   116  pgbackrest
02:48:59       26    293121   40.00   20.00    0.00    2.00   60.00    33  pgbackrest
02:48:59       26    293122   50.00   14.00    0.00    2.00   64.00    21  pgbackrest
02:48:59       26    293123   44.00   10.00    0.00    1.00   54.00    15  pgbackrest
02:48:59       26    293124   52.00    8.00    0.00    0.00   60.00    41  pgbackrest
02:48:59       26    293125   87.00   14.00    0.00    0.00  101.00    16  pgbackrest
02:48:59       26    293126   80.00   15.00    0.00    1.00   95.00   121  pgbackrest
02:48:59       26    293127   73.00   15.00    0.00    0.00   88.00    86  pgbackrest
02:48:59       26    293128   85.00   12.00    0.00    1.00   97.00     2  pgbackrest
02:48:59       26    293129   90.00   11.00    0.00    0.00  101.00    67  pgbackrest
02:48:59       26    293130   89.00   12.00    0.00    0.00  101.00     3  pgbackrest
02:48:59       26    293131   86.00   12.00    0.00    0.00   98.00    66  pgbackrest
02:48:59       26    293132   80.00   13.00    0.00    1.00   93.00   120  pgbackrest
02:48:59       26    293133   85.00   16.00    0.00    0.00  101.00    11  pgbackrest
02:48:59       26    293134   79.00   16.00    0.00    1.00   95.00    37  pgbackrest
02:48:59       26    293135   90.00   11.00    0.00    0.00  101.00    28  pgbackrest
02:48:59       26    293136   82.00   11.00    0.00    2.00   93.00    94  pgbackrest
02:48:59       26    293137   86.00   11.00    0.00    0.00   97.00    27  pgbackrest
02:48:59       26    293138   80.00   18.00    0.00    0.00   98.00    80  pgbackrest
02:48:59       26    293139   89.00   12.00    0.00    0.00  101.00    96  pgbackrest
02:48:59       26    293140   80.00   19.00    0.00    0.00   99.00    82  pgbackrest
02:48:59       26    293141   92.00    9.00    0.00    0.00  101.00    95  pgbackrest
02:48:59       26    293142   91.00    9.00    0.00    0.00  100.00    92  pgbackrest
02:48:59       26    293143   90.00   11.00    0.00    0.00  101.00    44  pgbackrest
02:48:59       26    293144   79.00   12.00    0.00    1.00   91.00    24  pgbackrest
02:48:59       26    293145   85.00   13.00    0.00    0.00   98.00    57  pgbackrest
02:48:59       26    293146   87.00   14.00    0.00    0.00  101.00    36  pgbackrest
02:48:59       26    293147   76.00   24.00    0.00    0.00  100.00    20  pgbackrest
02:48:59       26    293148   78.00   17.00    0.00    1.00   95.00    52  pgbackrest
02:48:59       26    293149   84.00   13.00    0.00    0.00   97.00    23  pgbackrest
02:48:59       26    293150   80.00   12.00    0.00    1.00   92.00   108  pgbackrest
02:48:59       26    293151   77.00   18.00    0.00    1.00   95.00    31  pgbackrest
02:48:59       26    293152   80.00   17.00    0.00    0.00   97.00    74  pgbackrest
02:48:59       26    293153   78.00   20.00    0.00    1.00   98.00    69  pgbackrest
02:48:59       26    293154   88.00   13.00    0.00    0.00  101.00   103  pgbackrest
02:48:59       26    293155   87.00   11.00    0.00    0.00   98.00    83  pgbackrest
02:48:59       26    293156   79.00   18.00    0.00    0.00   97.00    30  pgbackrest
02:48:59       26    293157   85.00   15.00    0.00    0.00  100.00   100  pgbackrest
02:48:59       26    293158   87.00   12.00    0.00    0.00   99.00    61  pgbackrest
02:48:59       26    293159   81.00    7.00    0.00    0.00   88.00   112  pgbackrest
02:48:59       26    293160   88.00    5.00    0.00    1.00   93.00    51  pgbackrest
02:48:59       26    293161   86.00   14.00    0.00    0.00  100.00   104  pgbackrest
02:48:59       26    293162   74.00   13.00    0.00    3.00   87.00    46  pgbackrest
02:48:59       26    293163   88.00   12.00    0.00    0.00  100.00   122  pgbackrest
02:48:59       26    293164   80.00   18.00    0.00    0.00   98.00   127  pgbackrest
02:48:59       26    293165   72.00   16.00    0.00    0.00   88.00    56  pgbackrest
02:48:59       26    293166   89.00   11.00    0.00    0.00  100.00     0  pgbackrest
02:48:59       26    293167   74.00   18.00    0.00    0.00   92.00    64  pgbackrest
02:48:59       26    293168   86.00   13.00    0.00    0.00   99.00     6  pgbackrest
02:48:59       26    293169   91.00    7.00    0.00    0.00   98.00    70  pgbackrest
02:48:59       26    293170   86.00    8.00    0.00    0.00   94.00   117  pgbackrest
02:48:59       26    293171   78.00   16.00    0.00    0.00   94.00   124  pgbackrest
02:48:59       26    293172   76.00   24.00    0.00    1.00  100.00    34  pgbackrest
02:48:59       26    293173   79.00   17.00    0.00    1.00   96.00    60  pgbackrest
02:48:59       26    293174   79.00   18.00    0.00    0.00   97.00    77  pgbackrest
02:48:59       26    293175   81.00   17.00    0.00    0.00   98.00    75  pgbackrest
02:48:59       26    293176   89.00   10.00    0.00    0.00   99.00    63  pgbackrest
02:48:59       26    293177   87.00   13.00    0.00    0.00  100.00    39  pgbackrest
02:48:59       26    293178   72.00   20.00    0.00    2.00   92.00    38  pgbackrest
02:48:59       26    293179   95.00    5.00    0.00    0.00  100.00    43  pgbackrest
02:48:59       26    293180   86.00   10.00    0.00    0.00   96.00    72  pgbackrest
02:48:59       26    293181   79.00   14.00    0.00    0.00   93.00    45  pgbackrest
02:48:59       26    293182   81.00   14.00    0.00    1.00   95.00    49  pgbackrest
02:48:59       26    293183   80.00   18.00    0.00    1.00   98.00   110  pgbackrest
02:48:59       26    293184   80.00   18.00    0.00    0.00   98.00    29  pgbackrest
02:48:59       26    293185   89.00   11.00    0.00    0.00  100.00    81  pgbackrest
02:48:59       26    293186   86.00   13.00    0.00    0.00   99.00    65  pgbackrest
02:48:59       26    293187   74.00   20.00    0.00    0.00   94.00    93  pgbackrest
02:48:59       26    293188   68.00   20.00    0.00    1.00   88.00    58  pgbackrest
02:48:59       26    293189   82.00   18.00    0.00    0.00  100.00    54  pgbackrest
02:48:59       26    293190   83.00   17.00    0.00    0.00  100.00    68  pgbackrest
02:48:59       26    293191   83.00   15.00    0.00    0.00   98.00    87  pgbackrest
02:48:59       26    293192   74.00   19.00    0.00    0.00   93.00    19  pgbackrest
02:48:59       26    293193   82.00   14.00    0.00    1.00   96.00   115  pgbackrest
02:48:59       26    293194   85.00   11.00    0.00    0.00   96.00    26  pgbackrest
02:48:59       26    293195   76.00   19.00    0.00    0.00   95.00   107  pgbackrest
02:48:59       26    293196   80.00   17.00    0.00    1.00   97.00    18  pgbackrest
02:48:59       26    293197   88.00    9.00    0.00    0.00   97.00    76  pgbackrest
02:48:59       26    293198   58.00   25.00    0.00    3.00   83.00    59  pgbackrest
02:48:59       26    293199   88.00   12.00    0.00    0.00  100.00    89  pgbackrest
02:48:59       26    293200   74.00    6.00    0.00    2.00   80.00   102  pgbackrest
02:48:59       26    293201   84.00   13.00    0.00    0.00   97.00    85  pgbackrest
02:48:59       26    293202   88.00   11.00    0.00    0.00   99.00    53  pgbackrest
02:48:59       26    293203   84.00   16.00    0.00    0.00  100.00    48  pgbackrest
02:48:59       26    293204   78.00   11.00    0.00    1.00   89.00    50  pgbackrest
02:48:59       26    293205   81.00   19.00    0.00    1.00  100.00    90  pgbackrest
02:48:59       26    293206   83.00   14.00    0.00    0.00   97.00   105  pgbackrest
02:48:59       26    293207   78.00   12.00    0.00    1.00   90.00     8  pgbackrest
02:48:59       26    293208   79.00   12.00    0.00    0.00   91.00   102  pgbackrest
02:48:59       26    293209   88.00    8.00    0.00    0.00   96.00    40  pgbackrest
02:48:59       26    293210   87.00   12.00    0.00    0.00   99.00   118  pgbackrest
02:48:59       26    293211   93.00    5.00    0.00    0.00   98.00   109  pgbackrest
02:48:59       26    293212   87.00   12.00    0.00    0.00   99.00   111  pgbackrest
02:48:59       26    293213   82.00   16.00    0.00    0.00   98.00   125  pgbackrest
02:48:59       26    293214   81.00   11.00    0.00    0.00   92.00    55  pgbackrest
02:48:59       26    293215   90.00   10.00    0.00    0.00  100.00    42  pgbackrest
02:48:59       26    293216   81.00   13.00    0.00    1.00   94.00    10  pgbackrest
02:48:59       26    293217   79.00   14.00    0.00    3.00   93.00     9  pgbackrest
02:48:59       26    293218   83.00   17.00    0.00    0.00  100.00    17  pgbackrest
02:48:59       26    293219   91.00    9.00    0.00    0.00  100.00    97  pgbackrest
02:48:59       26    293220   81.00   19.00    0.00    0.00  100.00   119  pgbackrest
02:48:59       26    293221   75.00   21.00    0.00    0.00   96.00    99  pgbackrest
02:48:59       26    293222   80.00   20.00    0.00    0.00  100.00    47  pgbackrest
02:48:59       26    293223   88.00    9.00    0.00    0.00   97.00    25  pgbackrest
02:48:59       26    293224   86.00   12.00    0.00    0.00   98.00    62  pgbackrest
02:48:59       26    293225   70.00   10.00    0.00    2.00   80.00   114  pgbackrest
02:48:59       26    293226   83.00    6.00    0.00    1.00   89.00    59  pgbackrest
02:48:59       26    293227   86.00    7.00    0.00    0.00   93.00     5  pgbackrest
02:48:59       26    293228   86.00   14.00    0.00    0.00  100.00    14  pgbackrest
02:48:59       26    293229   78.00   18.00    0.00    0.00   96.00    79  pgbackrest
02:48:59       26    293230   87.00   13.00    0.00    0.00  100.00    32  pgbackrest
02:48:59       26    293231   78.00   15.00    0.00    2.00   93.00    73  pgbackrest
02:48:59       26    293232   57.00    9.00    0.00    0.00   66.00    84  pgbackrest
02:48:59       26    293233   45.00   20.00    0.00    1.00   65.00   115  pgbackrest
02:48:59       26    293234    2.00    5.00    0.00    8.00    7.00    88  pgbackrest
02:48:59       26    293235    1.00    6.00    0.00    8.00    7.00    15  pgbackrest

02:48:59      UID       PID    %usr %system  %guest   %wait    %CPU   CPU  Command
02:49:00        0        18    1.00    0.00    0.00   26.00    1.00    20  rcu_preempt
02:49:00        0        65    0.00    9.00    0.00    1.00    9.00     9  ksoftirqd/9
02:49:00        0       126    0.00    2.00    0.00    0.00    2.00    21  ksoftirqd/21
02:49:00        0       127    1.00    0.00    0.00    1.00    1.00    21  kworker/21:0-events
02:49:00        0       181    1.00    0.00    0.00    0.00    1.00    32  ksoftirqd/32
02:49:00        0       283    0.00    1.00    0.00    2.00    1.00    52  ksoftirqd/52
02:49:00        0       292    1.00    0.00    0.00    0.00    1.00    54  migration/54
02:49:00        0       465    0.00   10.00    0.00    4.00   10.00    88  ksoftirqd/88
02:49:00        0       556    0.00   10.00    0.00    4.00   10.00   106  ksoftirqd/106
02:49:00        0       607    0.00   10.00    0.00    3.00   10.00   116  ksoftirqd/116
02:49:00        0       647    0.00   18.00    0.00    6.00   18.00   124  ksoftirqd/124
02:49:00        0      2145    0.00    1.00    0.00    1.00    1.00    88  kworker/88:1-events
02:49:00        0      2230    0.00    1.00    0.00    3.00    1.00    78  kworker/78:1-events
02:49:00        0      2232    0.00    1.00    0.00    2.00    1.00   106  kworker/106:1-events
02:49:00        0     10713    1.00    0.00    0.00    0.00    1.00    70  containerd
02:49:00        0     10779    0.00    4.00    0.00    0.00    4.00   101  kubelet
02:49:00    65532     13836    1.00    0.00    0.00    0.00    1.00   124  coredns
02:49:00     1000     17351    1.00    0.00    0.00    0.00    1.00    28  metrics-server
02:49:00        0    290116    1.00    0.00    0.00    1.00    1.00    52  kworker/52:2-events
02:49:00        0    293017    2.00    1.00    0.00    0.00    3.00     1  pidstat
02:49:00       26    293085    4.00    1.00    0.00    7.00    5.00    90  pgbackrest
02:49:00       26    293108   37.00    9.00    0.00    3.00   46.00    58  pgbackrest
02:49:00       26    293109   56.00    7.00    0.00    1.00   63.00   125  pgbackrest
02:49:00       26    293110   45.00   21.00    0.00    3.00   66.00    27  pgbackrest
02:49:00       26    293111   42.00   14.00    0.00    0.00   56.00    78  pgbackrest
02:49:00       26    293112   51.00   10.00    0.00    0.00   61.00    52  pgbackrest
02:49:00       26    293113   49.00    7.00    0.00    2.00   56.00   114  pgbackrest
02:49:00       26    293114   44.00   13.00    0.00    0.00   57.00    94  pgbackrest
02:49:00       26    293115   38.00    2.00    0.00    1.00   40.00    89  pgbackrest
02:49:00       26    293116   48.00   10.00    0.00    1.00   58.00   117  pgbackrest
02:49:00       26    293117   41.00   20.00    0.00    0.00   61.00    91  pgbackrest
02:49:00       26    293118   38.00    9.00    0.00    2.00   47.00    32  pgbackrest
02:49:00       26    293119   53.00    9.00    0.00    1.00   62.00    84  pgbackrest
02:49:00       26    293120   45.00   10.00    0.00    0.00   55.00   120  pgbackrest
02:49:00       26    293121   38.00    7.00    0.00    1.00   45.00    33  pgbackrest
02:49:00       26    293122   43.00    8.00    0.00    0.00   51.00    46  pgbackrest
02:49:00       26    293123   28.00    9.00    0.00    1.00   37.00    20  pgbackrest
02:49:00       26    293124   46.00   10.00    0.00    1.00   56.00    42  pgbackrest
02:49:00       26    293125   51.00   12.00    0.00    0.00   63.00    85  pgbackrest
02:49:00       26    293126   79.00    5.00    0.00    0.00   84.00    62  pgbackrest
02:49:00       26    293127   79.00   15.00    0.00    1.00   94.00   121  pgbackrest
02:49:00       26    293128   81.00    8.00    0.00    0.00   89.00    31  pgbackrest
02:49:00       26    293129   62.00   14.00    0.00    0.00   76.00    67  pgbackrest
02:49:00       26    293130   70.00    8.00    0.00    0.00   78.00     3  pgbackrest
02:49:00       26    293131   63.00   13.00    0.00    0.00   76.00    66  pgbackrest
02:49:00       26    293132   80.00    8.00    0.00    0.00   88.00     6  pgbackrest
02:49:00       26    293133   67.00    7.00    0.00    0.00   74.00   127  pgbackrest
02:49:00       26    293134   77.00    7.00    0.00    0.00   84.00    37  pgbackrest
02:49:00       26    293135   67.00   10.00    0.00    0.00   77.00    28  pgbackrest
02:49:00       26    293136   77.00   12.00    0.00    1.00   89.00   102  pgbackrest
02:49:00       26    293137   65.00   13.00    0.00    0.00   78.00   103  pgbackrest
02:49:00       26    293138   75.00    7.00    0.00    1.00   82.00     4  pgbackrest
02:49:00       26    293139   57.00   14.00    0.00    0.00   71.00    96  pgbackrest
02:49:00       26    293140   64.00   13.00    0.00    0.00   77.00    82  pgbackrest
02:49:00       26    293141   56.00    8.00    0.00    0.00   64.00    95  pgbackrest
02:49:00       26    293142   83.00    8.00    0.00    0.00   91.00    28  pgbackrest
02:49:00       26    293143   56.00    7.00    0.00    0.00   63.00    91  pgbackrest
02:49:00       26    293144   86.00    9.00    0.00    1.00   95.00    80  pgbackrest
02:49:00       26    293145   56.00    7.00    0.00    0.00   63.00    93  pgbackrest
02:49:00       26    293146   63.00    9.00    0.00    0.00   72.00    36  pgbackrest
02:49:00       26    293147   57.00    4.00    0.00    0.00   61.00    93  pgbackrest
02:49:00       26    293148   74.00   10.00    0.00    0.00   84.00   116  pgbackrest
02:49:00       26    293149   60.00   15.00    0.00    0.00   75.00    90  pgbackrest
02:49:00       26    293150   75.00    8.00    0.00    0.00   83.00   108  pgbackrest
02:49:00       26    293151   76.00   17.00    0.00    0.00   93.00    16  pgbackrest
02:49:00       26    293152   61.00   11.00    0.00    0.00   72.00    75  pgbackrest
02:49:00       26    293153   74.00   13.00    0.00    0.00   87.00    69  pgbackrest
02:49:00       26    293154   78.00    4.00    0.00    0.00   82.00    18  pgbackrest
02:49:00       26    293155   65.00   16.00    0.00    0.00   81.00    83  pgbackrest
02:49:00       26    293156   78.00    7.00    0.00    1.00   85.00   110  pgbackrest
02:49:00       26    293157   67.00    9.00    0.00    0.00   76.00   100  pgbackrest
02:49:00       26    293158   79.00   10.00    0.00    1.00   89.00   112  pgbackrest
02:49:00       26    293159   71.00   16.00    0.00    1.00   87.00    45  pgbackrest
02:49:00       26    293160   70.00   14.00    0.00    0.00   84.00    51  pgbackrest
02:49:00       26    293161   68.00    5.00    0.00    0.00   73.00   104  pgbackrest
02:49:00       26    293162   76.00   16.00    0.00    1.00   92.00    73  pgbackrest
02:49:00       26    293163   58.00    9.00    0.00    0.00   67.00   122  pgbackrest
02:49:00       26    293164   75.00    5.00    0.00    0.00   80.00    65  pgbackrest
02:49:00       26    293165   78.00   10.00    0.00    1.00   88.00    29  pgbackrest
02:49:00       26    293166   61.00   15.00    0.00    0.00   76.00     0  pgbackrest
02:49:00       26    293167   73.00    7.00    0.00    0.00   80.00    64  pgbackrest
02:49:00       26    293168   55.00   12.00    0.00    0.00   67.00     6  pgbackrest
02:49:00       26    293169   49.00    9.00    0.00    0.00   58.00    70  pgbackrest
02:49:00       26    293170   77.00    7.00    0.00    1.00   84.00    61  pgbackrest
02:49:00       26    293171   59.00    8.00    0.00    0.00   67.00    94  pgbackrest
02:49:00       26    293172   60.00   10.00    0.00    0.00   70.00    43  pgbackrest
02:49:00       26    293173   71.00   17.00    0.00    0.00   88.00    60  pgbackrest
02:49:00       26    293174   47.00    8.00    0.00    0.00   55.00    77  pgbackrest
02:49:00       26    293175   74.00   12.00    0.00    1.00   86.00    22  pgbackrest
02:49:00       26    293176   65.00    6.00    0.00    0.00   71.00    63  pgbackrest
02:49:00       26    293177   59.00   11.00    0.00    0.00   70.00    39  pgbackrest
02:49:00       26    293178   81.00   14.00    0.00    0.00   95.00    13  pgbackrest
02:49:00       26    293179   62.00   11.00    0.00    0.00   73.00   126  pgbackrest
02:49:00       26    293180   63.00   10.00    0.00    0.00   73.00   113  pgbackrest
02:49:00       26    293181   69.00    6.00    0.00    1.00   75.00    72  pgbackrest
02:49:00       26    293182   73.00    7.00    0.00    0.00   80.00    49  pgbackrest
02:49:00       26    293183   69.00   12.00    0.00    0.00   81.00     8  pgbackrest
02:49:00       26    293184   72.00    7.00    0.00    0.00   79.00    29  pgbackrest
02:49:00       26    293185   67.00   10.00    0.00    0.00   77.00    81  pgbackrest
02:49:00       26    293186   66.00    4.00    0.00    0.00   70.00    65  pgbackrest
02:49:00       26    293187   80.00   12.00    0.00    1.00   92.00    99  pgbackrest
02:49:00       26    293188   76.00   13.00    0.00    1.00   89.00   119  pgbackrest
02:49:00       26    293189   48.00    7.00    0.00    0.00   55.00     2  pgbackrest
02:49:00       26    293190   40.00   11.00    0.00    0.00   51.00    68  pgbackrest
02:49:00       26    293191   41.00    9.00    0.00    0.00   50.00     3  pgbackrest
02:49:00       26    293192   68.00    6.00    0.00    0.00   74.00    15  pgbackrest
02:49:00       26    293193   67.00   13.00    0.00    0.00   80.00    64  pgbackrest
02:49:00       26    293194   49.00   10.00    0.00    0.00   59.00     5  pgbackrest
02:49:00       26    293195   57.00    7.00    0.00    0.00   64.00    94  pgbackrest
02:49:00       26    293196   57.00    8.00    0.00    0.00   65.00    88  pgbackrest
02:49:00       26    293197   53.00    7.00    0.00    0.00   60.00    12  pgbackrest
02:49:00       26    293198   72.00   12.00    0.00    1.00   84.00    23  pgbackrest
02:49:00       26    293199   51.00    3.00    0.00    0.00   54.00     8  pgbackrest
02:49:00       26    293200   71.00   22.00    0.00    1.00   93.00    24  pgbackrest
02:49:00       26    293201   69.00   14.00    0.00    1.00   83.00     2  pgbackrest
02:49:00       26    293202   55.00    7.00    0.00    0.00   62.00     0  pgbackrest
02:49:00       26    293203   49.00    7.00    0.00    0.00   56.00     7  pgbackrest
02:49:00       26    293204   85.00    7.00    0.00    0.00   92.00    50  pgbackrest
02:49:00       26    293205   47.00    9.00    0.00    0.00   56.00    30  pgbackrest
02:49:00       26    293206   63.00   10.00    0.00    0.00   73.00   105  pgbackrest
02:49:00       26    293207   72.00   15.00    0.00    1.00   87.00    71  pgbackrest
02:49:00       26    293208   63.00    8.00    0.00    1.00   71.00    21  pgbackrest
02:49:00       26    293209   79.00    9.00    0.00    0.00   88.00    40  pgbackrest
02:49:00       26    293210   71.00    6.00    0.00    0.00   77.00   118  pgbackrest
02:49:00       26    293211   57.00    7.00    0.00    0.00   64.00    11  pgbackrest
02:49:00       26    293212   77.00    5.00    0.00    0.00   82.00   111  pgbackrest
02:49:00       26    293213   59.00   13.00    0.00    0.00   72.00   125  pgbackrest
02:49:00       26    293214   82.00   13.00    0.00    1.00   95.00    87  pgbackrest
02:49:00       26    293215   43.00    5.00    0.00    0.00   48.00     9  pgbackrest
02:49:00       26    293216   75.00   16.00    0.00    0.00   91.00    76  pgbackrest
02:49:00       26    293217   69.00   15.00    0.00    1.00   84.00    10  pgbackrest
02:49:00       26    293218   69.00   10.00    0.00    0.00   79.00    17  pgbackrest
02:49:00       26    293219   63.00    7.00    0.00    0.00   70.00    97  pgbackrest
02:49:00       26    293220   59.00    9.00    0.00    0.00   68.00    86  pgbackrest
02:49:00       26    293221   73.00   12.00    0.00    1.00   85.00    35  pgbackrest
02:49:00       26    293222   64.00    8.00    0.00    0.00   72.00    47  pgbackrest
02:49:00       26    293223   61.00    8.00    0.00    0.00   69.00    25  pgbackrest
02:49:00       26    293224   75.00    7.00    0.00    1.00   82.00   117  pgbackrest
02:49:00       26    293225   51.00   24.00    0.00    3.00   75.00    26  pgbackrest
02:49:00       26    293226   73.00    9.00    0.00    0.00   82.00    34  pgbackrest
02:49:00       26    293227   70.00   12.00    0.00    1.00   82.00    55  pgbackrest
02:49:00       26    293228   60.00   11.00    0.00    0.00   71.00    14  pgbackrest
02:49:00       26    293229   74.00   10.00    0.00    0.00   84.00    79  pgbackrest
02:49:00       26    293230   73.00   10.00    0.00    0.00   83.00    11  pgbackrest
02:49:00       26    293231   78.00    9.00    0.00    0.00   87.00   123  pgbackrest
02:49:00       26    293232   52.00   10.00    0.00    1.00   62.00    74  pgbackrest
02:49:00       26    293233    2.00    0.00    0.00    2.00    2.00    17  pgbackrest
02:49:00       26    293234    1.00    2.00    0.00    5.00    3.00    14  pgbackrest
02:49:00       26    293235    5.00    1.00    0.00    3.00    6.00    18  pgbackrest

02:49:00      UID       PID    %usr %system  %guest   %wait    %CPU   CPU  Command
02:49:01        0     10713    0.00    1.00    0.00    0.00    1.00    70  containerd
02:49:01        0     10779    0.00    1.00    0.00    0.00    1.00   101  kubelet
02:49:01    10001     36048    1.00    0.00    0.00    0.00    1.00    58  cnpg-i-pgbackre
02:49:01        0    293017    1.00    3.00    0.00    0.00    4.00     1  pidstat
02:49:01       26    293085    9.00    1.00    0.00    0.00   10.00    90  pgbackrest
02:49:01       26    293108   38.00    2.00    0.00    0.00   40.00    58  pgbackrest
02:49:01       26    293109   41.00    1.00    0.00    0.00   42.00   125  pgbackrest
02:49:01       26    293110   33.00    2.00    0.00    0.00   35.00     2  pgbackrest
02:49:01       26    293111   35.00    1.00    0.00    0.00   36.00    14  pgbackrest
02:49:01       26    293112   37.00    2.00    0.00    0.00   39.00    36  pgbackrest
02:49:01       26    293113   31.00    1.00    0.00    0.00   32.00   114  pgbackrest
02:49:01       26    293114   44.00    0.00    0.00    0.00   44.00    94  pgbackrest
02:49:01       26    293115   24.00    3.00    0.00    0.00   27.00    89  pgbackrest
02:49:01       26    293116   38.00    0.00    0.00    0.00   38.00   117  pgbackrest
02:49:01       26    293117   34.00    3.00    0.00    0.00   37.00    91  pgbackrest
02:49:01       26    293118   34.00    3.00    0.00    0.00   37.00    32  pgbackrest
02:49:01       26    293119   38.00    3.00    0.00    0.00   41.00    84  pgbackrest
02:49:01       26    293120   43.00    1.00    0.00    0.00   44.00   120  pgbackrest
02:49:01       26    293121   36.00    1.00    0.00    0.00   37.00    33  pgbackrest
02:49:01       26    293122   40.00    2.00    0.00    0.00   42.00    46  pgbackrest
02:49:01       26    293123   37.00    3.00    0.00    0.00   40.00     3  pgbackrest
02:49:01       26    293124   42.00    2.00    0.00    0.00   44.00    42  pgbackrest
02:49:01       26    293127   15.00    0.00    0.00    0.00   15.00    71  pgbackrest
02:49:01       26    293133    1.00    0.00    0.00    0.00    1.00    11  pgbackrest
02:49:01       26    293135    1.00    0.00    0.00    0.00    1.00    70  pgbackrest
02:49:01       26    293136   11.00    0.00    0.00    0.00   11.00    94  pgbackrest
02:49:01       26    293137    1.00    0.00    0.00    0.00    1.00    88  pgbackrest
02:49:01       26    293139    0.00    1.00    0.00    0.00    1.00     0  pgbackrest
02:49:01       26    293140    0.00    1.00    0.00    0.00    1.00    82  pgbackrest
02:49:01       26    293142    5.00    1.00    0.00    0.00    6.00    28  pgbackrest
02:49:01       26    293144    6.00    2.00    0.00    0.00    8.00    80  pgbackrest
02:49:01       26    293148    1.00    0.00    0.00    0.00    1.00     9  pgbackrest
02:49:01       26    293150   19.00    0.00    0.00    0.00   19.00    13  pgbackrest
02:49:01       26    293154    1.00    0.00    0.00    0.00    1.00    18  pgbackrest
02:49:01       26    293156    1.00    0.00    0.00    0.00    1.00    10  pgbackrest
02:49:01       26    293157    1.00    0.00    0.00    0.00    1.00    25  pgbackrest
02:49:01       26    293158    3.00    1.00    0.00    0.00    4.00    91  pgbackrest
02:49:01       26    293159   11.00    0.00    0.00    0.00   11.00    15  pgbackrest
02:49:01       26    293160    1.00    0.00    0.00    0.00    1.00    17  pgbackrest
02:49:01       26    293162   12.00    0.00    0.00    0.00   12.00    73  pgbackrest
02:49:01       26    293163    1.00    0.00    0.00    0.00    1.00    20  pgbackrest
02:49:01       26    293164    1.00    1.00    0.00    0.00    2.00    65  pgbackrest
02:49:01       26    293166    1.00    0.00    0.00    0.00    1.00    21  pgbackrest
02:49:01       26    293168    1.00    0.00    0.00    0.00    1.00     4  pgbackrest
02:49:01       26    293169    0.00    1.00    0.00    0.00    1.00    23  pgbackrest
02:49:01       26    293170    1.00    0.00    0.00    0.00    1.00    19  pgbackrest
02:49:01       26    293172    1.00    1.00    0.00    0.00    2.00    92  pgbackrest
02:49:01       26    293174    1.00    0.00    0.00    0.00    1.00    77  pgbackrest
02:49:01       26    293175    0.00    1.00    0.00    0.00    1.00    27  pgbackrest
02:49:01       26    293178    0.00    1.00    0.00    0.00    1.00    94  pgbackrest
02:49:01       26    293181    1.00    1.00    0.00    0.00    2.00    72  pgbackrest
02:49:01       26    293182    1.00    0.00    0.00    0.00    1.00    11  pgbackrest
02:49:01       26    293186    1.00    0.00    0.00    0.00    1.00    63  pgbackrest
02:49:01       26    293187    3.00    0.00    0.00    0.00    3.00    12  pgbackrest
02:49:01       26    293188    4.00    0.00    0.00    0.00    4.00    76  pgbackrest
02:49:01       26    293189    1.00    0.00    0.00    0.00    1.00    16  pgbackrest
02:49:01       26    293190    1.00    0.00    0.00    0.00    1.00    68  pgbackrest
02:49:01       26    293193    1.00    0.00    0.00    0.00    1.00    64  pgbackrest
02:49:01       26    293198   27.00    4.00    0.00    0.00   31.00   116  pgbackrest
02:49:01       26    293199    1.00    0.00    0.00    0.00    1.00    92  pgbackrest
02:49:01       26    293200   10.00    3.00    0.00    0.00   13.00   106  pgbackrest
02:49:01       26    293201    1.00    0.00    0.00    0.00    1.00    91  pgbackrest
02:49:01       26    293204    5.00    1.00    0.00    0.00    6.00    54  pgbackrest
02:49:01       26    293205    1.00    1.00    0.00    0.00    2.00    30  pgbackrest
02:49:01       26    293209    1.00    0.00    0.00    0.00    1.00    62  pgbackrest
02:49:01       26    293210    1.00    0.00    0.00    0.00    1.00    93  pgbackrest
02:49:01       26    293211    1.00    0.00    0.00    0.00    1.00     8  pgbackrest
02:49:01       26    293213    1.00    0.00    0.00    0.00    1.00    10  pgbackrest
02:49:01       26    293214    5.00    0.00    0.00    0.00    5.00   108  pgbackrest
02:49:01       26    293215    1.00    0.00    0.00    0.00    1.00    11  pgbackrest
02:49:01       26    293217   18.00    3.00    0.00    0.00   21.00     1  pgbackrest
02:49:01       26    293218    1.00    0.00    0.00    0.00    1.00     7  pgbackrest
02:49:01       26    293219    1.00    0.00    0.00    0.00    1.00   119  pgbackrest
02:49:01       26    293221    1.00    0.00    0.00    0.00    1.00   106  pgbackrest
02:49:01       26    293222    1.00    0.00    0.00    0.00    1.00   126  pgbackrest
02:49:01       26    293223    1.00    1.00    0.00    0.00    2.00    18  pgbackrest
02:49:01       26    293225   45.00    5.00    0.00    0.00   50.00   107  pgbackrest
02:49:01       26    293229    6.00    1.00    0.00    0.00    7.00    79  pgbackrest
02:49:01       26    293231   11.00    2.00    0.00    0.00   13.00    88  pgbackrest
02:49:01       26    293232   34.00    3.00    0.00    0.00   37.00    74  pgbackrest

02:49:01      UID       PID    %usr %system  %guest   %wait    %CPU   CPU  Command
02:49:02        0     10713    1.00    0.00    0.00    0.00    1.00    70  containerd
02:49:02        0     10779    1.00    1.00    0.00    0.00    2.00   101  kubelet
02:49:02     1000     17354    1.00    0.00    0.00    0.00    1.00    62  metrics-server
02:49:02       26    281496    1.00    0.00    0.00    0.00    1.00    34  manager
02:49:02        0    293017    1.00    2.00    0.00    0.00    3.00     1  pidstat
02:49:02       26    293108   41.00    2.00    0.00    0.00   43.00    58  pgbackrest
02:49:02       26    293109   41.00    1.00    0.00    0.00   42.00   125  pgbackrest
02:49:02       26    293110   35.00    4.00    0.00    0.00   39.00     2  pgbackrest
02:49:02       26    293111   38.00    0.00    0.00    0.00   38.00    14  pgbackrest
02:49:02       26    293112   33.00    4.00    0.00    0.00   37.00    36  pgbackrest
02:49:02       26    293113   31.00    4.00    0.00    0.00   35.00   114  pgbackrest
02:49:02       26    293114   37.00    3.00    0.00    0.00   40.00    94  pgbackrest
02:49:02       26    293115   32.00    0.00    0.00    0.00   32.00    89  pgbackrest
02:49:02       26    293116   41.00    1.00    0.00    0.00   42.00   117  pgbackrest
02:49:02       26    293117   42.00    0.00    0.00    0.00   42.00    27  pgbackrest
02:49:02       26    293118   24.00    3.00    0.00    0.00   27.00    32  pgbackrest
02:49:02       26    293119   34.00    4.00    0.00    0.00   38.00    84  pgbackrest
02:49:02       26    293120   35.00    0.00    0.00    0.00   35.00   120  pgbackrest
02:49:02       26    293121   31.00    5.00    0.00    0.00   36.00     0  pgbackrest
02:49:02       26    293122   36.00    1.00    0.00    0.00   37.00    46  pgbackrest
02:49:02       26    293123   31.00    2.00    0.00    0.00   33.00     3  pgbackrest
02:49:02       26    293124   37.00    5.00    0.00    0.00   42.00    42  pgbackrest
02:49:02       26    293232   33.00    4.00    0.00    0.00   37.00    74  pgbackrest

02:49:02      UID       PID    %usr %system  %guest   %wait    %CPU   CPU  Command
02:49:03        0       414    0.00    1.00    0.00    0.00    1.00    78  ksoftirqd/78
02:49:03        0      1502    0.00    1.00    0.00    0.00    1.00     9  kworker/9:1-events
02:49:03        0     10779    1.00    0.00    0.00    0.00    1.00   101  kubelet
02:49:03    65532     13844    0.00    1.00    0.00    0.00    1.00   108  coredns
02:49:03    10001     28603    0.00    1.00    0.00    0.00    1.00   108  manager
02:49:03        0    293017    1.00    1.00    0.00    0.00    2.00     1  pidstat
02:49:03       26    293108   40.00    2.00    0.00    0.00   42.00    58  pgbackrest
02:49:03       26    293109   38.00    3.00    0.00    0.00   41.00   125  pgbackrest
02:49:03       26    293110   32.00    2.00    0.00    0.00   34.00     2  pgbackrest
02:49:03       26    293111   35.00    1.00    0.00    0.00   36.00    14  pgbackrest
02:49:03       26    293112   33.00    5.00    0.00    0.00   38.00    36  pgbackrest
02:49:03       26    293113   37.00    4.00    0.00    0.00   41.00   114  pgbackrest
02:49:03       26    293114   36.00    2.00    0.00    0.00   38.00    94  pgbackrest
02:49:03       26    293115   29.00    3.00    0.00    0.00   32.00    89  pgbackrest
02:49:03       26    293116   37.00    0.00    0.00    0.00   37.00   117  pgbackrest
02:49:03       26    293117   34.00    3.00    0.00    0.00   37.00    27  pgbackrest
02:49:03       26    293118   29.00    3.00    0.00    0.00   32.00    32  pgbackrest
02:49:03       26    293119   38.00    2.00    0.00    0.00   40.00    84  pgbackrest
02:49:03       26    293120   38.00    2.00    0.00    0.00   40.00   120  pgbackrest
02:49:03       26    293121   34.00    2.00    0.00    0.00   36.00   116  pgbackrest
02:49:03       26    293122   33.00    2.00    0.00    0.00   35.00    46  pgbackrest
02:49:03       26    293123   30.00    1.00    0.00    0.00   31.00     3  pgbackrest
02:49:03       26    293124   35.00    3.00    0.00    0.00   38.00    42  pgbackrest
02:49:03       26    293232   39.00    0.00    0.00    0.00   39.00    10  pgbackrest

02:49:03      UID       PID    %usr %system  %guest   %wait    %CPU   CPU  Command
02:49:04        0     10713    1.00    0.00    0.00    0.00    1.00    70  containerd
02:49:04        0     10779    0.00    1.00    0.00    0.00    1.00   101  kubelet
02:49:04    65532     32181    0.00    1.00    0.00    0.00    1.00    30  cainjector
02:49:04        0     35961    1.00    0.00    0.00    0.00    1.00    53  containerd-shim
02:49:04        0    293017    2.00    1.00    0.00    0.00    3.00     1  pidstat
02:49:04       26    293108   34.00    3.00    0.00    0.00   37.00    58  pgbackrest
02:49:04       26    293109   39.00    1.00    0.00    0.00   40.00   125  pgbackrest
02:49:04       26    293110   33.00    4.00    0.00    0.00   37.00     2  pgbackrest
02:49:04       26    293111   33.00    4.00    0.00    0.00   37.00    14  pgbackrest
02:49:04       26    293112   34.00    3.00    0.00    0.00   37.00    36  pgbackrest
02:49:04       26    293113   37.00    2.00    0.00    0.00   39.00   114  pgbackrest
02:49:04       26    293114   38.00    4.00    0.00    0.00   42.00    30  pgbackrest
02:49:04       26    293115   30.00    1.00    0.00    0.00   31.00    89  pgbackrest
02:49:04       26    293116   35.00    2.00    0.00    0.00   37.00   117  pgbackrest
02:49:04       26    293117   33.00    6.00    0.00    0.00   39.00    27  pgbackrest
02:49:04       26    293118   29.00    3.00    0.00    0.00   32.00    32  pgbackrest
02:49:04       26    293119   37.00    1.00    0.00    0.00   38.00    20  pgbackrest
02:49:04       26    293120   38.00    2.00    0.00    0.00   40.00   120  pgbackrest
02:49:04       26    293121   36.00    6.00    0.00    0.00   42.00   116  pgbackrest
02:49:04       26    293122   40.00    2.00    0.00    0.00   42.00    46  pgbackrest
02:49:04       26    293123   30.00    2.00    0.00    0.00   32.00     3  pgbackrest
02:49:04       26    293124   36.00    0.00    0.00    0.00   36.00    42  pgbackrest
02:49:04       26    293232   35.00    5.00    0.00    0.00   40.00    10  pgbackrest

02:49:04      UID       PID    %usr %system  %guest   %wait    %CPU   CPU  Command
02:49:05        0      2164    0.00    1.00    0.00    3.00    1.00   116  kworker/116:1-events
02:49:05        0     10779    0.00    3.00    0.00    0.00    3.00   101  kubelet
02:49:05        0    292863    1.00    0.00    0.00    0.00    1.00    19  containerd-shim
02:49:05        0    292986    1.00    0.00    0.00    0.00    1.00    76  sadc
02:49:05        0    293017    2.00    1.00    0.00    0.00    3.00     1  pidstat
02:49:05       26    293085    1.00    0.00    0.00    0.00    1.00    90  pgbackrest
02:49:05       26    293108   36.00    1.00    0.00    0.00   37.00    58  pgbackrest
02:49:05       26    293109   40.00    3.00    0.00    0.00   43.00   125  pgbackrest
02:49:05       26    293110   40.00    2.00    0.00    0.00   42.00     2  pgbackrest
02:49:05       26    293111   31.00    2.00    0.00    0.00   33.00    14  pgbackrest
02:49:05       26    293112   39.00    3.00    0.00    0.00   42.00    36  pgbackrest
02:49:05       26    293113   27.00    5.00    0.00    0.00   32.00   114  pgbackrest
02:49:05       26    293114   36.00    1.00    0.00    0.00   37.00    30  pgbackrest
02:49:05       26    293115   26.00    1.00    0.00    0.00   27.00    89  pgbackrest
02:49:05       26    293116   35.00    3.00    0.00    0.00   38.00   117  pgbackrest
02:49:05       26    293117   38.00    3.00    0.00    0.00   41.00    27  pgbackrest
02:49:05       26    293118   26.00    1.00    0.00    0.00   27.00    32  pgbackrest
02:49:05       26    293119   36.00    1.00    0.00    0.00   37.00    20  pgbackrest
02:49:05       26    293120   36.00    1.00    0.00    0.00   37.00   120  pgbackrest
02:49:05       26    293121   33.00    2.00    0.00    0.00   35.00   116  pgbackrest
02:49:05       26    293122   40.00    2.00    0.00    0.00   42.00    46  pgbackrest
02:49:05       26    293123   31.00    2.00    0.00    0.00   33.00     3  pgbackrest
02:49:05       26    293124   38.00    5.00    0.00    0.00   43.00    42  pgbackrest
02:49:05       26    293232   38.00    1.00    0.00    0.00   39.00    10  pgbackrest

02:49:05      UID       PID    %usr %system  %guest   %wait    %CPU   CPU  Command
02:49:06        0      2135    1.00    0.00    0.00    0.00    1.00    24  kworker/24:1-events
02:49:06        0      2212    0.00    1.00    0.00    0.00    1.00     3  kworker/3:1-mm_percpu_wq
02:49:06        0     10779    1.00    0.00    0.00    0.00    1.00   101  kubelet
02:49:06        0     11371    0.00    1.00    0.00    0.00    1.00    87  aws-k8s-agent
02:49:06     1000     17351    1.00    0.00    0.00    0.00    1.00    28  metrics-server
02:49:06    65532     32267    2.00    0.00    0.00    0.00    2.00   127  controller
02:49:06        0     91562    0.00    1.00    0.00    0.00    1.00    70  kworker/70:2-mm_percpu_wq
02:49:06        0    292962    1.00    0.00    0.00    0.00    1.00    54  iostat
02:49:06        0    293017    0.00    3.00    0.00    0.00    3.00     1  pidstat
02:49:06       26    293108   35.00    2.00    0.00    0.00   37.00    58  pgbackrest
02:49:06       26    293109   41.00    1.00    0.00    0.00   42.00   125  pgbackrest
02:49:06       26    293110   35.00    4.00    0.00    0.00   39.00     2  pgbackrest
02:49:06       26    293111   32.00    5.00    0.00    0.00   37.00    14  pgbackrest
02:49:06       26    293112   35.00    3.00    0.00    0.00   38.00    36  pgbackrest
02:49:06       26    293113   30.00    2.00    0.00    0.00   32.00   114  pgbackrest
02:49:06       26    293114   39.00    3.00    0.00    0.00   42.00    30  pgbackrest
02:49:06       26    293115   24.00    2.00    0.00    0.00   26.00    89  pgbackrest
02:49:06       26    293116   39.00    2.00    0.00    0.00   41.00   117  pgbackrest
02:49:06       26    293117   36.00    3.00    0.00    0.00   39.00   126  pgbackrest
02:49:06       26    293118   31.00    2.00    0.00    0.00   33.00    32  pgbackrest
02:49:06       26    293119   41.00    1.00    0.00    0.00   42.00    20  pgbackrest
02:49:06       26    293120   40.00    2.00    0.00    0.00   42.00   120  pgbackrest
02:49:06       26    293121   37.00    2.00    0.00    0.00   39.00    52  pgbackrest
02:49:06       26    293122   37.00    1.00    0.00    0.00   38.00    46  pgbackrest
02:49:06       26    293123   29.00    0.00    0.00    0.00   29.00     3  pgbackrest
02:49:06       26    293124   36.00    3.00    0.00    0.00   39.00    42  pgbackrest
02:49:06       26    293232   37.00    3.00    0.00    0.00   40.00    10  pgbackrest

02:49:06      UID       PID    %usr %system  %guest   %wait    %CPU   CPU  Command
02:49:07        0     10713    2.00    0.00    0.00    0.00    2.00    70  containerd
02:49:07        0     10779    1.00    0.00    0.00    0.00    1.00   101  kubelet
02:49:07    65532     13836    1.00    0.00    0.00    0.00    1.00   124  coredns
02:49:07    10001     33594    0.00    1.00    0.00    0.00    1.00    75  manager
02:49:07        0    293017    3.00    0.00    0.00    0.00    3.00     1  pidstat
02:49:07       26    293108   41.00    0.00    0.00    0.00   41.00    58  pgbackrest
02:49:07       26    293109   36.00    2.00    0.00    0.00   38.00   125  pgbackrest
02:49:07       26    293110   35.00    3.00    0.00    0.00   38.00     2  pgbackrest
02:49:07       26    293111   35.00    0.00    0.00    0.00   35.00    14  pgbackrest
02:49:07       26    293112   34.00    4.00    0.00    0.00   38.00    36  pgbackrest
02:49:07       26    293113   33.00    2.00    0.00    0.00   35.00   114  pgbackrest
02:49:07       26    293114   42.00    1.00    0.00    0.00   43.00    30  pgbackrest
02:49:07       26    293115   31.00    1.00    0.00    0.00   32.00    89  pgbackrest
02:49:07       26    293116   34.00    3.00    0.00    0.00   37.00   117  pgbackrest
02:49:07       26    293117   38.00    3.00    0.00    0.00   41.00   126  pgbackrest
02:49:07       26    293118   32.00    0.00    0.00    0.00   32.00    32  pgbackrest
02:49:07       26    293119   42.00    1.00    0.00    0.00   43.00    20  pgbackrest
02:49:07       26    293120   31.00    7.00    0.00    0.00   38.00   120  pgbackrest
02:49:07       26    293121   32.00    1.00    0.00    0.00   33.00   116  pgbackrest
02:49:07       26    293122   37.00    0.00    0.00    0.00   37.00    46  pgbackrest
02:49:07       26    293123   27.00    5.00    0.00    0.00   32.00     3  pgbackrest
02:49:07       26    293124   36.00    2.00    0.00    0.00   38.00    42  pgbackrest
02:49:07       26    293188    1.00    0.00    0.00    0.00    1.00    76  pgbackrest
02:49:07       26    293232   31.00    1.00    0.00    0.00   32.00    10  pgbackrest

02:49:07      UID       PID    %usr %system  %guest   %wait    %CPU   CPU  Command
02:49:08        0        20    0.00    1.00    0.00  985.00    1.00    76  rcu_exp_gp_kthread_worker
02:49:08        0     10713    1.00    1.00    0.00    0.00    2.00    70  containerd
02:49:08        0     10779   14.00    0.00    0.00    0.00   14.00   101  kubelet
02:49:08        0     10902    1.00    0.00    0.00    0.00    1.00    35  containerd-shim
02:49:08    65532     32181    1.00    0.00    0.00    0.00    1.00    30  cainjector
02:49:08        0    293017    1.00    2.00    0.00    0.00    3.00     1  pidstat
02:49:08       26    293108   28.00    1.00    0.00    0.00   29.00    58  pgbackrest
02:49:08       26    293109    9.00    1.00    0.00    0.00   10.00   125  pgbackrest
02:49:08       26    293110   31.00    1.00    0.00    0.00   32.00     2  pgbackrest
02:49:08       26    293111   28.00    2.00    0.00    0.00   30.00    14  pgbackrest
02:49:08       26    293112   29.00    3.00    0.00    0.00   32.00    36  pgbackrest
02:49:08       26    293113   26.00    2.00    0.00    0.00   28.00   114  pgbackrest
02:49:08       26    293114   13.00    0.00    0.00    0.00   13.00    30  pgbackrest
02:49:08       26    293115   23.00    3.00    0.00    0.00   26.00    89  pgbackrest
02:49:08       26    293116   36.00    3.00    0.00    0.00   39.00   117  pgbackrest
02:49:08       26    293117   19.00    1.00    0.00    0.00   20.00     0  pgbackrest
02:49:08       26    293118   30.00    2.00    0.00    0.00   32.00    32  pgbackrest
02:49:08       26    293119   21.00    2.00    0.00    0.00   23.00    20  pgbackrest
02:49:08       26    293120   17.00    1.00    0.00    0.00   18.00   120  pgbackrest
02:49:08       26    293121   38.00    8.00    0.00    0.00   46.00   116  pgbackrest
02:49:08       26    293122   26.00    3.00    0.00    0.00   29.00    46  pgbackrest
02:49:08       26    293123   29.00    3.00    0.00    0.00   32.00    22  pgbackrest
02:49:08       26    293124   21.00    1.00    0.00    0.00   22.00    42  pgbackrest
02:49:08       26    293232   27.00    3.00    0.00    0.00   30.00    10  pgbackrest

02:49:08      UID       PID    %usr %system  %guest   %wait    %CPU   CPU  Command
02:49:09        0     10713    1.00    0.00    0.00    0.00    1.00    70  containerd
02:49:09        0     10779    2.00    0.00    0.00    0.00    2.00   101  kubelet
02:49:09    65532     13844    1.00    0.00    0.00    0.00    1.00   108  coredns
02:49:09     1000     17354    1.00    0.00    0.00    0.00    1.00    62  metrics-server
02:49:09        0     18591    0.00    1.00    0.00    0.00    1.00    75  containerd-shim
02:49:09        0    293017    2.00    0.00    0.00    0.00    2.00     1  pidstat
02:49:09       26    293110    1.00    1.00    0.00    0.00    2.00     2  pgbackrest
02:49:09       26    293111   21.00    3.00    0.00    0.00   24.00    14  pgbackrest
02:49:09       26    293113   25.00    4.00    0.00    0.00   29.00   114  pgbackrest
02:49:09       26    293115   26.00    0.00    0.00    0.00   26.00    89  pgbackrest
02:49:09       26    293116    1.00    0.00    0.00    0.00    1.00   117  pgbackrest
02:49:09       26    293118   31.00    1.00    0.00    0.00   32.00    32  pgbackrest
02:49:09       26    293121   17.00    1.00    0.00    0.00   18.00   116  pgbackrest
02:49:09       26    293123   30.00    2.00    0.00    0.00   32.00    22  pgbackrest
02:49:09       26    293232    0.00    1.00    0.00    0.00    1.00    10  pgbackrest

02:49:09      UID       PID    %usr %system  %guest   %wait    %CPU   CPU  Command
02:49:10        0     10713    1.00    0.00    0.00    0.00    1.00    70  containerd
02:49:10        0     10779    2.00    0.00    0.00    0.00    2.00   101  kubelet
02:49:10        0     10902    1.00    0.00    0.00    0.00    1.00    35  containerd-shim
02:49:10        0     10903    0.00    1.00    0.00    0.00    1.00    56  containerd-shim
02:49:10    65532     34841    1.00    0.00    0.00    0.00    1.00    62  manager
02:49:10        0    281255    0.00    1.00    0.00    0.00    1.00    63  containerd-shim
02:49:10       26    281542    0.00    1.00    0.00    0.00    1.00   116  postgres
02:49:10        0    293017    1.00    2.00    0.00    0.00    3.00     1  pidstat
02:49:10       26    293115   24.00    1.00    0.00    0.00   25.00    89  pgbackrest
02:49:10       26    293118   27.00    2.00    0.00    0.00   29.00    32  pgbackrest
02:49:10       26    293123   26.00    0.00    0.00    0.00   26.00    22  pgbackrest

02:49:10      UID       PID    %usr %system  %guest   %wait    %CPU   CPU  Command
02:49:11        0     10052    0.00    1.00    0.00    0.00    1.00     3  irqbalance
02:49:11        0     10713    8.00    3.00    0.00    0.00   11.00    70  containerd
02:49:11        0     10779    1.00    0.00    0.00    0.00    1.00   101  kubelet
02:49:11        0    293017    0.00    2.00    0.00    0.00    2.00     1  pidstat
02:49:11       26    293115   20.00    0.00    0.00    0.00   20.00    89  pgbackrest
02:49:11       26    293123    1.00    1.00    0.00    0.00    2.00    22  pgbackrest

02:49:11      UID       PID    %usr %system  %guest   %wait    %CPU   CPU  Command
02:49:12     1000     17351    1.00    0.00    0.00    0.00    1.00    28  metrics-server
02:49:12        0    293017    1.00    3.00    0.00    0.00    4.00     1  pidstat
02:49:12       26    293085    1.00    1.00    0.00    0.00    2.00    90  pgbackrest
02:49:12       26    293115    5.00    0.00    0.00    0.00    5.00    89  pgbackrest

02:49:12      UID       PID    %usr %system  %guest   %wait    %CPU   CPU  Command
02:49:13        0     10779    1.00    0.00    0.00    0.00    1.00   101  kubelet
02:49:13    10001     28603    0.00    1.00    0.00    0.00    1.00   108  manager
02:49:13        0     44736    1.00    0.00    0.00    0.00    1.00    53  kworker/53:2-events
02:49:13        0    292980    1.00    0.00    0.00    0.00    1.00    77  sar
02:49:13        0    293017    0.00    2.00    0.00    0.00    2.00     1  pidstat
02:49:13       26    293120    1.00    0.00    0.00    0.00    1.00    12  pgbackrest

02:49:13      UID       PID    %usr %system  %guest   %wait    %CPU   CPU  Command
02:49:14        0     10713    1.00    1.00    0.00    0.00    2.00    70  containerd
02:49:14        0     10779    1.00    0.00    0.00    0.00    1.00   101  kubelet
02:49:14    65532     13836    1.00    0.00    0.00    0.00    1.00   124  coredns
02:49:14        0     28552    0.00    1.00    0.00    0.00    1.00   110  containerd-shim
02:49:14    65532     34841    0.00    1.00    0.00    0.00    1.00    62  manager
02:49:14       26    281496    1.00    0.00    0.00    0.00    1.00    34  manager
02:49:14        0    293017    0.00    2.00    0.00    0.00    2.00     1  pidstat
02:49:14       26    293085    2.00    0.00    0.00    0.00    2.00    90  pgbackrest
02:49:14       26    293344    1.00    2.00    0.00    0.00    3.00   100  manager
02:49:14       26    293365    2.00    2.00    0.00    0.00    4.00    29  pgbackrest

02:49:14      UID       PID    %usr %system  %guest   %wait    %CPU   CPU  Command
02:49:15        0     10779    2.00    0.00    0.00    0.00    2.00   101  kubelet
02:49:15    10001     28603    0.00    1.00    0.00    0.00    1.00   108  manager
02:49:15        0     32124    0.00    1.00    0.00    0.00    1.00    36  containerd-shim
02:49:15       26    281361    1.00    0.00    0.00    0.00    1.00    49  manager
02:49:15       26    281496    3.00    1.00    0.00    0.00    4.00    85  manager
02:49:15        0    293017    1.00    2.00    0.00    0.00    3.00     1  pidstat

02:49:15      UID       PID    %usr %system  %guest   %wait    %CPU   CPU  Command
02:49:16        0     10713    1.00    0.00    0.00    0.00    1.00    70  containerd
02:49:16        0     10779    2.00    0.00    0.00    0.00    2.00   101  kubelet
02:49:16     1000     17354    1.00    0.00    0.00    0.00    1.00    62  metrics-server
02:49:16        0    293017    0.00    2.00    0.00    0.00    2.00     1  pidstat

02:49:16      UID       PID    %usr %system  %guest   %wait    %CPU   CPU  Command
02:49:17        0     10713    0.00    1.00    0.00    0.00    1.00    70  containerd
02:49:17        0     11371    1.00    0.00    0.00    0.00    1.00    87  aws-k8s-agent
02:49:17        0    292863    1.00    0.00    0.00    0.00    1.00    19  containerd-shim
02:49:17        0    293017    1.00    1.00    0.00    0.00    2.00     1  pidstat

02:49:17      UID       PID    %usr %system  %guest   %wait    %CPU   CPU  Command
02:49:18        0     10779   11.00    0.00    0.00    0.00   11.00   101  kubelet
02:49:18        0    293017    2.00    0.00    0.00    0.00    2.00     1  pidstat

02:49:18      UID       PID    %usr %system  %guest   %wait    %CPU   CPU  Command
02:49:19        0     10713    1.00    1.00    0.00    0.00    2.00    70  containerd
02:49:19        0     10779    1.00    0.00    0.00    0.00    1.00   101  kubelet
02:49:19        0     13727    0.00    1.00    0.00    0.00    1.00    63  containerd-shim
02:49:19        0     13730    0.00    1.00    0.00    0.00    1.00    14  containerd-shim
02:49:19     1000     17351    1.00    0.00    0.00    0.00    1.00    28  metrics-server
02:49:19    65532     32267    1.00    0.00    0.00    0.00    1.00   127  controller
02:49:19    65532     32340    1.00    0.00    0.00    0.00    1.00     4  webhook
02:49:19        0    292962    1.00    0.00    0.00    0.00    1.00    54  iostat
02:49:19        0    293017    1.00    1.00    0.00    0.00    2.00     1  pidstat

02:49:19      UID       PID    %usr %system  %guest   %wait    %CPU   CPU  Command
02:49:20        0     10713    1.00    0.00    0.00    0.00    1.00    70  containerd
02:49:20        0     10779    2.00    0.00    0.00    0.00    2.00   101  kubelet
02:49:20    10001     28603    1.00    0.00    0.00    0.00    1.00   108  manager
02:49:20       26    281361    0.00    2.00    0.00    0.00    2.00    49  manager
02:49:20        0    293017    2.00    1.00    0.00    0.00    3.00     1  pidstat
