procs -----------memory---------- ---swap-- -----io---- -system-- -------cpu-------
 r  b   swpd   free   buff  cache   si   so    bi    bo   in   cs us sy id wa st gu
 0  0      0 114876976 3172 142358900 0   0  2196 66863 5319    0  0  0 100 0  0  0
 0  0      0 114860928 3172 142361988 0   0     0     0 3333 3911  0  0 100 0  0  0
 2  0      0 114700500 3172 142361748 0   0     0 18662 6774 12534 1  0 99  0  0  0
 1  0      0 114392208 3172 142418436 0   0     0     0 10851 8642 1  1 98  0  0  0
 1  0      0 114444176 3172 142412552 0   0     0     0 14594 4605 1  0 99  0  0  0
 1  0      0 114434352 3172 142425412 0   0     0    16 15166 5031 1  1 98  0  0  0
 1  0      0 114444592 3172 142418832 0   0     0     0 15114 10387 1 0 99  0  0  0
 1  0      0 114456296 3172 142411372 0   0     0    16 16015 6817 1  0 99  0  0  0
 1  0      0 114419772 3172 142446100 0   0     0    16 13240 4614 1  0 99  0  0  0
 2  0      0 114476312 3172 142395480 0   0     0    16 11833 3843 1  0 99  0  0  0
 2  0      0 114407792 3172 142399668 0   0     0     0 9003 3806  1  0 99  0  0  0
 2  0      0 114324288 3172 142401220 0   0     0     8 9996 7628  1  0 99  0  0  0
 1  0      0 114293580 3172 142382300 0   0     0     0 9801 3644  1  0 99  0  0  0
 2  0      0 114312868 3172 142403232 0   0     0     0 7828 3258  1  0 99  0  0  0
 1  0      0 114239448 3172 142407488 0   0     0     0 8605 3897  1  0 99  0  0  0
 1  0      0 114180860 3172 142405432 0   0     0     0 9492 4460  1  0 99  0  0  0
 1  0      0 114204860 3172 142384804 0   0     0     0 10289 9774 1  0 99  0  0  0
 2  0      0 114167812 3172 142403284 0   0     0     0 8207 6044  1  0 99  0  0  0
 1  0      0 114139432 3172 142383908 0   0     0     0 10644 3814 1  0 99  0  0  0
 1  0      0 114071860 3172 142406084 0   0     0     0 9514 3606  1  0 99  0  0  0
 1  0      0 114071332 3172 142385572 0   0     0     0 10004 4413 1  0 99  0  0  0
procs -----------memory---------- ---swap-- -----io---- -system-- -------cpu-------
 r  b   swpd   free   buff  cache   si   so    bi    bo   in   cs us sy id wa st gu
 2  0      0 114047256 3172 142386472 0   0     0     0 7690 3150  1  0 99  0  0  0
 1  0      0 113998092 3172 142388204 0   0     0     0 9745 3852  1  0 99  0  0  0
 1  0      0 113941948 3172 142388040 0   0     0     0 9176 3491  1  0 99  0  0  0
 1  0      0 113916212 3172 142387384 0   0     0     0 8757 3902  1  0 99  0  0  0
 1  0      0 113871208 3172 142386808 0   0     0     0 8801 4189  1  0 99  0  0  0
 1  0      0 113828924 3172 142407900 0   0     0     0 13439 14038 1 0 99  0  0  0
 1  0      0 113855288 3172 142389464 0   0     0     0 8996 5587  1  0 99  0  0  0
 1  0      0 113822664 3172 142391972 0   0     0    79 8992 3687  1  0 99  0  0  0
 1  0      0 113954808 3172 142394000 0   0     0     0 8524 4168  1  0 99  0  0  0
 1  0      0 113880256 3172 142415476 0   0     0    44 8154 3473  1  0 99  0  0  0
 1  0      0 113856996 3172 142393880 0   0     0     0 9381 3572  1  0 99  0  0  0
 1  0      0 113824644 3172 142392444 0   0     0 21232 9320 3888  1  0 99  0  0  0
 1  0      0 113816048 3172 142390824 0   0     0     0 8070 2966  1  0 99  0  0  0
 1  0      0 113787656 3172 142389228 0   0     0     0 10478 3933 1  0 99  0  0  0
 1  0      0 113732292 3172 142412568 0   0     0     0 10308 4077 1  0 99  0  0  0
 1  0      0 113732004 3172 142393968 0   0     0     0 10738 10132 1 0 99  0  0  0
 2  0      0 113743476 3172 142394856 0   0     0     0 9307 5511  1  0 99  0  0  0
 2  0      0 113698764 3172 142415972 0   0     0     0 9193 3494  1  0 99  0  0  0
 1  0      0 113674192 3172 142394108 0   0     0     0 8167 3918  1  0 99  0  0  0
 1  0      0 113687936 3172 142393564 0   0     0     0 8365 3537  1  0 99  0  0  0
 2  0      0 113665412 3172 142410320 0   0     0     0 9715 7504  1  0 99  0  0  0
procs -----------memory---------- ---swap-- -----io---- -system-- -------cpu-------
 r  b   swpd   free   buff  cache   si   so    bi    bo   in   cs us sy id wa st gu
 1  0      0 113776180 3172 142389204 0   0     0     0 9187 3399  1  0 99  0  0  0
 1  0      0 113770736 3172 142389128 0   0     0     0 8834 3247  1  0 99  0  0  0
 1  0      0 113756516 3172 142390284 0   0     0     0 8992 4196  1  0 99  0  0  0
 1  0      0 113747232 3172 142389960 0   0     0     0 7693 4276  1  0 99  0  0  0
 1  0      0 113749668 3172 142390164 0   0     0     0 12293 10274 1 0 99  0  0  0
 1  0      0 113736244 3172 142390420 0   0     0     0 9147 5637  1  0 99  0  0  0
 2  0      0 113704016 3172 142389060 0   0     0     8 9192 3660  1  0 99  0  0  0
 1  0      0 113710764 3172 142387976 0   0     0     0 8578 3901  1  0 99  0  0  0
 1  0      0 113705672 3172 142386256 0   0     0     0 8643 3774  1  0 99  0  0  0
 1  0      0 113697024 3172 142387520 0   0     0     0 8359 3751  1  0 99  0  0  0
 1  0      0 113695000 3172 142388036 0   0     0     0 9624 3800  1  0 99  0  0  0
 1  0      0 113671296 3172 142387952 0   0     0     0 8855 3265  1  0 99  0  0  0
 1  0      0 113654940 3172 142387612 0   0     0     0 8430 3822  1  0 99  0  0  0
 1  0      0 113686792 3172 142407568 0   0     0     0 10188 4102 1  0 99  0  0  0
 2  0      0 113697740 3172 142385460 0   0     0     0 14131 14204 1 0 99  0  0  0
 1  0      0 113688988 3172 142403844 0   0    48     0 8862 5771  1  0 99  0  0  0
 1  0      0 113668092 3172 142399376 0   0     0   111 9383 3637  1  0 99  0  0  0
 2  0      0 113670660 3172 142397304 0   0     0     0 9778 3690  1  0 99  0  0  0
 1  0      0 113680948 3172 142396888 0   0     0     0 7658 3763  1  0 99  0  0  0
 1  0      0 113638192 3172 142395856 0   0     0     0 8592 3274  1  0 99  0  0  0
 1  0      0 113668452 3172 142394292 0   0     0   156 8783 4317  1  0 99  0  0  0
procs -----------memory---------- ---swap-- -----io---- -system-- -------cpu-------
 r  b   swpd   free   buff  cache   si   so    bi    bo   in   cs us sy id wa st gu
 2  0      0 113649456 3172 142392248 0   0     0     4 8782 4204  1  0 99  0  0  0
 2  0      0 113648340 3172 142390128 0   0     0     0 8622 4113  1  0 99  0  0  0
 1  0      0 113628496 3172 142387056 0   0     0     4 9959 4264  1  0 99  0  0  0
 1  0      0 113611460 3172 142383412 0   0     0     0 12411 9911 1  0 99  0  0  0
 1  0      0 113577624 3172 142403520 0   0     0     0 9191 6125  1  0 99  0  0  0
 1  0      0 113558160 3172 142404608 0   0     0     0 7857 3561  1  0 99  0  0  0
 1  0      0 113541420 3172 142384232 0   0     0     0 7991 3313  1  0 99  0  0  0
 1  0      0 113540900 3172 142383048 0   0     0     0 9069 3603  1  0 99  0  0  0
 1  0      0 113537936 3172 142381756 0   0     0     0 9192 7257  1  0 99  0  0  0
 2  0      0 113550076 3172 142380628 0   0     0     0 8328 3967  1  0 99  0  0  0
 1  0      0 113527544 3172 142399228 0   0     0     0 9528 3288  1  0 99  0  0  0
 2  0      0 113493080 3172 142395708 0   0     0     0 8622 3715  1  0 99  0  0  0
 1  0      0 113520936 3172 142391512 0   0     0     0 8039 4063  1  0 99  0  0  0
 1  0      0 113517924 3172 142392200 0   0     0     0 11111 9836 1  0 99  0  0  0
 1  0      0 113619840 3172 142412708 0   0     0     0 10476 5940 1  0 99  0  0  0
 1  0      0 113602796 3172 142390988 0   0     0     0 9383 3341  1  0 99  0  0  0
 1  0      0 113662836 3172 142388916 0   0     0     0 9288 3589  1  0 99  0  0  0
 1  0      0 113663476 3172 142387872 0   0     0     0 8553 3710  1  0 99  0  0  0
 1  0      0 113662848 3172 142386004 0   0     0     0 10343 3455 1  0 99  0  0  0
 1  0      0 113629464 3172 142382820 0   0     0     0 9842 4121  1  0 99  0  0  0
 1  0      0 113658180 3172 142399492 0   0     0     0 7240 3218  1  0 99  0  0  0
procs -----------memory---------- ---swap-- -----io---- -system-- -------cpu-------
 r  b   swpd   free   buff  cache   si   so    bi    bo   in   cs us sy id wa st gu
 2  0      0 113649628 3172 142398072 0   0     0     0 8916 4928  1  0 99  0  0  0
 1  0      0 113631852 3172 142398832 0   0     0     0 8682 4211  1  0 99  0  0  0
 2  0      0 113638892 3172 142397684 0   0     0     0 12225 13838 1 0 99  0  0  0
 2  0      0 113689536 3172 142396368 0   0     0  3572 10159 6047 1  0 99  0  0  0
 2  0      0 113661732 3172 142394944 0   0     0     1 7386 3278  1  0 99  0  0  0
 1  0      0 113700608 3172 142392960 0   0     0     0 10231 3653 1  0 99  0  0  0
 1  0      0 113694064 3172 142390832 0   0     0     0 8541 3724  1  0 99  0  0  0
 1  0      0 113713952 3172 142390124 0   0     0     0 7582 3607  1  0 99  0  0  0
 2  0      0 114261552 3172 142399400 0   0     0    80 13983 4388 1  0 99  0  0  0
 1  0      0 114261932 3172 142410028 0   0     0     8 12067 4121 1  0 99  0  0  0
 2  0      0 114240528 3172 142444388 0   0     0     0 14851 4442 1  0 99  0  0  0
 1  0      0 114294860 3172 142415820 0   0     0    16 14564 4814 1  0 99  0  0  0
 5  0      0 114279256 3172 142425652 0   0     0     0 15109 8230 1  0 99  0  0  0
 1  0      0 114307752 3172 142414364 0   0     0     0 17696 8908 1  0 99  0  0  0
 2  0      0 114308272 3172 142423520 0   0     0     0 14739 4280 1  0 99  0  0  0
 1  0      0 114330536 3172 142412056 0   0     0    16 14363 4538 1  0 99  0  0  0
 2  0      0 114372352 3172 142421376 0   0     0    44 13762 4018 1  0 99  0  0  0
 1  0      0 114392336 3172 142410324 0   0     0     0 13514 7788 1  0 99  0  0  0
 2  0      0 114376940 3172 142421376 0   0     0     0 14468 4301 1  0 99  0  0  0
 1  0      0 114406136 3172 142411712 0   0     0     0 12083 4205 1  0 99  0  0  0
 2  0      0 114392228 3172 142421208 0   0     0     0 14046 4397 1  0 99  0  0  0
procs -----------memory---------- ---swap-- -----io---- -system-- -------cpu-------
 r  b   swpd   free   buff  cache   si   so    bi    bo   in   cs us sy id wa st gu
 1  0      0 114409272 3172 142409652 0   0     0     0 14934 4710 1  0 99  0  0  0
 2  0      0 114393036 3172 142419316 0   0     0    16 16289 7697 1  0 99  0  0  0
 1  0      0 114415388 3172 142404504 0   0     0     0 16822 8784 1  0 99  0  0  0
 1  0      0 114393476 3172 142433864 0   0     0     0 14017 3939 1  0 99  0  0  0
 1  0      0 114425328 3172 142403508 0   0     0     0 15541 4324 1  0 99  0  0  0
 1  0      0 114409732 3172 142415152 0   0     0    16 15117 4155 1  0 99  0  0  0
 2  0      0 114426552 3172 142406832 0   0     0     0 15402 4961 1  0 99  0  0  0
 1  0      0 114425636 3172 142417284 0   0     0     0 15709 4598 1  0 99  0  0  0
 1  0      0 114395708 3172 142351040 0   0     0 16392 8164 7767  1  0 99  0  0  0
 0  0      0 114507744 3172 142318184 0   0     0 16400 6333 21979 1  0 99  0  0  0
 1  0      0 114555416 3172 142297440 0   0     0     0 3050 3332  0  0 100 0  0  0
 0  0      0 114543584 3172 142297064 0   0     0     0 6840 13057 1  0 99  0  0  0
 0  0      0 114546516 3172 142297060 0   0     0     0 3832 7415  0  0 100 0  0  0
 8  0      0 114571204 3172 142297060 0   0     0   106 2409 2957  0  0 100 0  0  0
 0  0      0 114588572 3172 142297060 0   0     0     0 2461 2706  0  0 100 0  0  0
