procs -----------memory---------- ---swap-- -----io---- -system-- -------cpu-------
 r  b   swpd   free   buff  cache   si   so    bi    bo   in   cs us sy id wa st gu
 1  0      0 120850808 1944 136303584 0   0    80 68178 5632    0  0  0 99  0  0  0
 2  0      0 120854820 1944 136304944 0   0     0    65 4484 6246  0  0 100 0  0  0
 0  0      0 120858884 1944 136304936 0   0     0     0 2969 3813  0  0 100 0  0  0
 0  0      0 120864288 1944 136305000 0   0     0     0 2118 2519  0  0 100 0  0  0
 0  0      0 120868544 1944 136305004 0   0     0     4 3211 7508  0  0 100 0  0  0
 0  0      0 120874132 1944 136304996 0   0     0     0 1968 2269  0  0 100 0  0  0
 0  0      0 120878112 1944 136304996 0   0     0     0 2960 4929  0  0 100 0  0  0
 0  0      0 120882324 1944 136304996 0   0     0     0 2123 2552  0  0 100 0  0  0
 0  0      0 120871832 1944 136305008 0   0     0     0 4559 7216  0  0 100 0  0  0
 0  0      0 120865436 1944 136305172 0   0     0   324 7014 12641 0  0 100 0  0  0
 0  0      0 120802180 1944 136343516 0   0   462   313 5022 6492  0  0 100 0  0  0
 2  0      0 120721932 1944 136424412 0   0     0     0 4751 4262  0  0 100 0  0  0
 0  0      0 120664492 1944 136493028 0   0     0     0 4783 4144  0  0 100 0  0  0
 0  0      0 120588464 1944 136573924 0   0     0     0 3930 3190  0  0 100 0  0  0
 0  0      0 120523076 1944 136642532 0   0     0     4 4049 3219  0  0 100 0  0  0
 0  0      0 120458252 1944 136710116 0   0     0     4 3558 2328  0  0 100 0  0  0
 0  0      0 120395576 1944 136777700 0   0     0     0 4668 6059  0  0 100 0  0  0
 0  0      0 120328752 1944 136846308 0   0     0  3336 3362 3151  0  0 100 0  0  0
 0  0      0 120289044 1944 136887268 0   0     0     0 2924 2653  0  0 100 0  0  0
 0  0      0 120239612 1944 136941548 0   0     0     0 6147 10112 0  0 100 0  0  0
 0  0      0 120178512 1944 137000940 0   0     0     0 4421 4231  0  0 100 0  0  0
procs -----------memory---------- ---swap-- -----io---- -system-- -------cpu-------
 r  b   swpd   free   buff  cache   si   so    bi    bo   in   cs us sy id wa st gu
 1  0      0 120096072 1944 137077740 0   0     0     0 5021 4808  0  0 100 0  0  0
 1  0      0 120028344 1944 137145324 0   0     0     0 4434 4005  0  0 100 0  0  0
 1  0      0 119963084 1944 137212908 0   0     0     0 3428 2701  0  0 100 0  0  0
 0  0      0 119887748 1944 137294828 0   0     0     0 4181 3296  0  0 100 0  0  0
 0  1      0 119831216 1944 137354220 0   0     0 495616 7303 3224 0  0 100 0  0  0
 0  0      0 119793068 1944 137392108 0   0     0 552962 8233 5913 0  0 100 0  0  0
 0  0      0 119725756 1944 137459692 0   0     0     0 3757 3026  0  0 100 0  0  0
 0  0      0 119659144 1944 137527276 0   0     0     0 4502 3504  0  0 100 0  0  0
 1  0      0 119577828 1944 137604068 0   0     0  2796 7248 9293  0  0 100 0  0  0
 0  0      0 119517232 1944 137663460 0   0     0     0 4452 3851  0  0 100 0  0  0
 0  0      0 119446036 1944 137731044 0   0     0  1394 4955 5004  0  0 100 0  0  0
 0  0      0 119409528 1944 137772004 0   0     0     0 3947 4090  0  0 100 0  0  0
 0  0      0 119329628 1944 137853924 0   0     0     0 3668 2759  0  0 100 0  0  0
 0  0      0 119264708 1944 137921508 0   0     0    16 4339 7735  0  0 100 0  0  0
 1  0      0 119225012 1944 137962468 0   0     0     0 3495 2774  0  0 100 0  0  0
 1  0      0 119172404 1944 138016740 0   0     0     0 3690 5029  0  0 100 0  0  0
 1  0      0 119104316 1944 138085348 0   0     0     0 3819 3121  0  0 100 0  0  0
 1  0      0 119024848 1944 138166244 0   0     0     0 3267 2831  0  0 100 0  0  0
 1  0      0 118974160 1944 138220544 0   0     0     0 5089 5944  0  0 100 0  0  0
 1  0      0 118900352 1944 138289148 0   0     0     0 5709 5717  0  0 100 0  0  0
 1  0      0 118818596 1944 138370044 0   0     0     0 4429 4338  0  0 100 0  0  0
procs -----------memory---------- ---swap-- -----io---- -system-- -------cpu-------
 r  b   swpd   free   buff  cache   si   so    bi    bo   in   cs us sy id wa st gu
 2  1      0 118794168 1944 138402812 0   0     0 1048576 11221 4298 0 0 100 0 0  0
 2  0      0 118740824 1944 138454020 0   0     0     2 3447 3146  0  0 100 0  0  0
 1  0      0 118690820 1944 138505220 0   0     0     4 3625 3453  0  0 100 0  0  0
 1  0      0 118634168 1944 138562564 0   0     0     0 3107 2882  0  0 100 0  0  0
 1  0      0 118582100 1944 138616836 0   0     0     0 4324 5939  0  0 100 0  0  0
 2  0      0 118533780 1944 138665988 0   0     0   200 3151 3014  0  0 100 0  0  0
 2  0      0 118474928 1944 138725380 0   0     0     4 3688 3373  0  0 100 0  0  0
 1  0      0 118392616 1944 138807296 0   0     0     0 6207 9802  0  0 100 0  0  0
 1  0      0 118313020 1944 138877948 0   0     0     0 4918 4275  0  0 100 0  0  0
 1  0      0 118243396 1944 138943484 0   0     0     0 5429 5823  0  0 100 0  0  0
 1  0      0 118190328 1944 138997776 0   0     0     0 3975 3905  0  0 100 0  0  0
 3  0      0 118124224 1944 139065360 0   0     0     0 3860 2808  0  0 100 0  0  0
 1  0      0 118056972 1944 139133968 0   0     0     0 3313 2457  0  0 100 0  0  0
 1  0      0 117977628 1944 139214900 0   0     0     0 4719 3308  0  0 100 0  0  0
 2  0      0 117921204 1944 139272244 0   0     0     0 4394 5824  0  0 100 0  0  0
 2  0      0 117843336 1944 139351092 0   0     0     0 4023 3099  0  0 100 0  0  0
 2  0      0 117776644 1944 139418676 0   0     0     0 3598 3037  0  0 100 0  0  0
 3  0      0 117738624 1944 139459640 0   0     0 1049463 12868 6877 0 0 100 0 0  0
 1  0      0 117660616 1944 139530296 0   0     0     0 4729 4789  0  0 100 0  0  0
 1  0      0 117574984 1944 139611192 0   0     0     0 4725 4524  0  0 100 0  0  0
 1  0      0 117494228 1944 139693112 0   0     0    20 4635 3331  0  0 100 0  0  0
procs -----------memory---------- ---swap-- -----io---- -system-- -------cpu-------
 r  b   swpd   free   buff  cache   si   so    bi    bo   in   cs us sy id wa st gu
 3  0      0 117417296 1944 139774008 0   0     0    12 3874 2931  0  0 100 0  0  0
 1  0      0 117371120 1944 139821112 0   0     0    48 4774 8138  0  0 99  0  0  0
 2  0      0 117337376 1944 139855928 0   0     0     0 2766 2822  0  0 100 0  0  0
 1  0      0 117298312 1944 139896888 0   0     0     0 3931 5170  0  0 100 0  0  0
 2  0      0 117218360 1944 139978808 0   0     0     0 4027 3020  0  0 100 0  0  0
 2  0      0 117151308 1944 140046424 0   0     0     0 3638 3572  0  0 100 0  0  0
 1  0      0 117110476 1944 140087384 0   0     0     8 4277 5809  0  0 100 0  0  0
 1  0      0 117066980 1944 140127320 0   0     0     0 4316 4606  0  0 100 0  0  0
 1  0      0 117003592 1944 140182616 0   0     0     0 4104 4226  0  0 100 0  0  0
 1  0      0 116944888 1944 140247120 0   0     0     0 4395 3667  0  0 100 0  0  0
 1  0      0 116893076 1944 140304464 0   0     0     0 3485 2784  0  0 100 0  0  0
 2  0      0 116872968 1944 140323920 0   0     0     0 2501 2103  0  0 100 0  0  0
 1  0      0 116810728 1944 140386384 0   0     0     0 3461 2949  0  0 100 0  0  0
 1  0      0 116761700 1944 140437584 0   0     0     0 4432 6716  0  0 100 0  0  0
 1  0      0 116717776 1944 140481616 0   0     0     0 2674 2678  0  0 100 0  0  0
 1  0      0 116690916 1944 140510288 0   0     0 1049709 11016 4362 0 0 100 0 0  0
 1  0      0 116676532 1944 140523596 0   0     0     0 4670 9700  0  0 100 0  0  0
 1  0      0 116614880 1944 140577872 0   0     0   892 4085 4373  0  0 100 0  0  0
 2  0      0 116541660 1944 140646484 0   0     0     0 4696 4885  0  0 100 0  0  0
 2  0      0 116489136 1944 140701764 0   0     0     0 4343 3136  0  0 100 0  0  0
 2  0      0 116424112 1944 140768328 0   0     0     4 4177 3146  0  0 100 0  0  0
procs -----------memory---------- ---swap-- -----io---- -system-- -------cpu-------
 r  b   swpd   free   buff  cache   si   so    bi    bo   in   cs us sy id wa st gu
 1  0      0 116358092 1944 140836936 0   0     0     0 3854 2817  0  0 100 0  0  0
 1  0      0 116304512 1944 140891208 0   0     0     0 3691 2856  0  0 100 0  0  0
 1  0      0 116239040 1944 140958792 0   0     0     0 4393 6134  0  0 100 0  0  0
 1  0      0 116198404 1944 140999784 0   0     0     0 2820 2442  0  0 100 0  0  0
 1  0      0 116131244 1944 141067368 0   0     0     0 3768 3301  0  0 100 0  0  0
 2  0      0 116075328 1944 141122664 0   0     0     0 4699 5775  0  0 100 0  0  0
 2  0      0 116020740 1944 141176936 0   0     0     0 4100 4171  0  0 100 0  0  0
 1  0      0 115959588 1944 141231208 0   0     0     0 4752 5439  0  0 100 0  0  0
 2  0      0 115894392 1944 141298792 0   0     0    19 4082 3646  0  0 100 0  0  0
 2  0      0 115840876 1944 141353064 0   0     0     0 3738 2845  0  0 100 0  0  0
 1  0      0 115773160 1944 141421672 0   0     0     0 5128 8041  0  0 100 0  0  0
 2  0      0 115719144 1944 141475944 0   0     0     0 3699 3169  0  0 100 0  0  0
 2  0      0 115665644 1944 141530216 0   0     0    16 4372 5553  0  0 100 0  0  0
 2  0      0 115635232 1944 141558888 0   0     0 1048578 11248 4172 0 0 100 0 0  0
 1  0      0 115594892 1944 141599848 0   0     0     0 2885 2767  0  0 100 0  0  0
 2  0      0 115536984 1944 141654120 0   0     0     4 5282 6581  0  0 100 0  0  0
 1  0      0 115500732 1944 141681768 0   0     0     0 4070 4655  0  0 100 0  0  0
 1  0      0 115465432 1944 141708396 0   0     0     8 3655 3996  0  0 100 0  0  0
 1  0      0 115420136 1944 141762664 0   0     0    24 4351 3688  0  0 100 0  0  0
 3  0      0 115355348 1944 141828232 0   0     0     0 3638 3298  0  0 100 0  0  0
 1  0      0 115310300 1944 141874272 0   0     0     0 3201 2955  0  0 100 0  0  0
procs -----------memory---------- ---swap-- -----io---- -system-- -------cpu-------
 r  b   swpd   free   buff  cache   si   so    bi    bo   in   cs us sy id wa st gu
 1  0      0 115244980 1944 141939808 0   0     0     0 3928 3169  0  0 100 0  0  0
 0  0      0 115205568 1944 141980800 0   0     0     0 3725 6192  0  0 100 0  0  0
 0  0      0 115151560 1944 142035072 0   0     0     0 3201 2696  0  0 100 0  0  0
 0  0      0 115072736 1944 142115904 0   0     0   108 4249 3439  0  0 100 0  0  0
 1  0      0 115017948 1944 142170172 0   0     0     0 5481 9578  0  0 100 0  0  0
 0  0      0 114958060 1944 142225472 0   0     0     0 3971 4010  0  0 100 0  0  0
 0  0      0 114915908 1944 142265412 0   0     0     0 4140 4983  0  0 100 0  0  0
 0  0      0 114878304 1944 142306408 0   0     0     0 3738 3475  0  0 100 0  0  0
 0  0      0 114810408 1944 142375016 0   0     0     0 3549 2865  0  0 100 0  0  0
 0  0      0 114757980 1944 142429288 0   0     0     0 3269 2910  0  0 100 0  0  0
 0  0      0 114718536 1944 142469224 0   0     0     0 2945 2286  0  0 100 0  0  0
 0  0      0 114651188 1944 142537832 0   0     0     0 4711 6377  0  0 100 0  0  0
 0  0      0 114597576 1944 142592104 0   0     0     0 4291 4009  0  0 100 0  0  0
 1  0      0 114563452 1944 142626920 0   0     0 1048579 10748 3833 0 0 100 0 0  0
 0  0      0 114513288 1944 142678120 0   0     0     0 4486 5452  0  0 100 0  0  0
 0  0      0 114446364 1944 142743660 0   0     0     0 4173 3979  0  0 100 0  0  0
 1  0      0 114405468 1944 142780524 0   0     0     0 3815 4330  0  0 100 0  0  0
 0  0      0 114352680 1944 142838924 0   0     0    19 4238 3718  0  0 100 0  0  0
 0  0      0 114298540 1944 142893196 0   0     0     4 3543 2797  0  0 100 0  0  0
 0  0      0 114217664 1944 142974092 0   0     0     0 5497 8350  0  0 100 0  0  0
 1  0      0 114162896 1944 143029388 0   0     0     0 3715 2811  0  0 100 0  0  0
procs -----------memory---------- ---swap-- -----io---- -system-- -------cpu-------
 r  b   swpd   free   buff  cache   si   so    bi    bo   in   cs us sy id wa st gu
 1  0      0 114109556 1944 143083660 0   0     0     0 4371 5155  0  0 100 0  0  0
 0  0      0 114042768 1944 143151244 0   0     0     0 3985 3174  0  0 100 0  0  0
 1  0      0 114007656 1944 143187084 0   0     0    12 3305 3163  0  0 100 0  0  0
 0  0      0 113949524 1944 143243404 0   0     0     0 4881 5982  0  0 100 0  0  0
 0  0      0 113871220 1944 143314060 0   0     0     0 4265 4671  0  0 100 0  0  0
 0  0      0 113852400 1944 143328400 0   0     0     8 3051 3973  0  0 100 0  0  0
 0  0      0 113862360 1944 143328400 0   0     0   980 3180 3837  0  0 100 0  0  0
 0  0      0 113807960 1944 143382668 0   0     0     0 3460 2847  0  0 100 0  0  0
 0  0      0 113768024 1944 143423628 0   0     0    44 3397 2714  0  0 100 0  0  0
 0  0      0 113713932 1944 143477900 0   0     0     0 3625 2836  0  0 100 0  0  0
 0  0      0 113634112 1944 143558796 0   0     0     0 4954 5963  0  0 100 0  0  0
 0  0      0 113594484 1944 143599760 0   0     0     0 3554 3486  0  0 100 0  0  0
 0  0      0 113555376 1944 143645840 0   0     0 1048609 10716 3482 0 0 100 0 0  0
 0  0      0 113512512 1944 143683760 0   0     0     0 5419 9405  0  0 100 0  0  0
 2  0      0 113444600 1944 143745200 0   0     0     0 4554 4247  0  0 100 0  0  0
 0  0      0 113368364 1944 143813812 0   0     0     0 4489 4588  0  0 100 0  0  0
 0  0      0 113314220 1944 143873200 0   0     0     0 4394 4346  0  0 100 0  0  0
 0  0      0 113260872 1944 143928496 0   0     0     4 3890 2837  0  0 100 0  0  0
 0  0      0 113207300 1944 143982768 0   0     0     0 3709 2864  0  0 100 0  0  0
 0  0      0 113127616 1944 144063664 0   0     0     0 4230 2549  0  0 100 0  0  0
 0  0      0 113074044 1944 144117936 0   0     0     0 3879 5750  0  0 100 0  0  0
procs -----------memory---------- ---swap-- -----io---- -system-- -------cpu-------
 r  b   swpd   free   buff  cache   si   so    bi    bo   in   cs us sy id wa st gu
 1  0      0 113018496 1944 144173232 0   0     0     0 3398 3186  0  0 100 0  0  0
 0  0      0 112992796 1944 144199856 0   0     0     0 2975 3270  0  0 100 0  0  0
 0  0      0 112948272 1944 144254128 0   0     0     0 4375 5992  0  0 100 0  0  0
 0  0      0 112874516 1944 144322736 0   0     0     0 4025 3861  0  0 100 0  0  0
 0  0      0 112816836 1944 144377012 0   0     0     0 5084 4772  0  0 100 0  0  0
 0  0      0 112758228 1944 144444592 0   0     0    20 5214 5083  0  0 100 0  0  0
 0  0      0 112705820 1944 144498864 0   0     0     0 3481 2706  0  0 100 0  0  0
 0  0      0 112645912 1944 144559280 0   0     0     0 4958 8422  0  0 100 0  0  0
 0  0      0 112583832 1944 144621776 0   0     0     0 3649 3044  0  0 100 0  0  0
 0  0      0 112558968 1944 144648400 0   0     0     0 3571 5026  0  0 100 0  0  0
 0  1      0 112513360 1944 144694480 0   0     0 871424 4290 4045 0  0 100 0  0  0
 1  0      0 112486104 1944 144722136 0   0     0 177154 9829 3395 0  0 100 0  0  0
 0  0      0 112451496 1944 144759004 0   0     0     0 4771 5670  0  0 100 0  0  0
 0  0      0 112402752 1944 144813272 0   0     0     0 4293 4836  0  0 100 0  0  0
 0  0      0 112353772 1944 144854236 0   0     0    12 3807 3842  0  0 100 0  0  0
 0  0      0 112312920 1944 144895184 0   0     0     8 3822 3646  0  0 100 0  0  0
 0  0      0 112245856 1944 144962772 0   0     0     4 4145 2891  0  0 100 0  0  0
 0  0      0 112205024 1944 145003732 0   0     0     0 3197 2695  0  0 100 0  0  0
 0  0      0 112177484 1944 145031380 0   0     0     0 3127 2689  0  0 100 0  0  0
 0  0      0 112123468 1944 145085652 0   0     0     0 3449 5341  0  0 100 0  0  0
 0  0      0 112082028 1944 145126612 0   0     0     0 3453 3252  0  0 100 0  0  0
procs -----------memory---------- ---swap-- -----io---- -system-- -------cpu-------
 r  b   swpd   free   buff  cache   si   so    bi    bo   in   cs us sy id wa st gu
 1  0      0 112027760 1944 145180884 0   0     0    16 3592 3691  0  0 100 0  0  0
 0  0      0 111972588 1944 145235156 0   0     0     4 5496 10047 1  0 99  0  0  0
 0  0      0 111928684 1944 145276116 0   0     0     0 3912 4088  0  0 100 0  0  0
 0  0      0 111870380 1944 145330456 0   0     0     0 4883 5182  0  0 100 0  0  0
 0  0      0 111816524 1944 145384728 0   0     0     0 3551 3664  0  0 100 0  0  0
 0  0      0 111779012 1944 145425688 0   0     0     0 2913 2612  0  0 100 0  0  0
 0  0      0 111712916 1944 145493272 0   0     0     0 4175 2953  0  0 100 0  0  0
 0  0      0 111659112 1944 145547544 0   0     0     0 2668 2290  0  0 100 0  0  0
 0  0      0 111624256 1944 145588504 0   0     0     0 3550 5732  0  0 100 0  0  0
 0  0      0 111564360 1944 145647896 0   0     0     0 3513 2828  0  0 100 0  0  0
 0  0      0 111515628 1944 145697048 0   0     0     0 3539 3306  0  0 100 0  0  0
 1  0      0 111476128 1944 145738012 0   0     0   848 4428 5402  0  0 100 0  0  0
 0  0      0 111448392 1944 145766684 0   0     0 1048579 11901 4899 0 0 100 0 0  0
 0  0      0 111389604 1944 145821976 0   0     0     0 4324 4444  0  0 100 0  0  0
 0  0      0 111327036 1944 145889560 0   0     0    20 3703 3460  0  0 100 0  0  0
 0  0      0 111273644 1944 145943832 0   0     0     0 3283 3261  0  0 100 0  0  0
 0  0      0 111218612 1944 145998108 0   0     0     0 4431 8073  0  0 100 0  0  0
 0  0      0 111163732 1944 146052380 0   0     0     4 3494 2855  0  0 100 0  0  0
 0  0      0 111137380 1944 146080028 0   0     0     0 3532 4996  0  0 100 0  0  0
 0  0      0 111082784 1944 146134332 0   0     0     0 3094 2452  0  0 100 0  0  0
 0  0      0 111028536 1944 146188604 0   0     0     0 3859 3725  0  0 100 0  0  0
procs -----------memory---------- ---swap-- -----io---- -system-- -------cpu-------
 r  b   swpd   free   buff  cache   si   so    bi    bo   in   cs us sy id wa st gu
 2  0      0 110983396 1944 146238776 0   0     0     0 5374 6885  0  0 100 0  0  0
 1  0      0 110917240 1944 146297152 0   0     0     0 4527 4711  0  0 100 0  0  0
 0  0      0 110851200 1944 146359616 0   0     0     0 4409 4352  0  0 100 0  0  0
 0  0      0 110791044 1944 146419012 0   0     0    28 4537 3989  0  0 100 0  0  0
 0  0      0 110747408 1944 146463044 0   0     0    24 3002 3185  0  0 100 0  0  0
 0  0      0 110682032 1944 146528580 0   0     0     0 3616 2926  0  0 100 0  0  0
 0  0      0 110628228 1944 146582852 0   0     0     0 3329 2674  0  0 100 0  0  0
 0  0      0 110588440 1944 146622788 0   0     0     0 3801 5742  0  0 100 0  0  0
 1  0      0 110550156 1944 146661700 0   0     0     0 3039 2819  0  0 100 0  0  0
 0  0      0 110507656 1944 146704708 0   0     0    16 3396 3185  0  0 100 0  0  0
 0  0      0 110452168 1944 146758984 0   0     0     0 6064 10045 0  0 100 0  0  0
 0  1      0 110417228 1944 146791740 0   0     0 865280 9022 4936 0  0 100 0  0  0
 0  0      0 110392384 1944 146807100 0   0     0 183303 5601 3690 0  0 100 0  0  0
 1  0      0 110342060 1944 146863416 0   0     0    44 3852 3429  0  0 100 0  0  0
 0  0      0 110310396 1944 146897212 0   0     0     8 3363 3494  0  0 100 0  0  0
 0  0      0 110276540 1944 146933084 0   0     0     0 2776 2824  0  0 100 0  0  0
 0  0      0 110229940 1944 146979164 0   0     0     0 3140 2468  0  0 100 0  0  0
 0  0      0 110190720 1944 147019100 0   0     0     4 3488 5366  0  0 100 0  0  0
 0  0      0 110146968 1944 147063132 0   0     0     0 3115 2558  0  0 100 0  0  0
 0  0      0 110083272 1944 147128668 0   0     0     0 4906 4810  0  0 100 0  0  0
 0  0      0 110035624 1944 147171672 0   0     0     0 4381 5754  0  0 100 0  0  0
procs -----------memory---------- ---swap-- -----io---- -system-- -------cpu-------
 r  b   swpd   free   buff  cache   si   so    bi    bo   in   cs us sy id wa st gu
 0  0      0 110004736 1944 147204444 0   0     0     0 3569 3753  0  0 100 0  0  0
 0  0      0 109922548 1944 147266900 0   0     0 16384 4684 6449  0  0 100 0  0  0
 0  0      0 109879528 1944 147319124 0   0     0   149 5248 4937  0  0 100 0  0  0
 0  0      0 109850976 1944 147348820 0   0   128     0 3072 3430  0  0 100 0  0  0
 0  0      0 109810048 1944 147389780 0   0     0     0 3900 7509  0  0 100 0  0  0
 0  0      0 109770040 1944 147429844 0   0     0     0 2626 2600  0  0 100 0  0  0
 0  0      0 109702544 1944 147498452 0   0     0     0 3995 5334  0  0 100 0  0  0
 1  0      0 109659792 1944 147541460 0   0     0   864 3256 3041  0  0 100 0  0  0
 0  0      0 109607820 1944 147593688 0   0     0     0 3527 3490  0  0 100 0  0  0
 0  0      0 109556768 1944 147647964 0   0     0     0 4935 6561  0  0 100 0  0  0
 0  0      0 109500060 1944 147688888 0   0     0     0 4331 4721  0  0 100 0  0  0
 1  0      0 109474700 1944 147715516 0   0     0     0 3316 3928  0  0 100 0  0  0
 0  0      0 109435604 1944 147756472 0   0     0     0 4016 3689  0  0 100 0  0  0
 1  0      0 109388644 1944 147807672 0   0     0     8 3232 2802  0  0 100 0  0  0
 0  1      0 109341760 1944 147856856 0   0     0 859136 4398 3220 0  0 100 0  0  0
 1  0      0 109313484 1944 147885528 0   0     0 189455 9852 3584 0  0 100 0  0  0
 0  0      0 109253300 1944 147949016 0   0     0     0 4315 5450  0  0 100 0  0  0
 0  0      0 109199632 1944 148003288 0   0     0     0 3744 3052  0  0 100 0  0  0
 0  0      0 109146756 1944 148057560 0   0     0   100 3484 3460  0  0 100 0  0  0
 0  0      0 109077744 1944 148120024 0   0     0     0 5997 10141 0  0 100 0  0  0
 0  0      0 109034940 1944 148166080 0   0     0     4 3786 4121  0  0 100 0  0  0
procs -----------memory---------- ---swap-- -----io---- -system-- -------cpu-------
 r  b   swpd   free   buff  cache   si   so    bi    bo   in   cs us sy id wa st gu
 4  0      0 108978992 1944 148219332 0   0     0     0 5236 6129  0  0 100 0  0  0
 0  0      0 108939388 1944 148261348 0   0     0     0 3351 2826  0  0 100 0  0  0
 0  0      0 108871656 1944 148329956 0   0     0     0 3967 2624  0  0 100 0  0  0
 0  0      0 108819692 1944 148384228 0   0     0    40 3517 2753  0  0 100 0  0  0
 1  0      0 108794204 1944 148410852 0   0     0     0 2771 2614  0  0 100 0  0  0
 0  0      0 108741676 1944 148465124 0   0     0     0 4017 6051  0  0 100 0  0  0
 0  0      0 108700952 1944 148506084 0   0     0     0 3241 3026  0  0 100 0  0  0
 0  0      0 108661832 1944 148547044 0   0     0     0 3155 3062  0  0 100 0  0  0
 0  0      0 108594760 1944 148614628 0   0     0     0 5755 6398  0  0 100 0  0  0
 0  0      0 108550492 1944 148655620 0   0     0     0 4054 4178  0  0 100 0  0  0
 0  0      0 108492612 1944 148709892 0   0     0     0 4650 4697  0  0 100 0  0  0
 1  0      0 108439308 1944 148764156 0   0     0    64 4180 3995  0  0 100 0  0  0
 1  0      0 108387772 1944 148816380 0   0     0     4 3270 2786  0  0 100 0  0  0
 0  0      0 108339148 1944 148865540 0   0     0     0 4197 8214  0  0 100 0  0  0
 0  1      0 108300556 1944 148905476 0   0     0 868352 8710 3560 0  0 100 0  0  0
 0  0      0 108262876 1944 148943364 0   0     0 180225 5676 5395 0  0 100 0  0  0
 0  0      0 108208992 1944 148997636 0   0     0     0 4156 3684  0  0 99  0  0  0
 0  0      0 108141320 1944 149065220 0   0     0   980 4395 3495  0  0 100 0  0  0
 0  0      0 108087456 1944 149119488 0   0     0     0 5542 7175  0  0 100 0  0  0
 0  0      0 108038152 1944 149160452 0   0     0     0 4555 5102  0  0 100 0  0  0
 0  0      0 107967544 1944 149228036 0   0     0     4 4770 4015  0  0 100 0  0  0
procs -----------memory---------- ---swap-- -----io---- -system-- -------cpu-------
 r  b   swpd   free   buff  cache   si   so    bi    bo   in   cs us sy id wa st gu
 1  0      0 107924408 1944 149277188 0   0     0     0 4346 3716  0  0 100 0  0  0
 0  0      0 107878772 1944 149323268 0   0     0     0 3046 2808  0  0 100 0  0  0
 0  0      0 107839384 1944 149364228 0   0     0     0 3026 2940  0  0 100 0  0  0
 0  0      0 107798964 1944 149405220 0   0     0     4 3142 2982  0  0 100 0  0  0
 1  0      0 107755856 1944 149446180 0   0     0     0 3044 4236  0  0 100 0  0  0
 0  0      0 107729752 1944 149472804 0   0     0     0 3365 4200  0  0 100 0  0  0
 0  0      0 107662944 1944 149541412 0   0     0    72 3762 2986  0  0 100 0  0  0
 0  0      0 107613520 1944 149595688 0   0     0     0 5602 10163 0  0 100 0  0  0
 0  0      0 107538872 1944 149663272 0   0     0     0 4949 4653  0  0 100 0  0  0
 0  0      0 107508400 1944 149690916 0   0     0     0 4123 5300  0  0 100 0  0  0
 0  0      0 107442332 1944 149758500 0   0     0     0 3640 2306  0  0 100 0  0  0
 0  0      0 107388696 1944 149812772 0   0     0     8 3049 2485  0  0 100 0  0  0
 0  0      0 107338948 1944 149867044 0   0     0     0 3831 3176  0  0 100 0  0  0
 0  0      0 107297640 1944 149908004 0   0     0     0 3251 2417  0  0 100 0  0  0
 0  0      0 107258556 1944 149948964 0   0     0     0 3660 3123  0  0 100 0  0  0
 1  0      0 107180484 1944 149977636 0   0     0 1048580 11728 7159 0 0 99 0  0  0
 0  0      0 107146868 1944 150046244 0   0     0     0 4664 9087  0  0 99  0  0  0
 0  0      0 107062724 1944 150127140 0   0     0     8 6006 6602  0  0 100 0  0  0
 0  0      0 107031208 1944 150154792 0   0     0     0 3603 4346  0  0 100 0  0  0
 0  0      0 106981860 1944 150195756 0   0     0     0 4403 4514  0  0 100 0  0  0
 0  0      0 106945112 1944 150236712 0   0     0    32 4602 3733  0  0 100 0  0  0
procs -----------memory---------- ---swap-- -----io---- -system-- -------cpu-------
 r  b   swpd   free   buff  cache   si   so    bi    bo   in   cs us sy id wa st gu
 0  0      0 106893764 1944 150290984 0   0     0     0 3664 2967  0  0 100 0  0  0
 0  0      0 106838988 1944 150345256 0   0     0     0 4677 7796  0  0 100 0  0  0
 0  0      0 106773804 1944 150412840 0   0     0     0 3965 3426  0  0 100 0  0  0
 0  0      0 106720256 1944 150467112 0   0     0     0 3980 3365  0  0 100 0  0  0
 0  0      0 106656256 1944 150535752 0   0     0     0 5815 5875  0  0 100 0  0  0
 0  0      0 106589848 1944 150603336 0   0     0     0 4000 3116  0  0 100 0  0  0
 0  0      0 106554636 1944 150644292 0   0     0     0 4913 6096  0  0 100 0  0  0
 1  0      0 106518392 1944 150683208 0   0     0     0 4630 4962  0  0 100 0  0  0
 0  0      0 106451016 1944 150749772 0   0     0     0 4664 5153  0  0 100 0  0  0
 0  0      0 106406752 1944 150793736 0   0     0     0 4347 3167  0  0 100 0  0  0
 0  0      0 106353300 1944 150848008 0   0     0     0 4054 3004  0  0 100 0  0  0
 1  0      0 106303140 1944 150899208 0   0     0     0 3311 2691  0  0 100 0  0  0
 0  0      0 106259420 1944 150943240 0   0     0     0 3205 3055  0  0 100 0  0  0
 0  0      0 106205360 1944 150997512 0   0     0     0 3459 3142  0  0 100 0  0  0
 0  0      0 106193008 1944 151012872 0   0     0 1048578 10962 6356 0 0 100 0 0  0
 0  0      0 106139192 1944 151067144 0   0     0    48 4081 3867  0  0 100 0  0  0
 0  0      0 106100076 1944 151108104 0   0     0     0 5273 9690  0  0 100 0  0  0
 1  0      0 106052984 1944 151155208 0   0     0    12 5114 5176  0  0 100 0  0  0
 0  0      0 105994144 1944 151216648 0   0     0     0 5131 6229  0  0 100 0  0  0
 1  0      0 105951616 1944 151260812 0   0    64     4 3784 2829  0  0 100 0  0  0
 0  0      0 105872792 1944 151339660 0   0     0     0 4798 3725  0  0 100 0  0  0
procs -----------memory---------- ---swap-- -----io---- -system-- -------cpu-------
 r  b   swpd   free   buff  cache   si   so    bi    bo   in   cs us sy id wa st gu
 0  0      0 105832384 1944 151380620 0   0     0     0 2861 2432  0  0 100 0  0  0
 2  0      0 105765600 1944 151448204 0   0     0     8 3926 3414  0  0 100 0  0  0
 2  0      0 105713352 1944 151502476 0   0     0     0 4200 3972  0  0 100 0  0  0
 0  0      0 105660128 1944 151556700 0   0     0     0 4641 6005  0  0 100 0  0  0
 0  0      0 105605508 1944 151610972 0   0     0     0 3687 3267  0  0 100 0  0  0
 0  0      0 105554924 1944 151665244 0   0     0  1096 5265 6166  0  0 100 0  0  0
 1  0      0 105509648 1944 151712352 0   0     0     0 4669 4674  0  0 100 0  0  0
 1  0      0 105456260 1944 151760480 0   0     0     0 5055 4980  0  0 100 0  0  0
 0  0      0 105406752 1944 151814752 0   0     0    20 3797 3289  0  0 100 0  0  0
 0  0      0 105349480 1944 151872096 0   0     0     0 4204 3056  0  0 100 0  0  0
 0  0      0 105298428 1944 151924320 0   0     0    44 5162 8159  0  0 100 0  0  0
 0  0      0 105244296 1944 151978596 0   0     0     0 3942 3526  0  0 100 0  0  0
 0  0      0 105177232 1944 152046180 0   0     0     0 5057 3568  0  0 100 0  0  0
 0  0      0 105175652 1944 152051300 0   0     0 1048578 10755 5443 0 0 100 0 0  0
 0  0      0 105117124 1944 152102500 0   0     0     0 4075 3545  0  0 100 0  0  0
 0  0      0 105074856 1944 152143460 0   0     0     0 5324 6533  0  0 100 0  0  0
 0  0      0 105025800 1944 152186500 0   0     0     0 5464 5489  0  0 100 0  0  0
 1  0      0 104974468 1944 152238728 0   0     0     0 4668 5254  0  0 100 0  0  0
 0  0      0 104934544 1944 152278628 0   0     0     4 4372 3338  0  0 100 0  0  0
 0  0      0 104879896 1944 152333924 0   0     0     0 3755 3074  0  0 100 0  0  0
 0  0      0 104854148 1944 152360548 0   0     0     0 2401 2126  0  0 100 0  0  0
procs -----------memory---------- ---swap-- -----io---- -system-- -------cpu-------
 r  b   swpd   free   buff  cache   si   so    bi    bo   in   cs us sy id wa st gu
 0  0      0 104801616 1944 152414820 0   0     0     0 4290 3477  0  0 100 0  0  0
 0  0      0 104748280 1944 152469092 0   0     0     0 3910 2980  0  0 100 0  0  0
 0  0      0 104712644 1944 152510052 0   0     0     0 4595 6185  0  0 100 0  0  0
 0  0      0 104672588 1944 152551012 0   0     0    16 3356 3082  0  0 100 0  0  0
 0  0      0 104627920 1944 152591976 0   0     0     0 5923 10260 0  0 100 0  0  0
 1  0      0 104551496 1944 152659556 0   0     0     0 5201 5408  0  0 100 0  0  0
 0  0      0 104507872 1944 152700516 0   0     0     0 4702 5100  0  0 100 0  0  0
 0  0      0 104441420 1944 152768100 0   0     0    12 3685 2693  0  0 100 0  0  0
 0  0      0 104388908 1944 152822372 0   0     0     0 3179 2874  0  0 100 0  0  0
 0  0      0 104348136 1944 152863332 0   0     0     0 3700 3242  0  0 100 0  0  0
 0  0      0 104281032 1944 152931944 0   0     0     8 3638 2857  0  0 100 0  0  0
 0  0      0 104227724 1944 152986220 0   0     0     0 4231 3116  0  0 100 0  0  0
 0  0      0 104174212 1944 153040492 0   0     0     0 5090 6387  0  0 100 0  0  0
 0  0      0 104133784 1944 153081484 0   0     0     0 3243 3371  0  0 100 0  0  0
 0  1      0 104107704 1944 153099912 0   0     0 1049440 11876 7123 0 0 100 0 0  0
 1  0      0 104060756 1944 153144972 0   0     0     3 4752 4617  0  0 100 0  0  0
 1  0      0 103995912 1944 153205392 0   0     0     0 5443 5692  0  0 100 0  0  0
 0  0      0 103941388 1944 153259660 0   0     0    21 4021 3624  0  0 100 0  0  0
 0  0      0 103901524 1944 153300620 0   0     0     0 3242 3055  0  0 100 0  0  0
 0  0      0 103834664 1944 153368204 0   0     0     0 4838 7779  0  0 100 0  0  0
 0  0      0 103821616 1944 153382540 0   0     0     4 3247 2912  0  0 100 0  0  0
procs -----------memory---------- ---swap-- -----io---- -system-- -------cpu-------
 r  b   swpd   free   buff  cache   si   so    bi    bo   in   cs us sy id wa st gu
 0  0      0 103755292 1944 153450124 0   0     0     0 4700 3719  0  0 100 0  0  0
 0  0      0 103689716 1944 153517708 0   0     0     0 5057 5532  0  0 100 0  0  0
 0  0      0 103635264 1944 153571980 0   0     0     0 4538 3246  0  0 100 0  0  0
 0  0      0 103580432 1944 153627280 0   0     0     4 5940 6438  0  0 100 0  0  0
 0  0      0 103510988 1944 153694860 0   0     0     0 6195 6196  0  0 100 0  0  0
 0  0      0 103445748 1944 153765520 0   0     0     0 4888 5192  0  0 100 0  0  0
 0  0      0 103422892 1944 153790092 0   0     0     0 2809 2399  0  0 100 0  0  0
 0  0      0 103383152 1944 153831052 0   0     0     0 3185 2976  0  0 100 0  0  0
 0  0      0 103330296 1944 153885324 0   0     0     0 3790 3202  0  0 100 0  0  0
 0  0      0 103267160 1944 153949868 0   0     0     0 4892 3528  0  0 100 0  0  0
 0  0      0 103237748 1944 153980588 0   0     0     0 2938 2897  0  0 100 0  0  0
 1  0      0 103177536 1944 154042028 0   0     0     0 4341 5955  0  0 100 0  0  0
 0  0      0 103130992 1944 154089132 0   0     0    16 3517 3539  0  0 100 0  0  0
 0  0      0 103092136 1944 154130092 0   0     0     0 6027 10123 0  0 100 0  0  0
 1  0      0 103054496 1944 154162860 0   0     0 1048577 11326 4662 0 0 100 0 0  0
 1  0      0 102738808 1944 154480304 0   0     0     0 5032 5937  0  0 100 0  0  0
 0  0      0 102365304 1944 154854132 0   0     0     0 4183 2944  0  0 100 0  0  0
 0  0      0 102125488 1944 155094772 0   0     0     0 3345 2380  0  0 100 0  0  0
 0  0      0 101960608 1944 155260692 0   0     0 1048580 10462 3334 0 0 100 0 0  0
 1  0      0 101581748 1944 155639572 0   0     0    20 3192 2182  0  0 100 0  0  0
 2  0      0 101319180 1944 155902740 0   0     0    12 3545 3304  0  0 100 0  0  0
procs -----------memory---------- ---swap-- -----io---- -system-- -------cpu-------
 r  b   swpd   free   buff  cache   si   so    bi    bo   in   cs us sy id wa st gu
 0  1      0 100973112 1944 156245812 0   0     0 864256 4639 6344 0  0 100 0  0  0
 1  0      0 100906456 1944 156316468 0   0     0 184325 10482 3784 0 0 100 0  0  0
 1  0      0 100591612 1944 156630864 0   0     0     0 5033 5277  0  0 100 0  0  0
 2  0      0 100270176 1944 156945236 0   0     0     0 4719 4332  0  0 100 0  0  0
 0  0      0 100104420 1944 157112148 0   0     0     0 4284 5733  0  0 100 0  0  0
 0  0      0 99923848 1944 157294420 0    0     0 1048606 10670 3126 0 0 99 0  0  0
 1  0      0 99565552 1944 157646676 0    0     0     4 3784 2498  0  0 100 0  0  0
 1  0      0 99242720 1944 157971284 0    0     0     0 5134 7469  0  0 100 0  0  0
 0  1      0 98863408 1944 158342996 0    0     0 863232 5900 3232 0  0 100 0  0  0
 0  0      0 98644068 1944 158567252 0    0     0 185348 8761 3588 0  0 99  0  0  0
 1  0      0 98484224 1944 158728020 0    0     0     0 3547 4460  0  0 100 0  0  0
 0  0      0 98164976 1944 159048532 0    0     0     0 4035 3632  0  0 100 0  0  0
 0  0      0 97842640 1944 159369104 0    0     0     0 5705 6635  1  0 99  0  0  0
 1  0      0 97714084 1944 159494040 0    0     0 1048580 11596 5558 0 0 99 0  0  0
 0  0      0 97430752 1944 159775640 0    0     0     4 4629 4996  0  0 100 0  0  0
 2  0      0 96960192 1944 160243608 0    0     0     0 4126 2763  0  0 100 0  0  0
 0  0      0 96767160 1944 160440216 0    0     0 1048580 10552 3569 0 0 100 0 0  0
 1  0      0 96505752 1944 160703416 0    0     0    44 3674 2192  0  0 100 0  0  0
 2  0      0 96201204 1944 161007544 0    0     0     0 4256 2728  0  0 100 0  0  0
 0  0      0 95824756 1944 161386456 0    0     0     0 4040 2909  0  0 100 0  0  0
 1  0      0 95676452 1944 161535960 0    0     0 1048580 11790 6951 0 0 99 0  0  0
procs -----------memory---------- ---swap-- -----io---- -system-- -------cpu-------
 r  b   swpd   free   buff  cache   si   so    bi    bo   in   cs us sy id wa st gu
 0  0      0 95579292 1944 161633240 0    0     0    36 2438 2413  0  0 100 0  0  0
 0  0      0 95581232 1944 161633244 0    0     0     0 4224 9379  0  0 100 0  0  0
 0  0      0 95254032 1944 161953788 0    0     0     0 4237 3978  0  0 100 0  0  0
 0  0      0 94856368 1944 162355192 0    0     0     0 5862 5197  0  0 99  0  0  0
 1  0      0 94648824 1944 162563068 0    0     0 1048582 11805 3760 0 0 99 0  0  0
 1  0      0 94312332 1944 162900988 0    0     0     0 3456 2446  0  0 100 0  0  0
 0  0      0 93891876 1944 163322876 0    0     0     0 4439 2614  0  0 100 0  0  0
 0  0      0 93631236 1944 163586044 0    0     0 1048580 11680 3366 0 0 99 0  0  0
 0  0      0 93245492 1944 163971100 0    0     0     0 3618 2665  0  0 100 0  0  0
 1  0      0 92668280 1944 164549660 0    0     0    24 5011 5866  1  0 99  0  0  0
 0  0      0 92520644 1944 164698172 0    0     0 1048580 10734 3910 0 0 100 0 0  0
 1  0      0 92273664 1944 164945980 0    0     0     0 4799 6185  0  0 100 0  0  0
 1  0      0 91853764 1944 165357656 0    0     0     0 4053 3635  0  0 100 0  0  0
 3  0      0 91537972 1944 165671004 0    0     0     0 4518 5022  0  0 100 0  0  0
 1  0      0 91332120 1944 165883000 0    0     0 1048610 11766 4416 0 0 99 0  0  0
 0  0      0 91068576 1944 166148216 0    0     0     4 3658 2823  0  0 100 0  0  0
 0  0      0 90827344 1944 166388888 0    0     0     0 3652 7194  0  0 100 0  0  0
 0  0      0 90505252 1944 166710424 0    0     0     0 3178 2550  0  0 100 0  0  0
 0  0      0 90347728 1944 166876312 0    0     0 1048577 11041 3736 0 0 100 0 0  0
 1  0      0 89934800 1944 167290040 0    0     0     0 4908 4861  0  0 100 0  0  0
 1  0      0 89523328 1944 167701688 0    0     0     0 4233 2866  0  0 100 0  0  0
procs -----------memory---------- ---swap-- -----io---- -system-- -------cpu-------
 r  b   swpd   free   buff  cache   si   so    bi    bo   in   cs us sy id wa st gu
 0  0      0 89377636 1944 167844024 0    0     0 1048580 12354 7066 0 0 100 0 0  0
 1  0      0 89066956 1944 168147128 0    0     0     0 4012 4369  0  0 100 0  0  0
 0  0      0 88806736 1944 168406204 0    0     0     4 4361 5016  0  0 100 0  0  0
 1  0      0 88510924 1944 168702168 0    0     0    20 4337 3266  0  0 100 0  0  0
 0  0      0 88318192 1944 168892632 0    0     0 1048580 11206 3887 0 0 100 0 0  0
 1  0      0 87927664 1944 169285848 0    0     0     0 4338 3026  0  0 100 0  0  0
 0  0      0 87568480 1944 169646328 0    0     0     0 3683 2667  0  0 100 0  0  0
 0  1      0 87337712 1944 169877752 0    0     0 1048576 10012 3644 0 0 100 0 0  0
 0  0      0 87032640 1944 170181916 0    0     0     4 5420 6174  1  0 99  0  0  0
 1  0      0 86769212 1944 170448188 0    0     0    48 3858 3735  0  0 100 0  0  0
 0  0      0 86390296 1944 170823992 0    0     0     4 6203 9604  0  0 100 0  0  0
 0  0      0 86220952 1944 170989884 0    0     0 1048581 11240 4415 0 0 99 0  0  0
 1  0      0 85909940 1944 171301184 0    0     0     0 5006 6251  0  0 100 0  0  0
 0  0      0 85738052 1944 171471232 0    0     0     0 3183 2953  0  0 100 0  0  0
 0  0      0 85609540 1944 171600256 0    0     0     0 2580 2570  0  0 100 0  0  0
 1  0      0 85283996 1944 171929984 0    0     0     0 3320 2639  0  0 100 0  0  0
 0  0      0 85177836 1944 172038528 0    0     0 1048584 10572 3409 0 0 100 0 0  0
 1  0      0 84928816 1944 172288384 0    0     0     0 3167 2667  0  0 100 0  0  0
 0  0      0 84698628 1944 172519808 0    0     0     8 4083 6262  0  0 100 0  0  0
 1  0      0 84425452 1944 172792224 0    0     0     0 3773 2511  0  0 100 0  0  0
 0  1      0 84197200 1944 173023640 0    0     0 865280 4470 5618 0  0 100 0  0  0
procs -----------memory---------- ---swap-- -----io---- -system-- -------cpu-------
 r  b   swpd   free   buff  cache   si   so    bi    bo   in   cs us sy id wa st gu
 2  0      0 84001068 1944 173205944 0    0     0 183317 10835 4556 0 0 99  0  0  0
 1  0      0 83634760 1944 173566400 0    0     0     0 5764 5734  0  0 100 0  0  0
 1  0      0 83294588 1944 173907392 0    0     0    44 4158 2736  0  0 100 0  0  0
 0  1      0 83123616 1944 174072288 0    0     0 866304 9240 3776 0  0 100 0  0  0
 0  0      0 82985180 1944 174216672 0    0     0 182274 5706 7913 0  0 100 0  0  0
 1  0      0 82752972 1944 174449120 0    0     0     4 2957 2555  0  0 100 0  0  0
 1  0      0 82419664 1944 174782944 0    0     0     0 4577 3321  1  0 99  0  0  0
 1  0      0 82168652 1944 175034848 0    0     0     0 3939 5324  0  0 100 0  0  0
 0  0      0 81938340 1944 175265248 0    0     0 1048580 11237 4421 0 0 99 0  0  0
 2  0      0 81651148 1944 175551968 0    0     0     0 5002 6336  0  0 100 0  0  0
 1  0      0 81371928 1944 175828448 0    0     0     0 4465 4443  0  0 100 0  0  0
 0  0      0 81054996 1944 176146920 0    0     0     0 4402 5006  0  0 100 0  0  0
 0  0      0 80887976 1944 176313832 0    0     0 1048581 10713 3613 0 0 100 0 0  0
 1  0      0 80634284 1944 176568836 0    0     0     4 3269 3105  0  0 100 0  0  0
 0  0      0 80360560 1944 176843304 0    0     0     0 2987 2264  0  0 100 0  0  0
 1  0      0 80277348 1944 176928296 0    0     0     0 2758 2425  0  0 100 0  0  0
 1  0      0 80009612 1944 177199656 0    0     0     0 3914 2914  0  0 100 0  0  0
 1  0      0 79830640 1944 177381928 0    0     0 1048580 11827 6509 0 0 99 0  0  0
 1  0      0 79422536 1944 177791560 0    0     0    16 4642 3296  0  0 100 0  0  0
 1  0      0 79016828 1944 178200136 0    0     0     0 5551 9462  0  0 100 0  0  0
 0  0      0 78878416 1944 178330184 0    0     0 1048581 11359 5251 0 0 100 0 0  0
procs -----------memory---------- ---swap-- -----io---- -system-- -------cpu-------
 r  b   swpd   free   buff  cache   si   so    bi    bo   in   cs us sy id wa st gu
 0  0      0 78638988 1944 178570824 0    0     0     0 4545 4898  0  0 100 0  0  0
 0  0      0 78318520 1944 178891368 0    0     0    48 3357 2104  0  0 100 0  0  0
 1  0      0 77998328 1944 179210856 0    0     0     0 3897 3013  0  0 100 0  0  0
 0  0      0 77832840 1944 179378824 0    0     0 1048581 10771 3813 0 0 100 0 0  0
 1  0      0 77569864 1944 179641992 0    0     0     0 2969 2595  0  0 100 0  0  0
 0  0      0 77191232 1944 180020872 0    0     0     0 3254 2510  0  0 100 0  0  0
 0  1      0 76849700 1944 180363944 0    0     0 865280 5328 5820 1  0 99  0  0  0
 0  0      0 76624644 1944 180588200 0    0     0 183308 10573 4146 0 0 99  0  0  0
 1  0      0 76290988 1944 180926148 0    0     0     4 5445 6302  0  0 100 0  0  0
 0  0      0 75902560 1944 181310144 0    0     0     0 4623 3800  0  0 100 0  0  0
 0  0      0 75806536 1944 181412544 0    0     0 1048581 11644 5963 0 0 100 0 0  0
 1  0      0 75408532 1944 181807844 0    0     0    41 3808 2672  0  0 100 0  0  0
 0  0      0 75178704 1944 182038240 0    0     0     1 3376 3341  0  0 100 0  0  0
 1  0      0 74879184 1944 182339296 0    0     0     0 4190 7327  0  0 99  0  0  0
 0  0      0 74693784 1944 182524640 0    0     0 1048577 10736 3568 0 0 100 0 0  0
 0  0      0 74694808 1944 182524640 0    0     0     4 2459 2966  0  0 100 0  0  0
 0  0      0 74615264 1944 182604544 0    0     0     0 3059 4834  0  0 100 0  0  0
 0  0      0 74216724 1944 183003908 0    0     0     0 4017 3012  0  0 100 0  0  0
 0  0      0 73976640 1944 183244552 0    0     0     0 5208 6215  0  0 100 0  0  0
 1  0      0 73785992 1944 183438084 0    0     0     0 4395 4442  0  0 100 0  0  0
 0  0      0 73712616 1944 183509768 0    0     0 1048581 11565 5792 0 0 100 0 0  0
procs -----------memory---------- ---swap-- -----io---- -system-- -------cpu-------
 r  b   swpd   free   buff  cache   si   so    bi    bo   in   cs us sy id wa st gu
 0  0      0 73411828 1944 183811868 0    0     0     0 4088 2949  0  0 100 0  0  0
 1  0      0 73061692 1944 184162076 0    0     0     0 4052 3348  0  0 100 0  0  0
 0  1      0 72665036 1944 184558396 0    0     0 866304 5716 3358 0  0 99  0  0  0
 1  0      0 72498260 1944 184724284 0    0     0 182276 9445 3633 0  0 100 0  0  0
 0  0      0 72202840 1944 185020220 0    0     0     4 3659 2693  0  0 100 0  0  0
 0  0      0 71885428 1944 185338684 0    0     0     0 4260 6068  0  0 100 0  0  0
 0  1      0 71617132 1944 185606972 0    0     0 873488 7658 3794 0  0 100 0  0  0
 2  0      0 71299300 1944 185922360 0    0     0 175109 8664 10263 0 0 99  0  0  0
 0  0      0 70989372 1944 186228540 0    0     0     0 3974 3854  0  0 100 0  0  0
 0  1      0 70561364 1944 186655584 0    0     0 872448 9732 6147 0  0 99  0  0  0
 0  0      0 70253268 1944 186957728 0    0     0 176133 7212 2975 0  0 100 0  0  0
 0  0      0 69937636 1944 187277216 0    0     0     0 2995 2687  0  0 100 0  0  0
 0  0      0 69620292 1944 187595680 0    0     0    44 3593 3184  0  0 100 0  0  0
 0  0      0 69449652 1944 187767712 0    0     0 1048580 10701 3566 0 0 100 0 0  0
 1  0      0 69147452 1944 188070848 0    0     0     0 3630 2469  0  0 100 0  0  0
 0  0      0 68888848 1944 188329952 0    0     0     0 3613 5659  0  0 100 0  0  0
 0  0      0 68647964 1944 188570592 0    0     0     8 3280 3354  0  0 100 0  0  0
 0  0      0 68470128 1944 188752864 0    0     0 1048581 13071 7440 0 0 99 0  0  0
 0  0      0 68240860 1944 188977144 0    0     0     4 4382 4217  0  0 100 0  0  0
 1  0      0 67869100 1944 189348860 0    0     0     0 4565 5068  0  0 100 0  0  0
 0  0      0 67682232 1944 189536248 0    0     0     0 3054 2701  0  0 100 0  0  0
procs -----------memory---------- ---swap-- -----io---- -system-- -------cpu-------
 r  b   swpd   free   buff  cache   si   so    bi    bo   in   cs us sy id wa st gu
 1  0      0 67521984 1944 189695992 0    0     0    29 2716 2640  0  0 100 0  0  0
 0  0      0 67350940 1944 189864952 0    0     0 1048590 12441 8802 0 0 99 0  0  0
 0  0      0 67029892 1944 190186520 0    0     0     0 3730 2642  0  0 100 0  0  0
 1  0      0 66744760 1944 190472216 0    0     0     0 3418 2675  0  0 100 0  0  0
 1  0      0 66438732 1944 190779416 0    0     0     0 5027 5353  0  0 100 0  0  0
 0  0      0 66224136 1944 190994488 0    0     0 1048581 11083 4066 0 0 99 0  0  0
 0  0      0 65906048 1944 191315004 0    0     0     4 4882 6399  0  0 100 0  0  0
 0  0      0 65584216 1944 191635516 0    0     0     0 5160 4595  0  0 100 0  0  0
 0  0      0 65326644 1944 191898724 0    0     0 1048581 12502 5417 0 0 99 0  0  0
 0  0      0 65018428 1944 192202848 0    0     0     0 3536 3066  0  0 100 0  0  0
 0  0      0 64698664 1944 192523360 0    0     0     0 3318 2861  0  0 100 0  0  0
 1  0      0 64284100 1944 192939104 0    0     0     0 3534 2740  0  0 100 0  0  0
 1  0      0 64152192 1944 193070176 0    0     0 1048581 10629 3087 0 0 100 0 0  0
 0  0      0 63810608 1944 193412224 0    0     0     0 3084 2580  0  0 100 0  0  0
 0  0      0 63410576 1944 193812608 0    0     0     4 3865 5429  0  0 100 0  0  0
 0  1      0 63227980 1944 193995936 0    0     0 866304 8377 3876 0  0 100 0  0  0
 0  0      0 63004232 1944 194220192 0    0     0 182293 8138 9981 0  0 100 0  0  0
 0  0      0 62759740 1944 194460832 0    0     0     0 3909 4597  0  0 100 0  0  0
 0  0      0 62439224 1944 194781376 0    0     0     0 4627 4872  0  0 100 0  0  0
 0  1      0 62176480 1944 195044544 0    0     0 867328 4677 2596 0  0 100 0  0  0
 0  0      0 62028796 1944 195188928 0    0     0 181253 9174 3435 0  0 100 0  0  0
procs -----------memory---------- ---swap-- -----io---- -system-- -------cpu-------
 r  b   swpd   free   buff  cache   si   so    bi    bo   in   cs us sy id wa st gu
 0  0      0 61789764 1944 195429600 0    0     0     4 2868 3010  0  0 100 0  0  0
 0  0      0 61468256 1944 195750112 0    0     0     0 3810 3111  0  0 100 0  0  0
 1  0      0 61224040 1944 195994848 0    0     0     0 2844 2605  0  0 100 0  0  0
 1  0      0 61023224 1944 196196584 0    0     0 1048581 11768 6974 1 0 99 0  0  0
 1  0      0 60647288 1944 196571400 0    0     0     0 4305 3203  0  0 100 0  0  0
 0  0      0 60333012 1944 196879628 0    0     0    16 4544 6124  0  0 100 0  0  0
 0  1      0 60063188 1944 197141800 0    0     0 867328 7766 5028 0  0 100 0  0  0
 0  0      0 59914360 1944 197286180 0    0     0 181253 9266 5924 0  0 100 0  0  0
 0  0      0 59591080 1944 197606696 0    0     0     4 3203 2559  0  0 100 0  0  0
 0  0      0 59270140 1944 197928232 0    0     0    30 3395 2994  0  0 100 0  0  0
 0  0      0 59008856 1944 198190408 0    0     0 1048577 12277 8516 0 0 99 0  0  0
 0  0      0 58782160 1944 198414664 0    0     0     0 3345 3054  0  0 100 0  0  0
 0  0      0 58464280 1944 198735180 0    0     0     4 3149 2648  0  0 100 0  0  0
 0  0      0 58225732 1944 198975852 0    0     0     0 4843 5272  0  0 100 0  0  0
 0  1      0 57963048 1944 199239020 0    0     0 865280 9704 3621 0  0 99  0  0  0
 2  0      0 57729872 1944 199473516 0    0     0 183301 6845 6386 0  0 100 0  0  0
 0  0      0 57329396 1944 199864684 0    0     0     4 4345 4741  0  0 100 0  0  0
 0  0      0 57167672 1944 200025460 0    0     0     0 3789 4329  0  0 100 0  0  0
 0  1      0 56906772 1944 200287596 0    0     0 858112 6906 3213 0  0 100 0  0  0
 1  0      0 56682352 1944 200515980 0    0     0 190470 7893 3201 0  0 100 0  0  0
 0  0      0 56366544 1944 200832428 0    0     0     0 3814 2598  0  0 100 0  0  0
procs -----------memory---------- ---swap-- -----io---- -system-- -------cpu-------
 r  b   swpd   free   buff  cache   si   so    bi    bo   in   cs us sy id wa st gu
 1  0      0 56095312 1944 201104812 0    0     0     0 3442 2769  0  0 100 0  0  0
 0  1      0 55863296 1944 201336236 0    0     0 868352 8558 3292 0  0 100 0  0  0
 0  0      0 55638952 1944 201560524 0    0     0 180229 6965 6259 0  0 100 0  0  0
 1  0      0 55244216 1944 201955788 0    0     0     4 5014 3486  0  0 99  0  0  0
 0  0      0 55002352 1944 202202608 0    0     0    16 5018 9362  0  0 100 0  0  0
 0  0      0 54828416 1944 202384880 0    0     0 1048581 11528 5360 0 0 99 0  0  0
 0  0      0 54600316 1944 202609136 0    0     0     0 4673 5600  0  0 100 0  0  0
 0  0      0 54281296 1944 202929680 0    0     0     0 3616 2738  0  0 100 0  0  0
 0  0      0 53961044 1944 203251248 0    0     0     0 2917 2321  0  0 100 0  0  0
 0  1      0 53780296 1944 203433552 0    0     0 1048576 9735 3804 0 0 100 0  0  0
 0  0      0 53475916 1944 203737680 0    0     0     5 5868 3574  0  0 100 0  0  0
 1  0      0 53287492 1944 203927152 0    0     0    12 2945 2781  0  0 100 0  0  0
 0  0      0 53076616 1944 204139120 0    0     0     0 4447 6188  0  0 100 0  0  0
 0  0      0 52995728 1944 204220016 0    0     0     0 2294 2532  0  0 100 0  0  0
 0  0      0 52992460 1944 204220016 0    0     0     0 3210 5055  0  0 100 0  0  0
 0  1      0 52722560 1944 204482160 0    0     0 860168 7468 4520 0  0 100 0  0  0
 0  0      0 52488640 1944 204706452 0    0     0 188421 8678 5670 0  0 100 0  0  0
 0  0      0 52248156 1944 204947092 0    0     0     0 2662 2118  0  0 100 0  0  0
 1  0      0 51930948 1944 205265556 0    0     0    70 3039 2572  0  0 100 0  0  0
 0  1      0 51667720 1944 205530772 0    0     0 865320 7563 8111 0  0 100 0  0  0
 0  0      0 51523968 1944 205675188 0    0     0 183298 7349 3028 0  0 100 0  0  0
procs -----------memory---------- ---swap-- -----io---- -system-- -------cpu-------
 r  b   swpd   free   buff  cache   si   so    bi    bo   in   cs us sy id wa st gu
 1  0      0 51169360 1944 206030516 0    0     0     4 3822 3389  0  0 100 0  0  0
 0  0      0 50886356 1944 206316212 0    0     0     0 4373 5042  1  0 99  0  0  0
 0  0      0 50726588 1944 206476980 0    0     0     0 2690 2912  0  0 100 0  0  0
 0  1      0 50625260 1944 206579380 0    0     0 852992 3997 5862 0  0 100 0  0  0
 0  0      0 50407152 1944 206803636 0    0     0 195589 12003 6053 0 0 99  0  0  0
 1  0      0 50086144 1944 207124180 0    0     0     0 5018 5015  0  0 100 0  0  0
 0  0      0 49926264 1944 207284952 0    0     0     4 2823 2742  0  0 100 0  0  0
 0  0      0 49685680 1944 207525592 0    0     0     0 3046 2495  0  0 100 0  0  0
 1  0      0 49510580 1944 207701752 0    0     0 1048582 10699 3491 0 0 100 0 0  0
 0  0      0 49040520 1944 208172828 0    0     0     8 4924 2467  0  0 99  0  0  0
 1  0      0 48834780 1944 208378652 0    0     0     0 3137 2989  0  0 100 0  0  0
 0  1      0 48536792 1944 208676636 0    0     0 859136 9984 6808 0  0 99  0  0  0
 0  0      0 48235768 1944 208980796 0    0     0 189446 6553 2933 0  0 100 0  0  0
 0  0      0 47834256 1944 209382208 0    0     0    16 6590 9781  0  0 99  0  0  0
 0  0      0 47588268 1944 209622844 0    0     0     0 3835 4415  0  0 100 0  0  0
 1  0      0 47475448 1944 209734460 0    0     0 1048581 12102 6031 0 0 100 0 0  0
 0  0      0 47184468 1944 210029372 0    0     0     0 3013 2453  0  0 100 0  0  0
 0  0      0 47023740 1944 210190140 0    0     0     4 3043 2642  0  0 100 0  0  0
 1  0      0 46833820 1944 210380604 0    0     0     0 3296 2403  0  0 100 0  0  0
 0  0      0 46623604 1944 210591580 0    0     0     0 2903 2739  0  0 100 0  0  0
 0  1      0 46441964 1944 210773852 0    0     0 854016 7821 3622 0  0 100 0  0  0
procs -----------memory---------- ---swap-- -----io---- -system-- -------cpu-------
 r  b   swpd   free   buff  cache   si   so    bi    bo   in   cs us sy id wa st gu
 1  0      0 46139460 1944 211071836 0    0     0 194566 6792 5724 0  0 100 0  0  0
 0  0      0 45890844 1944 211318620 0    0     0     0 4213 8829  1  0 99  0  0  0
 0  0      0 45651580 1944 211559256 0    0     0     0 4467 6002  0  0 100 0  0  0
 0  1      0 45381008 1944 211822428 0    0     0 867328 6870 4307 0  0 100 0  0  0
 0  0      0 45161008 1944 212046688 0    0     0 181261 9769 5872 0  0 100 0  0  0
 0  0      0 44761860 1944 212448128 0    0     0     4 3641 2586  0  0 100 0  0  0
 1  0      0 44493120 1944 212718464 0    0     0    35 4198 3106  0  0 100 0  0  0
 1  0      0 44271824 1944 212943744 0    0     0 1048578 11793 8206 0 0 99 0  0  0
 1  0      0 43969404 1944 213247904 0    0     0     0 3323 2879  0  0 100 0  0  0
 1  0      0 43788320 1944 213430176 0    0     0     0 3091 3257  0  0 100 0  0  0
 0  0      0 43403064 1944 213817248 0    0     0     0 3709 4454  0  0 100 0  0  0
 2  0      0 43290288 1944 213928864 0    0     0 1048581 11050 3972 0 0 100 0 0  0
 1  0      0 43032680 1944 214181856 0    0     0    12 4550 6165  0  0 100 0  0  0
 0  0      0 42675936 1944 214545376 0    0     0     0 4897 4955  0  0 100 0  0  0
 0  0      0 42354124 1944 214865888 0    0     0     0 4618 4877  0  0 100 0  0  0
 0  0      0 42181248 1944 215031776 0    0     0 1048594 10726 3378 0 0 100 0 0  0
 0  0      0 41779628 1944 215433184 0    0     0     0 4338 3030  0  0 100 0  0  0
 1  0      0 41423392 1944 215790592 0    0     0     0 4405 2892  0  0 100 0  0  0
 0  0      0 41198720 1944 216016896 0    0     0 1048582 10624 3587 0 0 99 0  0  0
 1  0      0 40971568 1944 216243200 0    0     0     0 3960 3346  0  0 100 0  0  0
 1  0      0 40557660 1944 216657952 0    0     0     4 5114 6134  0  0 100 0  0  0
procs -----------memory---------- ---swap-- -----io---- -system-- -------cpu-------
 r  b   swpd   free   buff  cache   si   so    bi    bo   in   cs us sy id wa st gu
 0  0      0 40252216 1944 216963136 0    0     0     0 3209 2827  0  0 100 0  0  0
 1  0      0 40080620 1944 217130044 0    0     0 1048597 12797 10322 0 0 99 0 0  0
 1  0      0 39554496 1944 217652288 0    0     0     0 5269 4043  1  0 99  0  0  0
 1  0      0 39308584 1944 217906244 0    0     0     0 4264 4991  0  0 100 0  0  0
 0  1      0 39102592 1944 218114148 0    0     0 862208 8376 3653 0  0 100 0  0  0
 1  0      0 38753456 1944 218461316 0    0     0 186374 5628 2401 0  0 100 0  0  0
 0  0      0 38395812 1944 218819716 0    0     0     4 3651 2423  0  0 100 0  0  0
 0  1      0 38053444 1944 219162788 0    0     0 862208 4409 3041 0  0 100 0  0  0
 0  0      0 37909688 1944 219307172 0    0     0 186373 10396 3965 0 0 100 0  0  0
 1  0      0 37510568 1944 219706564 0    0     0     0 4447 6030  0  0 100 0  0  0
 0  0      0 37109264 1944 220109000 0    0     0     0 3780 3490  0  0 100 0  0  0
 1  0      0 36865760 1944 220348616 0    0     0 1048582 12238 6497 0 0 99 0  0  0
 0  0      0 36533460 1944 220676296 0    0     0     0 3711 3933  0  0 100 0  0  0
 0  0      0 36207016 1944 220996840 0    0     0    16 4744 5440  0  0 100 0  0  0
 0  1      0 35945100 1944 221260008 0    0     0 860169 7110 3086 0  0 100 0  0  0
 1  0      0 35670604 1944 221539560 0    0     0 188475 7261 2911 0  0 100 0  0  0
 1  0      0 35405448 1944 221804808 0    0     0     0 4093 7346  0  0 100 0  0  0
 0  0      0 35085104 1944 222126376 0    0     0     0 3553 2650  0  0 100 0  0  0
 2  0      0 34854140 1944 222352680 0    0     0 1048578 11760 4280 0 0 99 0  0  0
 0  0      0 34433796 1944 222773544 0    0     0     0 4209 5271  0  0 100 0  0  0
 1  0      0 34098744 1944 223109448 0    0     0     4 4081 3074  0  0 100 0  0  0
procs -----------memory---------- ---swap-- -----io---- -system-- -------cpu-------
 r  b   swpd   free   buff  cache   si   so    bi    bo   in   cs us sy id wa st gu
 0  0      0 33780436 1944 223420744 0    0     0 1048580 12385 6271 0 0 99 0  0  0
 1  0      0 33508964 1944 223691080 0    0     0     0 5124 5198  0  0 100 0  0  0
 2  0      0 33128936 1944 224067944 0    0     0     0 5042 4158  0  0 100 0  0  0
 0  0      0 32814224 1944 224383336 0    0     0     0 4400 3020  0  0 100 0  0  0
 0  0      0 32653488 1944 224549256 0    0     0 1048580 11097 3977 0 0 100 0 0  0
 0  0      0 32332756 1944 224870792 0    0     0    48 3100 2540  0  0 100 0  0  0
 0  0      0 31932960 1944 225271180 0    0     0     0 3827 2703  0  0 100 0  0  0
 0  0      0 31752908 1944 225454508 0    0     0 1048580 10826 3549 0 0 100 0 0  0
 0  0      0 31441204 1944 225758636 0    0     0     8 4384 6181  0  0 100 0  0  0
 1  0      0 31125160 1944 226075052 0    0     0     0 3510 2795  0  0 100 0  0  0
 1  0      0 30811292 1944 226392528 0    0     0    32 5601 9831  0  0 100 0  0  0
 0  0      0 30707628 1944 226503116 0    0     0 1048580 11578 5143 0 0 100 0 0  0
 1  0      0 30367552 1944 226841036 0    0     0     0 5733 4963  0  0 100 0  0  0
 1  0      0 30052436 1944 227156464 0    0     0     4 4062 2885  0  0 100 0  0  0
 1  0      0 29778092 1944 227430896 0    0     0     0 3713 2594  0  0 100 0  0  0
 0  0      0 29662588 1944 227551728 0    0     0 1048580 10303 3343 0 0 100 0 0  0
 0  0      0 29357756 1944 227855888 0    0     0     0 3374 2451  0  0 100 0  0  0
 1  0      0 28997340 1944 228216336 0    0     0     0 4338 2161  0  0 100 0  0  0
 1  0      0 28694020 1944 228520464 0    0     0     0 4784 6084  0  0 100 0  0  0
 0  0      0 28549332 1944 228663824 0    0     0 1048581 10912 3855 0 0 100 0 0  0
 1  0      0 28174380 1944 229035564 0    0     0     4 5446 5690  0  0 100 0  0  0
procs -----------memory---------- ---swap-- -----io---- -system-- -------cpu-------
 r  b   swpd   free   buff  cache   si   so    bi    bo   in   cs us sy id wa st gu
 0  0      0 27820516 1944 229385776 0    0     0     0 3916 3803  0  0 100 0  0  0
 0  0      0 27559028 1944 229648948 0    0     0 1048581 12930 5928 0 0 99 0  0  0
 1  0      0 27230900 1944 229974608 0    0     0     8 4856 3783  1  0 99  0  0  0
 0  0      0 26931724 1944 230274640 0    0     0    38 3487 2674  0  0 100 0  0  0
 0  0      0 26612948 1944 230595184 0    0     0     0 4267 7609  0  0 100 0  0  0
 0  0      0 26367896 1944 230840976 0    0     0 1048577 11113 3480 0 0 99 0  0  0
 1  0      0 25951108 1944 231258768 0    0     0     4 4802 2807  0  0 100 0  0  0
 1  0      0 25566508 1944 231643792 0    0     0     0 4478 4841  0  0 100 0  0  0
 0  0      0 25398916 1944 231809712 0    0     0 1048580 11293 3971 0 0 99 0  0  0
 0  0      0 25076172 1944 232130220 0    0     0     0 5181 6506  0  0 100 0  0  0
 0  0      0 24911464 1944 232290992 0    0     0     0 4228 4464  0  0 99  0  0  0
 0  0      0 24585940 1944 232612560 0    0     0     0 4829 4325  0  0 100 0  0  0
 0  1      0 24411332 1944 232794832 0    0     0 898048 6335 3448 0  0 100 0  0  0
 1  0      0 24113392 1944 233096912 0    0     0 150536 8051 3479 0  0 100 0  0  0
 3  0      0 23721324 1944 233489136 0    0     0     0 3605 2628  0  0 100 0  0  0
 0  0      0 23550100 1944 233660144 0    0     0     0 3141 2599  0  0 100 0  0  0
 0  1      0 23367512 1944 233843440 0    0     0 1048576 10802 3427 0 0 100 0 0  0
 1  0      0 23073792 1944 234136336 0    0     0     9 4971 6323  0  0 100 0  0  0
 0  0      0 22822392 1944 234388244 0    0     0     0 3513 3630  0  0 100 0  0  0
 0  0      0 22495920 1944 234709780 0    0     0    20 5231 9027  0  0 100 0  0  0
 0  0      0 22309732 1944 234892084 0    0     0 1048580 12486 5563 0 0 99 0  0  0
procs -----------memory---------- ---swap-- -----io---- -system-- -------cpu-------
 r  b   swpd   free   buff  cache   si   so    bi    bo   in   cs us sy id wa st gu
 0  0      0 22083564 1944 235114296 0    0     0     0 4796 4762  0  0 100 0  0  0
 1  0      0 21816536 1944 235381556 0    0     0     4 4731 4013  0  0 100 0  0  0
 2  0      0 21409728 1944 235788120 0    0     0     0 4414 2255  0  0 100 0  0  0
 0  0      0 21198504 1944 236004216 0    0     0 1048581 10681 3366 0 0 99 0  0  0
 0  0      0 20880960 1944 236322712 0    0     0     0 3316 2506  0  0 100 0  0  0
 1  0      0 20478192 1944 236726168 0    0     0     0 3511 2703  0  0 100 0  0  0
 0  1      0 20219484 1944 236989336 0    0     0 1048576 11532 7035 1 0 99 0  0  0
 0  0      0 19836828 1944 237371352 0    0     0     5 5261 3341  0  0 100 0  0  0
 1  0      0 19590268 1944 237620188 0    0     0     4 4852 5501  0  0 100 0  0  0
 0  0      0 19197660 1944 238009340 0    0     0     0 5357 4251  0  0 100 0  0  0
 0  0      0 19097084 1944 238101528 0    0     0 1048580 11656 5424 0 0 100 0 0  0
 1  0      0 18854888 1944 238346264 0    0     0    16 3291 2698  0  0 100 0  0  0
 2  0      0 18416984 1944 238785560 0    0     0    45 3792 2908  0  0 100 0  0  0
 0  1      0 18116436 1944 239086616 0    0     0 863232 7113 7821 0  0 100 0  0  0
 1  0      0 17902844 1944 239302688 0    0     0 185346 8038 3096 0  0 100 0  0  0
 1  0      0 17530524 1944 239676480 0    0     0     4 4075 2974  0  0 100 0  0  0
 2  0      0 17180688 1944 240026688 0    0     0     0 4117 4919  0  0 100 0  0  0
 0  0      0 17025264 1944 240182368 0    0     0 1048580 11023 4131 0 0 100 0 0  0
 1  0      0 16625372 1944 240580704 0    0     0     0 5508 5838  0  0 100 0  0  0
 0  0      0 16444880 1944 240759904 0    0     0     0 4218 4537  0  0 100 0  0  0
 0  0      0 16208508 1944 241000576 0    0     0     0 4116 4434  0  0 100 0  0  0
procs -----------memory---------- ---swap-- -----io---- -system-- -------cpu-------
 r  b   swpd   free   buff  cache   si   so    bi    bo   in   cs us sy id wa st gu
 1  0      0 16023296 1944 241183872 0    0     0 1048581 10297 3312 0 0 100 0 0  0
 0  0      0 15718892 1944 241488000 0    0     0     4 4113 3282  0  0 100 0  0  0
 1  0      0 15474784 1944 241732740 0    0     0     0 3280 2528  0  0 100 0  0  0
 0  0      0 15157008 1944 242050180 0    0     0     0 3736 2664  0  0 100 0  0  0
 0  0      0 14980704 1944 242232484 0    0     0 1048580 10655 3421 0 0 100 0 0  0
 0  0      0 14673280 1944 242536644 0    0     0     0 4298 6006  0  0 100 0  0  0
 1  0      0 14383760 1944 242827464 0    0     0     0 3790 3191  0  0 100 0  0  0
 1  0      0 14135264 1944 243072196 0    0     0    16 5147 9708  0  0 100 0  0  0
 0  0      0 13978276 1944 243226856 0    0     0     0 3745 4420  0  0 100 0  0  0
 0  0      0 13931404 1944 243281128 0    0     0 1048581 11945 6171 0 0 99 0  0  0
 1  0      0 13760640 1944 243449064 0    0     0    48 2683 2415  0  0 100 0  0  0
 0  0      0 13495732 1944 243714280 0    0     0     4 3886 3300  0  0 100 0  0  0
 1  0      0 13306404 1944 243903752 0    0     0     0 2701 2548  0  0 100 0  0  0
 0  0      0 13113948 1944 244099336 0    0     0     0 3074 2963  0  0 100 0  0  0
 0  0      0 12941296 1944 244275464 0    0     0     0 3086 2711  0  0 100 0  0  0
 0  0      0 12893788 1944 244329736 0    0     0 1048581 11328 6680 0 0 100 0 0  0
 0  0      0 12620408 1944 244602120 0    0     0     0 3781 3356  0  0 100 0  0  0
 0  0      0 12314628 1944 244907304 0    0     0     0 5230 6100  0  0 100 0  0  0
 0  0      0 12018920 1944 245196072 0    0     0     0 4019 3897  0  0 100 0  0  0
 0  1      0 11834820 1944 245378344 0    0     0 944128 11444 6572 0 0 100 0  0  0
 1  0      0 11646584 1944 245563720 0    0     0 104456 4290 2724 0  0 100 0  0  0
procs -----------memory---------- ---swap-- -----io---- -system-- -------cpu-------
 r  b   swpd   free   buff  cache   si   so    bi    bo   in   cs us sy id wa st gu
 0  0      0 11478784 1944 245730632 0    0     0    37 3165 3551  0  0 100 0  0  0
 1  0      0 11203856 1944 246006088 0    0     0     0 4051 7610  0  0 100 0  0  0
 0  0      0 10886560 1944 246324584 0    0     0     0 4335 3471  0  0 100 0  0  0
 0  0      0 10788772 1944 246426984 0    0     0 1048578 10356 3399 0 0 100 0 0  0
 0  0      0 10562752 1944 246651240 0    0     0     0 3876 4593  0  0 100 0  0  0
 0  0      0 10406740 1944 246812008 0    0     0     8 3323 3509  0  0 100 0  0  0
 1  0      0 10408220 1944 246910280 0    0     0     0 4888 6406  0  0 100 0  0  0
 0  0      0 10507448 1832 246794804 0    0     0     0 4883 4721  0  0 100 0  0  0
 0  0      0 10322672 1832 246960692 0    0     0 1048584 11777 5745 0 0 99 0  0  0
 0  0      0 10296644 1832 246980760 0    0     0     0 3640 2712  0  0 100 0  0  0
 0  0      0 10316524 1832 246961580 0    0     0     0 3434 2952  0  0 100 0  0  0
 0  0      0 10335224 1832 246942248 0    0     0     0 2846 2992  0  0 100 0  0  0
 1  0      0 10309064 1832 246960856 0    0     0 1048581 10440 3892 0 0 100 0 0  0
 0  0      0 10247444 1832 247022472 0    0     0     0 2836 2683  0  0 100 0  0  0
 0  0      0 10233132 1832 247037332 0    0    20     0 3884 5979  0  0 100 0  0  0
 1  0      0 10344300 1704 246927972 0    0    40     0 3831 2895  0  0 100 0  0  0
 0  1      0 10299312 1704 246966496 0    0     0 850976 9355 10597 0 0 100 0  0  0
 0  0      0 10220236 1704 247042908 0    0     0 197640 8198 4202 0  0 100 0  0  0
 2  0      0 10199436 1704 247059592 0    0     0     0 5882 5646  0  0 100 0  0  0
 1  0      0 10304068 1704 246951044 0    0     0     0 3515 3238  0  0 100 0  0  0
 0  1      0 10250652 1704 247004940 0    0     0 843776 3093 2406 0  0 100 0  0  0
procs -----------memory---------- ---swap-- -----io---- -system-- -------cpu-------
 r  b   swpd   free   buff  cache   si   so    bi    bo   in   cs us sy id wa st gu
 0  0      0 10257836 1704 247001492 0    0     0 204845 10709 4022 0 0 100 0  0  0
 0  0      0 10282008 1704 246978240 0    0     0     0 3549 2873  0  0 100 0  0  0
 0  0      0 10197032 1704 247063500 0    0     0     0 3006 2493  0  0 100 0  0  0
 0  1      0 10226704 1704 247034060 0    0     0 843776 3518 5408 0  0 100 0  0  0
 0  0      0 10224964 1704 247036788 0    0     4 204806 10577 3985 0 0 99  0  0  0
 1  0      0 10290072 1676 246966324 0    0     0     4 5305 6184  0  0 100 0  0  0
 1  0      0 10280464 1676 246976828 0    0     0     0 4371 3888  0  0 100 0  0  0
 0  0      0 10180796 1676 247069616 0    0     0     0 5133 5109  0  0 100 0  0  0
 0  0      0 10182304 1676 247074384 0    0     0 1048581 11256 3302 0 0 100 0 0  0
 0  0      0 10170472 1676 247085892 0    0     0    38 4144 3121  0  0 100 0  0  0
 1  0      0 10307960 1676 246947524 0    0     0     0 4628 7669  0  0 100 0  0  0
 0  0      0 10176168 1676 247078276 0    0     0     0 3623 2501  0  0 100 0  0  0
 1  0      0 10289700 1676 246967984 0    0     0 1048578 11118 3703 0 0 99 0  0  0
 0  0      0 10254184 1676 246996292 0    0     0     4 4165 5229  0  0 100 0  0  0
 0  0      0 10111712 1676 247140288 0    0     0     4 3203 2810  0  0 100 0  0  0
 0  0      0 9870324  1676 247380960 0    0    28     0 5057 6763  0  0 100 0  0  0
 0  1      0 9958644  1676 247283216 0    0     0 851968 9724 5281 0  0 99  0  0  0
 1  0      0 9884180  1676 247356436 0    0     0 196613 7747 4827 0  0 100 0  0  0
 1  0      0 9905156  1676 247336484 0    0     0     0 2636 2799  0  0 100 0  0  0
 0  0      0 9826140  1676 247418468 0    0     0     0 3421 2835  0  0 100 0  0  0
 0  0      0 9881432  1676 247366256 0    0     0     0 2918 2579  0  0 100 0  0  0
procs -----------memory---------- ---swap-- -----io---- -system-- -------cpu-------
 r  b   swpd   free   buff  cache   si   so    bi    bo   in   cs us sy id wa st gu
 1  1      0 9780704  1676 247468692 0    0     0 847872 9120 3975 0  0 100 0  0  0
 0  0      0 9856884  1676 247397056 0    0     0 200713 4752 2997 0  0 100 0  0  0
 1  0      0 9826920  1676 247426952 0    0     4     0 3870 3949  0  0 100 0  0  0
 0  0      0 9780676  1676 247473500 0    0     0     0 4202 4138  0  0 99  0  0  0
 1  0      0 9528332  1676 247715388 0    0     0 1048597 14638 11154 0 0 99 0 0  0
 0  0      0 9202768  1676 248041020 0    0     0     0 4351 4415  0  0 100 0  0  0
 1  0      0 8893684  1676 248352320 0    0     0     0 5175 5130  0  0 100 0  0  0
 9  1      0 8704264  1676 248544860 0    0     0 868352 8658 2861 0  0 100 0  0  0
 0  0      0 8401092  1676 248848988 0    0     0 180237 5196 3000 0  0 100 0  0  0
 1  0      0 8144112  1676 249107036 0    0     0     4 3102 2677  0  0 100 0  0  0
 1  0      0 7758768  1676 249493116 0    0     0     0 4624 2810  0  0 100 0  0  0
 0  0      0 7595304  1676 249656956 0    0     0 1048581 10678 3459 0 0 99 0  0  0
 2  0      0 7218392  1676 250037884 0    0     0     0 4549 3199  0  0 100 0  0  0
 0  0      0 7035380  1676 250219164 0    0     0     0 3677 5876  0  0 100 0  0  0
 1  0      0 6706608  1676 250539668 0    0     0     8 6396 5993  1  0 99  0  0  0
 0  0      0 6544196  1676 250705556 0    0     0 1048581 12277 5521 0 0 99 0  0  0
 1  0      0 6280208  1676 250968752 0    0     0     4 5250 5294  0  0 100 0  0  0
 1  0      0 5740460  1676 251508400 0    0     0     0 5352 2850  0  0 99  0  0  0
 0  0      0 5560336  1676 251691156 0    0     0 1048607 11993 3850 0 0 99 0  0  0
 0  0      0 5170084  1676 252075764 0    0     0     0 5601 7613  0  0 99  0  0  0
 1  0      0 4763912  1676 252479764 0    0     0     8 4801 3116  0  0 99  0  0  0
procs -----------memory---------- ---swap-- -----io---- -system-- -------cpu-------
 r  b   swpd   free   buff  cache   si   so    bi    bo   in   cs us sy id wa st gu
 0  1      0 4502152  1676 252741076 0    0     0 1048576 10136 4281 0 0 99 0  0  0
 1  0      0 4134852  1676 253112852 0    0     0     5 5011 2953  0  0 100 0  0  0
 1  0      0 3837620  1676 253404788 0    0     0     4 4033 4790  0  0 100 0  0  0
 0  1      0 3447228  1676 253789940 0    0    96 929792 9626 6990 0  0 99  0  0  0
 1  0      0 3269844  1676 253966104 0    0     0 118789 8877 5395 0  0 100 0  0  0
 0  0      0 2897740  1676 254334744 0    0     0     0 4173 4156  0  0 100 0  0  0
 0  0      0 2873216  1676 254358420 0    0     0     0 3215 3097  0  0 100 0  0  0
 0  0      0 2878888  1676 254358572 0    0     0 1048589 10951 3883 0 0 99 0  0  0
 0  0      0 2884488  1676 254357200 0    0     0     0 3201 2716  0  0 100 0  0  0
 2  0      0 2885132  1676 254359108 0    0     0     4 4132 2975  0  0 99  0  0  0
 0  1      0 2885936  1676 254358584 0    0     0 792581 7150 3589 0  0 100 0  0  0
 2  0      0 2890348  1676 254353660 0    0     0 256001 8226 3718 0  0 99  0  0  0
 0  0      0 2888552  1676 254357132 0    0     0     0 4497 6357  0  0 100 0  0  0
 0  1      0 2918212  1676 254326740 0    0     0 1048604 13073 10670 0 0 99 0 0  0
 1  0      0 2969536  1676 254280928 0    0   772     6 5842 5566  0  0 100 0  0  0
 1  0      0 2904632  1676 254343396 0    0     0     0 5208 5252  0  0 100 0  0  0
 0  0      0 2948444  1676 254301348 0    0     0     4 4380 3698  0  0 100 0  0  0
 1  0      0 2977796  1676 254272140 0    0     0     0 5563 2778  0  0 100 0  0  0
 1  0      0 2908948  1676 254340780 0    0     0     0 5083 2842  0  0 100 0  0  0
 0  0      0 2926564  1676 254323860 0    0     0     0 4913 3310  0  0 100 0  0  0
 1  0      0 2942324  1676 254308436 0    0     0     0 3875 2826  0  0 100 0  0  0
procs -----------memory---------- ---swap-- -----io---- -system-- -------cpu-------
 r  b   swpd   free   buff  cache   si   so    bi    bo   in   cs us sy id wa st gu
 1  0      0 2969520  1676 254282408 0    0     0     0 4785 3064  0  0 100 0  0  0
 0  0      0 2911256  1676 254340776 0    0     0     8 5523 5714  0  0 100 0  0  0
 0  0      0 2959108  1676 254293804 0    0     0     0 4961 5454  0  0 100 0  0  0
 0  0      0 2902528  1676 254348080 0    0   204     0 5087 3957  0  0 100 0  0  0
 1  0      0 2926512  1676 254322112 0    0     0     0 5746 5740  0  0 100 0  0  0
 0  0      0 2954776  1676 254294668 0    0     0     0 5516 2942  0  0 100 0  0  0
 0  0      0 2900880  1676 254348940 0    0     0    31 4057 3392  0  0 100 0  0  0
 0  0      0 2906108  1676 254343908 0    0     0    40 5165 7425  0  0 100 0  0  0
 0  0      0 2985056  1676 254265384 0    0     0     8 5998 3167  0  0 100 0  0  0
 0  0      0 2952564  1676 254301360 0    0     0 1038474 12412 4513 0 0 100 0 0  0
 1  0      0 2924020  1676 254327452 0    0     0     0 4506 3339  0  0 100 0  0  0
 0  0      0 2897544  1676 254353024 0    0     0 617005 8317 5533 0  0 99  0  0  0
 1  0      0 2893956  1676 254351440 0    0     0 13404 4238 5950  0  0 100 0  0  0
 0  0      0 2898920  1676 254347852 0    0     0  4301 3682 4515  1  0 99  0  0  0
 0  0      0 2895584  1676 254346440 0    0     0  2715 4224 5124  0  0 100 0  0  0
 0  0      0 2890684  1676 254348680 0    0     0  2371 2282 2580  0  0 100 0  0  0
 0  0      0 2894208  1676 254350800 0    0     0  1933 2499 2717  0  0 100 0  0  0
 0  0      0 2894864  1676 254350356 0    0     0  1771 2265 2575  0  0 100 0  0  0
 0  0      0 2896860  1676 254350364 0    0     0  1060 2818 3082  0  0 100 0  0  0
 0  0      0 2895296  1676 254351204 0    0     0   902 2530 3037  0  0 100 0  0  0
 0  0      0 2895048  1676 254351876 0    0     0   667 2413 2979  0  0 100 0  0  0
procs -----------memory---------- ---swap-- -----io---- -system-- -------cpu-------
 r  b   swpd   free   buff  cache   si   so    bi    bo   in   cs us sy id wa st gu
 1  0      0 2894732  1676 254352460 0    0     0   650 2855 5525  0  0 100 0  0  0
 1  0      0 2896568  1676 254348808 0    0     0   712 5099 9998  0  0 100 0  0  0
 0  0      0 2895352  1676 254348248 0    0     0   495 2839 3634  0  0 100 0  0  0
 0  0      0 2890152  1676 254347300 0    0     0   524 4638 6064  0  0 99  0  0  0
 0  0      0 2888736  1676 254347956 0    0     0   618 2266 2432  0  0 100 0  0  0
 0  0      0 2888452  1676 254348396 0    0     0   628 2866 3152  0  0 100 0  0  0
 0  0      0 2892028  1676 254349028 0    0     0   719 2265 2506  0  0 100 0  0  0
 0  0      0 2892092  1676 254349868 0    0     0   574 2481 2783  0  0 100 0  0  0
 0  0      0 2891656  1676 254350388 0    0     0   575 2414 2872  0  0 100 0  0  0
 0  0      0 2891832  1676 254350556 0    0     0   574 3286 3679  0  0 100 0  0  0
 0  0      0 2891696  1676 254351356 0    0     0   521 2954 6027  0  0 100 0  0  0
 0  0      0 2889716  1676 254347192 0    0     0   525 4011 5746  0  0 100 0  0  0
 0  0      0 2884096  1676 254347672 0    0     0   500 3359 4250  0  0 100 0  0  0
 0  0      0 2882768  1676 254347048 0    0     0   475 4568 5943  0  0 100 0  0  0
 0  0      0 2883088  1676 254347472 0    0     0   506 2464 2710  1  0 99  0  0  0
 0  0      0 2883352  1676 254347792 0    0     0   915 2478 2679  0  0 100 0  0  0
 0  0      0 2882928  1676 254348248 0    0     0   338 3259 7304  0  0 100 0  0  0
 0  0      0 2885704  1676 254347408 0    0     0   458 3111 3613  0  0 100 0  0  0
 0  0      0 2886048  1676 254348040 0    0    80   397 2787 3152  0  0 100 0  0  0
 0  0      0 2886624  1676 254348216 0    0     0   225 2458 2895  0  0 100 0  0  0
 0  0      0 2887384  1676 254348416 0    0     0   287 3043 4810  0  0 100 0  0  0
procs -----------memory---------- ---swap-- -----io---- -system-- -------cpu-------
 r  b   swpd   free   buff  cache   si   so    bi    bo   in   cs us sy id wa st gu
 0  0      0 2886988  1676 254344988 0    0    32   391 4273 6529  0  0 100 0  0  0
 0  0      0 2878580  1676 254345156 0    0   200   429 3734 4913  0  0 100 0  0  0
 0  0      0 2878648  1676 254345876 0    0     0   529 4204 5885  0  0 100 0  0  0
 1  0      0 2878576  1676 254345876 0    0     0   567 2305 2609  0  0 100 0  0  0
 0  0      0 2880428  1676 254346532 0    0     0   442 2951 3468  0  0 100 0  0  0
 0  0      0 2878468  1676 254346876 0    0     0   536 2274 2665  0  0 100 0  0  0
 0  0      0 2879720  1676 254347300 0    0    64   491 3134 3747  0  0 100 0  0  0
 0  0      0 2879392  1676 254347636 0    0     0   510 2853 3556  0  0 100 0  0  0
 0  0      0 2883476  1676 254348036 0    0     0   571 3750 4637  0  0 100 0  0  0
 0  0      0 2883092  1676 254348276 0    0     0   509 2913 5717  0  0 100 0  0  0
 0  0      0 2884996  1676 254346648 0    0     0   563 5063 10186 0  0 100 0  0  0
 0  0      0 2879172  1676 254346936 0    0     0   528 3688 4567  0  0 100 0  0  0
 2  0      0 2878824  1676 254347408 0    0     0   546 4314 5862  0  0 100 0  0  0
 0  0      0 2879344  1676 254347764 0    0     0   448 2611 3319  0  0 100 0  0  0
 1  0      0 2855612  1676 254350560 0    0   828 28501 3306 6232  0  0 99  0  0  0
 0  0      0 2886452  1676 254311376 0    0  1576 23090 4160 6908  0  0 99  1  0  0
 0  0      0 2824084  1676 254336328 0    0  2316 65675 8683 14044 0  0 100 0  0  0
 0  0      0 2825296  1676 254336628 0    0     0     0 2234 2496  0  0 100 0  0  0
 0  0      0 2827116  1676 254336628 0    0     0     0 2513 3189  0  0 100 0  0  0
 2  0      0 2836832  1676 254335792 0    0     0     0 2669 5320  0  0 100 0  0  0
 0  0      0 2833860  1676 254335796 0    0     0     0 4371 6418  0  0 100 0  0  0
procs -----------memory---------- ---swap-- -----io---- -system-- -------cpu-------
 r  b   swpd   free   buff  cache   si   so    bi    bo   in   cs us sy id wa st gu
 0  0      0 2841952  1676 254336112 0    0   256 16451 3234 4450  0  0 100 0  0  0
 0  0      0 2846284  1676 254336120 0    0     0     0 3830 5139  0  0 100 0  0  0
 0  0      0 2849096  1676 254336120 0    0     0     0 2483 2777  0  0 100 0  0  0
 0  0      0 2843720  1676 254335632 0    0   208  1112 3212 3835  0  0 100 0  0  0
 0  0      0 2828020  1676 254352740 0    0     0 32866 3648 7990  0  0 100 0  0  0
 0  0      0 2830020  1676 254353280 0    0     0     0 2413 2682  0  0 100 0  0  0
 0  0      0 2836040  1676 254353280 0    0     0     0 2258 2609  0  0 100 0  0  0
 0  0      0 2885632  1676 254335396 0    0   308  5345 7819 12863 0  0 100 0  0  0
 0  0      0 2889892  1676 254335320 0    0     0     0 3241 5622  0  0 100 0  0  0
 0  0      0 2938564  1676 254292940 0    0     0    20 5245 7692  0  0 100 0  0  0
 1  0      0 2936884  1676 254292136 0    0     4     0 3517 4938  0  0 100 0  0  0
 0  0      0 2941976  1676 254292144 0    0     0    36 4619 6817  0  0 100 0  0  0
 0  0      0 2840340  1676 254352304 0    0    56 63692 12726 19738 0 0 99  0  0  0
 0  0      0 2819952  1676 254352608 0    0     0   324 5554 9540  0  0 100 0  0  0
 0  0      0 2821232  1676 254352648 0    0     0     0 2450 3186  0  0 100 0  0  0
 0  0      0 2827608  1676 254352652 0    0     0     0 2619 3096  0  0 100 0  0  0
 0  0      0 2830524  1676 254352652 0    0     0     0 2248 2799  0  0 100 0  0  0
 0  0      0 2831232  1676 254352780 0    0     0     4 2732 3457  0  0 100 0  0  0
 0  0      0 2836544  1676 254352780 0    0     0     0 3178 6021  0  0 100 0  0  0
 0  0      0 2840632  1676 254352780 0    0     0  3196 5384 10627 0  0 100 0  0  0
 1  0      0 2837532  1676 254352784 0    0     0     0 2677 3511  0  0 100 0  0  0
procs -----------memory---------- ---swap-- -----io---- -system-- -------cpu-------
 r  b   swpd   free   buff  cache   si   so    bi    bo   in   cs us sy id wa st gu
 0  0      0 2839844  1676 254352784 0    0     0     0 3634 5024  0  0 100 0  0  0
 0  1      0 2815164  1676 254367428 0    0     0 15940 6834 12317 0  0 100 0  0  0
 2  0      0 2810348  1676 254324964 0    0   136  1247 8570 14021 0  0 99  0  0  0
 0  0      0 2779360  1676 254324780 0    0     0     0 5974 8816  0  0 100 0  0  0
 0  0      0 2797400  1676 254324792 0    0     0     0 3305 3831  0  0 100 0  0  0
 0  0      0 2802904  1676 254324796 0    0     0     0 3908 5927  0  0 100 0  0  0
 0  0      0 2805552  1676 254324812 0    0     0  2572 3081 4048  0  0 100 0  0  0
 0  0      0 2801236  1676 254324864 0    0     4     0 4779 12961 0  0 100 0  0  0
 0  0      0 2802736  1676 254324864 0    0     0     0 4227 6803  0  0 100 0  0  0
 0  0      0 2803732  1676 254324868 0    0     0     8 3231 4351  0  0 100 0  0  0
 0  0      0 2817556  1676 254324868 0    0     0     0 4333 6231  0  0 100 0  0  0
