Linux 6.12.88-119.157.amzn2023.x86_64 (ip-192-168-58-166.ec2.internal) 	06/04/26 	_x86_64_	(128 CPU)

02:44:55      UID       PID    %usr %system  %guest   %wait    %CPU   CPU  Command
02:44:56        0     10713    0.00    0.97    0.00    0.00    0.97    70  containerd
02:44:56        0     10779    0.97    0.00    0.00    0.00    0.97   101  kubelet
02:44:56    10001     28603    0.97    0.00    0.00    0.00    0.97   108  manager
02:44:56    65532     32181    1.94    0.00    0.00    0.00    1.94    30  cainjector
02:44:56    65532     32267    0.97    0.00    0.00    0.00    0.97   127  controller
02:44:56       26    281542    0.00    0.97    0.00    0.00    0.97    26  postgres
02:44:56        0    290823    1.94    1.94    0.00    0.00    3.88    47  pidstat

02:44:56      UID       PID    %usr %system  %guest   %wait    %CPU   CPU  Command
02:44:57        0     10713   11.00    4.00    0.00    0.00   15.00    70  containerd
02:44:57        0     10779    2.00    0.00    0.00    0.00    2.00   101  kubelet
02:44:57        0     10902    0.00    1.00    0.00    0.00    1.00    92  containerd-shim
02:44:57    65532     13836    1.00    0.00    0.00    0.00    1.00   124  coredns
02:44:57    65532     13844    1.00    0.00    0.00    0.00    1.00   120  coredns
02:44:57    10001     28603    1.00    0.00    0.00    0.00    1.00   108  manager
02:44:57    65532     34841    1.00    0.00    0.00    0.00    1.00    62  manager
02:44:57       26    281361    0.00    1.00    0.00    0.00    1.00    49  manager
02:44:57       26    281496    3.00    2.00    0.00    0.00    5.00    41  manager
02:44:57        0    290823    1.00    1.00    0.00    0.00    2.00    47  pidstat
02:44:57       26    290910    2.00    3.00    0.00    0.00    5.00    72  pgbackrest
02:44:57       26    290911    1.00    0.00    0.00    0.00    1.00    91  postgres
02:44:57       26    290913    1.00    2.00    0.00    0.00    3.00    84  manager
02:44:57       26    290934    7.00    0.00    0.00    0.00    7.00   104  pgbackrest

02:44:57      UID       PID    %usr %system  %guest   %wait    %CPU   CPU  Command
02:44:58        0       657    1.00    0.00    0.00    0.00    1.00   126  ksoftirqd/126
02:44:58        0     10713    1.00    0.00    0.00    0.00    1.00    70  containerd
02:44:58        0     10779    1.00    1.00    0.00    0.00    2.00   101  kubelet
02:44:58        0    290823    2.00    2.00    0.00    0.00    4.00    57  pidstat
02:44:58       26    290910    3.00    0.00    0.00    0.00    3.00   106  pgbackrest
02:44:58       26    290985    3.00    0.00    0.00    0.00    3.00   107  pgbackrest
02:44:58       26    290986    3.00    1.00    0.00    0.00    4.00    44  pgbackrest
02:44:58       26    290987    4.00    0.00    0.00    0.00    4.00   110  pgbackrest
02:44:58       26    290988    4.00    0.00    0.00    0.00    4.00    47  pgbackrest
02:44:58       26    290989    4.00    0.00    0.00    0.00    4.00   109  pgbackrest
02:44:58       26    290990    4.00    0.00    0.00    0.00    4.00    48  pgbackrest
02:44:58       26    290991    3.00    0.00    0.00    0.00    3.00    49  pgbackrest
02:44:58       26    290992    3.00    0.00    0.00    0.00    3.00    50  pgbackrest
02:44:58       26    290993    4.00    0.00    0.00    0.00    4.00    51  pgbackrest
02:44:58       26    290994    4.00    0.00    0.00    0.00    4.00    52  pgbackrest
02:44:58       26    290995    4.00    0.00    0.00    0.00    4.00    55  pgbackrest
02:44:58       26    290996    3.00    0.00    0.00    0.00    3.00   120  pgbackrest
02:44:58       26    290997    4.00    0.00    0.00    0.00    4.00   121  pgbackrest
02:44:58       26    290998    2.00    2.00    0.00    0.00    4.00    58  pgbackrest
02:44:58       26    290999    4.00    0.00    0.00    0.00    4.00    54  pgbackrest
02:44:58       26    291000    3.00    0.00    0.00    0.00    3.00    59  pgbackrest
02:44:58       26    291001    3.00    0.00    0.00    0.00    3.00   117  pgbackrest
02:44:58       26    291002    3.00    0.00    0.00    0.00    3.00    60  pgbackrest
02:44:58       26    291003    4.00    0.00    0.00    0.00    4.00   125  pgbackrest
02:44:58       26    291004    2.00    1.00    0.00    0.00    3.00   126  pgbackrest
02:44:58       26    291005    3.00    0.00    0.00    0.00    3.00   127  pgbackrest
02:44:58       26    291006    3.00    0.00    0.00    0.00    3.00    63  pgbackrest
02:44:58       26    291007    2.00    2.00    0.00    0.00    4.00    96  pgbackrest
02:44:58       26    291008    2.00    1.00    0.00    0.00    3.00    33  pgbackrest
02:44:58       26    291009    3.00    0.00    0.00    0.00    3.00    98  pgbackrest
02:44:58       26    291010    1.00    2.00    0.00    0.00    3.00    99  pgbackrest
02:44:58       26    291011    3.00    0.00    0.00    0.00    3.00    36  pgbackrest
02:44:58       26    291012    1.00    2.00    0.00    0.00    3.00   101  pgbackrest
02:44:58       26    291013    4.00    0.00    0.00    0.00    4.00    38  pgbackrest
02:44:58       26    291014    3.00    0.00    0.00    0.00    3.00   103  pgbackrest
02:44:58       26    291015    4.00    0.00    0.00    0.00    4.00   104  pgbackrest
02:44:58       26    291016    3.00    0.00    0.00    0.00    3.00    41  pgbackrest

02:44:58      UID       PID    %usr %system  %guest   %wait    %CPU   CPU  Command
02:44:59        0      1502    1.00    0.00    0.00    0.00    1.00     9  kworker/9:1-events
02:44:59        0     10779    1.00    0.00    0.00    0.00    1.00   101  kubelet
02:44:59    65532     13836    1.00    0.00    0.00    0.00    1.00   124  coredns
02:44:59    65532     13844    1.00    0.00    0.00    0.00    1.00    42  coredns
02:44:59     1000     17354    1.00    0.00    0.00    0.00    1.00    62  metrics-server
02:44:59        0    278454    1.00    0.00    0.00    0.00    1.00    16  kworker/u513:42-events_unbound
02:44:59        0    290687    1.00    1.00    0.00    0.00    2.00   119  containerd-shim
02:44:59        0    290823    1.00    1.00    0.00    0.00    2.00    57  pidstat
02:44:59        0    290841    1.00    0.00    0.00    0.00    1.00    61  iostat
02:44:59       26    290985   36.00    3.00    0.00    0.00   39.00    25  pgbackrest
02:44:59       26    290986   34.00    1.00    0.00    0.00   35.00    44  pgbackrest
02:44:59       26    290987   24.00    1.00    0.00    0.00   25.00    85  pgbackrest
02:44:59       26    290988   28.00    1.00    0.00    0.00   29.00     6  pgbackrest
02:44:59       26    290989   34.00    2.00    0.00    0.00   36.00   106  pgbackrest
02:44:59       26    290990   35.00    0.00    0.00    0.00   35.00    48  pgbackrest
02:44:59       26    290991   31.00    3.00    0.00    0.00   34.00    88  pgbackrest
02:44:59       26    290992   30.00    6.00    0.00    0.00   36.00    50  pgbackrest
02:44:59       26    290993   34.00    7.00    0.00    0.00   41.00    51  pgbackrest
02:44:59       26    290994   39.00    5.00    0.00    0.00   44.00   116  pgbackrest
02:44:59       26    290995   34.00    0.00    0.00    0.00   34.00    90  pgbackrest
02:44:59       26    290996   35.00    6.00    0.00    0.00   41.00    91  pgbackrest
02:44:59       26    290997   29.00    3.00    0.00    0.00   32.00   121  pgbackrest
02:44:59       26    290998   30.00    5.00    0.00    0.00   35.00   122  pgbackrest
02:44:59       26    290999   36.00    0.00    0.00    0.00   36.00    11  pgbackrest
02:44:59       26    291000   32.00    5.00    0.00    0.00   37.00    59  pgbackrest
02:44:59       26    291001   38.00    1.00    0.00    0.00   39.00   117  pgbackrest
02:44:59       26    291002   82.00   10.00    0.00    0.00   92.00    13  pgbackrest
02:44:59       26    291003   77.00   10.00    0.00    0.00   87.00   125  pgbackrest
02:44:59       26    291004   70.00    4.00    0.00    0.00   74.00    23  pgbackrest
02:44:59       26    291005   83.00   11.00    0.00    0.00   94.00   127  pgbackrest
02:44:59       26    291006   91.00    2.00    0.00    0.00   93.00     1  pgbackrest
02:44:59       26    291007   83.00    7.00    0.00    0.00   90.00    10  pgbackrest
02:44:59       26    291008   79.00   12.00    0.00    0.00   91.00     0  pgbackrest
02:44:59       26    291009   83.00   10.00    0.00    0.00   93.00    98  pgbackrest
02:44:59       26    291010   79.00   10.00    0.00    0.00   89.00    86  pgbackrest
02:44:59       26    291011   83.00   10.00    0.00    0.00   93.00   100  pgbackrest
02:44:59       26    291012   67.00    7.00    0.00    0.00   74.00    37  pgbackrest
02:44:59       26    291013   80.00    8.00    0.00    0.00   88.00    38  pgbackrest
02:44:59       26    291014   82.00    9.00    0.00    0.00   91.00   103  pgbackrest
02:44:59       26    291015   77.00    9.00    0.00    0.00   86.00    40  pgbackrest
02:44:59       26    291016   80.00    7.00    0.00    0.00   87.00   105  pgbackrest

02:44:59      UID       PID    %usr %system  %guest   %wait    %CPU   CPU  Command
02:45:00        0     10713    1.00    0.00    0.00    0.00    1.00    70  containerd
02:45:00        0     10779    1.00    0.00    0.00    0.00    1.00   101  kubelet
02:45:00     1000     17351    1.00    0.00    0.00    0.00    1.00    28  metrics-server
02:45:00    65532     32340    1.00    0.00    0.00    0.00    1.00     4  webhook
02:45:00       26    281496    1.00    1.00    0.00    0.00    2.00    41  manager
02:45:00        0    290823    0.00    3.00    0.00    0.00    3.00    57  pidstat
02:45:00       26    290985   29.00    5.00    0.00    0.00   34.00    25  pgbackrest
02:45:00       26    290986   40.00    3.00    0.00    0.00   43.00    44  pgbackrest
02:45:00       26    290987   32.00    7.00    0.00    0.00   39.00     4  pgbackrest
02:45:00       26    290988   27.00    0.00    0.00    0.00   27.00    23  pgbackrest
02:45:00       26    290989   32.00    5.00    0.00    0.00   37.00   106  pgbackrest
02:45:00       26    290990   30.00    2.00    0.00    0.00   32.00    48  pgbackrest
02:45:00       26    290991   37.00    2.00    0.00    0.00   39.00    88  pgbackrest
02:45:00       26    290992   32.00    4.00    0.00    0.00   36.00    12  pgbackrest
02:45:00       26    290993   35.00    2.00    0.00    0.00   37.00    51  pgbackrest
02:45:00       26    290994   38.00    3.00    0.00    0.00   41.00    52  pgbackrest
02:45:00       26    290995   39.00    2.00    0.00    0.00   41.00    90  pgbackrest
02:45:00       26    290996   30.00    5.00    0.00    0.00   35.00    27  pgbackrest
02:45:00       26    290997   31.00    2.00    0.00    0.00   33.00    11  pgbackrest
02:45:00       26    290998   40.00    3.00    0.00    0.00   43.00    14  pgbackrest
02:45:00       26    290999   41.00    2.00    0.00    0.00   43.00     9  pgbackrest
02:45:00       26    291000   31.00    5.00    0.00    0.00   36.00    59  pgbackrest
02:45:00       26    291001   32.00    6.00    0.00    0.00   38.00   117  pgbackrest
02:45:00       26    291002   86.00   10.00    0.00    0.00   96.00    13  pgbackrest
02:45:00       26    291003   77.00    4.00    0.00    0.00   81.00   125  pgbackrest
02:45:00       26    291004   75.00   10.00    0.00    0.00   85.00    21  pgbackrest
02:45:00       26    291005   87.00   10.00    0.00    0.00   97.00   127  pgbackrest
02:45:00       26    291006   87.00   13.00    0.00    0.00  100.00     1  pgbackrest
02:45:00       26    291007   90.00    8.00    0.00    0.00   98.00    10  pgbackrest
02:45:00       26    291008   87.00   11.00    0.00    0.00   98.00     0  pgbackrest
02:45:00       26    291009   88.00    8.00    0.00    0.00   96.00    85  pgbackrest
02:45:00       26    291010   93.00    6.00    0.00    0.00   99.00    86  pgbackrest
02:45:00       26    291011   86.00    9.00    0.00    0.00   95.00   100  pgbackrest
02:45:00       26    291012   80.00    1.00    0.00    0.00   81.00    37  pgbackrest
02:45:00       26    291013   82.00    8.00    0.00    0.00   90.00    38  pgbackrest
02:45:00       26    291014   89.00    6.00    0.00    0.00   95.00   103  pgbackrest
02:45:00       26    291015   86.00    6.00    0.00    0.00   92.00    40  pgbackrest
02:45:00       26    291016   76.00    7.00    0.00    0.00   83.00   105  pgbackrest

02:45:00      UID       PID    %usr %system  %guest   %wait    %CPU   CPU  Command
02:45:01        0     10052    0.00    1.00    0.00    0.00    1.00     4  irqbalance
02:45:01        0     10779    1.00    0.00    0.00    0.00    1.00   101  kubelet
02:45:01        0     11371    1.00    0.00    0.00    0.00    1.00    87  aws-k8s-agent
02:45:01    10001     33594    1.00    0.00    0.00    0.00    1.00    75  manager
02:45:01        0    290823    3.00    0.00    0.00    0.00    3.00    57  pidstat
02:45:01       26    290910    3.00    1.00    0.00    0.00    4.00    72  pgbackrest
02:45:01       26    290985   34.00    4.00    0.00    0.00   38.00    25  pgbackrest
02:45:01       26    290986   32.00    1.00    0.00    0.00   33.00    44  pgbackrest
02:45:01       26    290987   28.00    3.00    0.00    0.00   31.00     4  pgbackrest
02:45:01       26    290988   21.00    2.00    0.00    0.00   23.00    23  pgbackrest
02:45:01       26    290989   20.00    2.00    0.00    0.00   22.00   106  pgbackrest
02:45:01       26    290990   22.00    1.00    0.00    0.00   23.00    48  pgbackrest
02:45:01       26    290991   32.00    4.00    0.00    0.00   36.00    88  pgbackrest
02:45:01       26    290992   32.00    3.00    0.00    0.00   35.00    12  pgbackrest
02:45:01       26    290993   35.00    1.00    0.00    0.00   36.00    51  pgbackrest
02:45:01       26    290994   40.00    4.00    0.00    0.00   44.00    52  pgbackrest
02:45:01       26    290995   36.00    5.00    0.00    0.00   41.00    90  pgbackrest
02:45:01       26    290996   29.00    3.00    0.00    0.00   32.00    27  pgbackrest
02:45:01       26    290997   14.00    2.00    0.00    0.00   16.00     2  pgbackrest
02:45:01       26    290998   33.00    5.00    0.00    0.00   38.00    14  pgbackrest
02:45:01       26    290999   34.00   12.00    0.00    0.00   46.00     3  pgbackrest
02:45:01       26    291000   25.00    2.00    0.00    0.00   27.00   123  pgbackrest
02:45:01       26    291001   32.00    2.00    0.00    0.00   34.00   117  pgbackrest
02:45:01       26    291002   62.00    4.00    0.00    0.00   66.00    13  pgbackrest
02:45:01       26    291003   46.00    3.00    0.00    0.00   49.00    30  pgbackrest
02:45:01       26    291004   55.00    7.00    0.00    0.00   62.00     6  pgbackrest
02:45:01       26    291005   65.00    3.00    0.00    0.00   68.00   127  pgbackrest
02:45:01       26    291006   59.00    7.00    0.00    0.00   66.00     1  pgbackrest
02:45:01       26    291007   52.00    6.00    0.00    0.00   58.00    16  pgbackrest
02:45:01       26    291008   49.00    3.00    0.00    0.00   52.00     0  pgbackrest
02:45:01       26    291009   45.00   15.00    0.00    0.00   60.00     5  pgbackrest
02:45:01       26    291010   46.00    5.00    0.00    0.00   51.00    86  pgbackrest
02:45:01       26    291011   52.00    4.00    0.00    0.00   56.00   100  pgbackrest
02:45:01       26    291012   49.00    0.00    0.00    0.00   49.00    37  pgbackrest
02:45:01       26    291013   46.00    1.00    0.00    0.00   47.00    73  pgbackrest
02:45:01       26    291014   57.00   10.00    0.00    0.00   67.00    79  pgbackrest
02:45:01       26    291015   49.00    6.00    0.00    0.00   55.00    74  pgbackrest
02:45:01       26    291016   52.00    4.00    0.00    0.00   56.00    75  pgbackrest

02:45:01      UID       PID    %usr %system  %guest   %wait    %CPU   CPU  Command
02:45:02        0        21    1.00    0.00    0.00    0.00    1.00     0  migration/0
02:45:02        0     10713    0.00    1.00    0.00    0.00    1.00    70  containerd
02:45:02        0     10779    0.00    2.00    0.00    0.00    2.00   101  kubelet
02:45:02    65532     13844    0.00    1.00    0.00    0.00    1.00    42  coredns
02:45:02        0    290805    0.00    1.00    0.00    0.00    1.00   116  vmstat
02:45:02        0    290823    1.00    2.00    0.00    0.00    3.00    57  pidstat
02:45:02       26    290985   29.00    4.00    0.00    0.00   33.00    25  pgbackrest
02:45:02       26    290986   38.00    1.00    0.00    0.00   39.00    44  pgbackrest
02:45:02       26    290987   27.00    0.00    0.00    0.00   27.00     4  pgbackrest
02:45:02       26    290988   30.00    1.00    0.00    0.00   31.00    23  pgbackrest
02:45:02       26    290989   35.00    3.00    0.00    0.00   38.00   106  pgbackrest
02:45:02       26    290990   25.00    2.00    0.00    0.00   27.00    48  pgbackrest
02:45:02       26    290991   28.00    6.00    0.00    0.00   34.00    24  pgbackrest
02:45:02       26    290992   32.00    1.00    0.00    0.00   33.00    12  pgbackrest
02:45:02       26    290993   30.00    3.00    0.00    0.00   33.00    51  pgbackrest
02:45:02       26    290994   36.00    3.00    0.00    0.00   39.00    60  pgbackrest
02:45:02       26    290995   33.00    5.00    0.00    0.00   38.00    90  pgbackrest
02:45:02       26    290996   35.00    2.00    0.00    0.00   37.00    27  pgbackrest
02:45:02       26    290997   25.00    1.00    0.00    0.00   26.00     2  pgbackrest
02:45:02       26    290998   32.00    1.00    0.00    0.00   33.00    14  pgbackrest
02:45:02       26    290999   38.00    1.00    0.00    0.00   39.00     3  pgbackrest
02:45:02       26    291000   28.00    2.00    0.00    0.00   30.00   123  pgbackrest
02:45:02       26    291001   26.00    1.00    0.00    0.00   27.00   117  pgbackrest
02:45:02       26    291002   90.00    8.00    0.00    0.00   98.00    13  pgbackrest
02:45:02       26    291003   75.00   13.00    0.00    0.00   88.00    30  pgbackrest
02:45:02       26    291004   57.00    4.00    0.00    0.00   61.00    40  pgbackrest
02:45:02       26    291005   87.00    9.00    0.00    0.00   96.00   127  pgbackrest
02:45:02       26    291006   84.00   12.00    0.00    0.00   96.00     1  pgbackrest
02:45:02       26    291007   78.00    9.00    0.00    0.00   87.00    16  pgbackrest
02:45:02       26    291008   73.00    6.00    0.00    0.00   79.00    32  pgbackrest
02:45:02       26    291009   79.00    5.00    0.00    0.00   84.00     5  pgbackrest
02:45:02       26    291010   72.00    8.00    0.00    0.00   80.00    86  pgbackrest
02:45:02       26    291011   74.00    8.00    0.00    0.00   82.00   100  pgbackrest
02:45:02       26    291012   50.00    7.00    0.00    0.00   57.00    37  pgbackrest
02:45:02       26    291013   82.00    3.00    0.00    0.00   85.00    73  pgbackrest
02:45:02       26    291014   84.00   15.00    0.00    0.00   99.00    79  pgbackrest
02:45:02       26    291015   80.00    6.00    0.00    0.00   86.00    52  pgbackrest
02:45:02       26    291016   86.00   10.00    0.00    0.00   96.00    11  pgbackrest

02:45:02      UID       PID    %usr %system  %guest   %wait    %CPU   CPU  Command
02:45:03        0        65    0.00    1.00    0.00    1.00    1.00     9  ksoftirqd/9
02:45:03        0     10779    0.00    1.00    0.00    0.00    1.00   101  kubelet
02:45:03        0     20013    1.00    0.00    0.00    0.00    1.00    61  containerd-shim
02:45:03        0    290823    1.00    2.00    0.00    0.00    3.00    32  pidstat
02:45:03       26    290985   35.00    3.00    0.00    0.00   38.00    25  pgbackrest
02:45:03       26    290986   36.00    2.00    0.00    0.00   38.00    44  pgbackrest
02:45:03       26    290987   26.00    1.00    0.00    0.00   27.00     4  pgbackrest
02:45:03       26    290988   31.00    4.00    0.00    0.00   35.00     9  pgbackrest
02:45:03       26    290989   34.00    6.00    0.00    0.00   40.00    42  pgbackrest
02:45:03       26    290990   31.00    4.00    0.00    0.00   35.00    48  pgbackrest
02:45:03       26    290991   31.00    3.00    0.00    0.00   34.00    24  pgbackrest
02:45:03       26    290992   32.00    2.00    0.00    0.00   34.00    12  pgbackrest
02:45:03       26    290993   37.00    0.00    0.00    0.00   37.00    51  pgbackrest
02:45:03       26    290994   28.00    5.00    0.00    0.00   33.00    60  pgbackrest
02:45:03       26    290995   33.00    2.00    0.00    0.00   35.00    90  pgbackrest
02:45:03       26    290996   34.00    4.00    0.00    0.00   38.00    27  pgbackrest
02:45:03       26    290997   33.00    1.00    0.00    0.00   34.00     2  pgbackrest
02:45:03       26    290998   38.00    2.00    0.00    0.00   40.00    14  pgbackrest
02:45:03       26    290999   40.00    5.00    0.00    0.00   45.00    33  pgbackrest
02:45:03       26    291000   32.00    2.00    0.00    0.00   34.00   123  pgbackrest
02:45:03       26    291001   35.00    2.00    0.00    0.00   37.00   117  pgbackrest
02:45:03       26    291002   62.00    5.00    0.00    0.00   67.00    13  pgbackrest
02:45:03       26    291003   84.00    6.00    0.00    0.00   90.00    30  pgbackrest
02:45:03       26    291004   66.00    0.00    0.00    0.00   66.00    23  pgbackrest
02:45:03       26    291005   68.00    4.00    0.00    0.00   72.00   127  pgbackrest
02:45:03       26    291006   65.00    6.00    0.00    0.00   71.00     1  pgbackrest
02:45:03       26    291007   76.00    6.00    0.00    0.00   82.00    16  pgbackrest
02:45:03       26    291008   78.00   17.00    0.00    0.00   95.00    32  pgbackrest
02:45:03       26    291009   77.00   10.00    0.00    0.00   87.00     5  pgbackrest
02:45:03       26    291010   88.00    6.00    0.00    0.00   94.00    22  pgbackrest
02:45:03       26    291011   74.00    8.00    0.00    0.00   82.00   100  pgbackrest
02:45:03       26    291012   80.00    5.00    0.00    0.00   85.00    37  pgbackrest
02:45:03       26    291013   91.00    3.00    0.00    0.00   94.00    73  pgbackrest
02:45:03       26    291014   67.00    4.00    0.00    0.00   71.00    79  pgbackrest
02:45:03       26    291015   77.00    5.00    0.00    0.00   82.00    54  pgbackrest
02:45:03       26    291016   84.00    6.00    0.00    0.00   90.00    11  pgbackrest

02:45:03      UID       PID    %usr %system  %guest   %wait    %CPU   CPU  Command
02:45:04        0       127    1.00    0.00    0.00    0.00    1.00    21  kworker/21:0-events
02:45:04        0      2196    0.00    1.00    0.00    1.00    1.00   124  kworker/124:1-events
02:45:04        0     10713    0.00    1.00    0.00    0.00    1.00    70  containerd
02:45:04        0     10779    9.00    6.00    0.00    0.00   15.00   101  kubelet
02:45:04    65532     13836    1.00    0.00    0.00    0.00    1.00   124  coredns
02:45:04    10001     28603    1.00    0.00    0.00    0.00    1.00   108  manager
02:45:04        0     30973    1.00    0.00    0.00    0.00    1.00    85  containerd-shim
02:45:04        0     34734    0.00    1.00    0.00    0.00    1.00    73  containerd-shim
02:45:04        0    290823    0.00    2.00    0.00    0.00    2.00    57  pidstat
02:45:04       26    290910    4.00    0.00    0.00    0.00    4.00   106  pgbackrest
02:45:04       26    290985   27.00    6.00    0.00    0.00   33.00    25  pgbackrest
02:45:04       26    290986   32.00    1.00    0.00    0.00   33.00    44  pgbackrest
02:45:04       26    290987   30.00    3.00    0.00    0.00   33.00     4  pgbackrest
02:45:04       26    290988   20.00    5.00    0.00    0.00   25.00     9  pgbackrest
02:45:04       26    290989   33.00    3.00    0.00    0.00   36.00    42  pgbackrest
02:45:04       26    290990   28.00    2.00    0.00    0.00   30.00    48  pgbackrest
02:45:04       26    290991   35.00    4.00    0.00    0.00   39.00    24  pgbackrest
02:45:04       26    290992   34.00    3.00    0.00    0.00   37.00    12  pgbackrest
02:45:04       26    290993   37.00    0.00    0.00    0.00   37.00    51  pgbackrest
02:45:04       26    290994   37.00    6.00    0.00    0.00   43.00   124  pgbackrest
02:45:04       26    290995   33.00    2.00    0.00    0.00   35.00    26  pgbackrest
02:45:04       26    290996   32.00    1.00    0.00    0.00   33.00   109  pgbackrest
02:45:04       26    290997   31.00    1.00    0.00    0.00   32.00    32  pgbackrest
02:45:04       26    290998   38.00    2.00    0.00    0.00   40.00    14  pgbackrest
02:45:04       26    290999   30.00    4.00    0.00    0.00   34.00    10  pgbackrest
02:45:04       26    291000   31.00    1.00    0.00    0.00   32.00   123  pgbackrest
02:45:04       26    291001   32.00    4.00    0.00    0.00   36.00   117  pgbackrest
02:45:04       26    291002   81.00   11.00    0.00    0.00   92.00    13  pgbackrest
02:45:04       26    291003   51.00    6.00    0.00    0.00   57.00   125  pgbackrest
02:45:04       26    291004   64.00    4.00    0.00    0.00   68.00    23  pgbackrest
02:45:04       26    291005   92.00    5.00    0.00    0.00   97.00   127  pgbackrest
02:45:04       26    291006   84.00    7.00    0.00    0.00   91.00     1  pgbackrest
02:45:04       26    291007   70.00    6.00    0.00    0.00   76.00    16  pgbackrest
02:45:04       26    291008   57.00    8.00    0.00    0.00   65.00   116  pgbackrest
02:45:04       26    291009   54.00    7.00    0.00    0.00   61.00     5  pgbackrest
02:45:04       26    291010   52.00   10.00    0.00    0.00   62.00    22  pgbackrest
02:45:04       26    291011   49.00    4.00    0.00    0.00   53.00   100  pgbackrest
02:45:04       26    291012   55.00    5.00    0.00    0.00   60.00    37  pgbackrest
02:45:04       26    291013   52.00    5.00    0.00    0.00   57.00    38  pgbackrest
02:45:04       26    291014   86.00    8.00    0.00    0.00   94.00    79  pgbackrest
02:45:04       26    291015   58.00    3.00    0.00    0.00   61.00    54  pgbackrest
02:45:04       26    291016   60.00   12.00    0.00    0.00   72.00   105  pgbackrest

02:45:04      UID       PID    %usr %system  %guest   %wait    %CPU   CPU  Command
02:45:05        0      1502    1.00    0.00    0.00    2.00    1.00     9  kworker/9:1-events
02:45:05        0     10779    0.00    1.00    0.00    0.00    1.00   101  kubelet
02:45:05        0    290823    0.00    2.00    0.00    0.00    2.00    57  pidstat
02:45:05       26    290985   34.00    3.00    0.00    0.00   37.00    25  pgbackrest
02:45:05       26    290986   38.00    1.00    0.00    0.00   39.00   108  pgbackrest
02:45:05       26    290987   25.00    2.00    0.00    0.00   27.00     4  pgbackrest
02:45:05       26    290988   23.00   10.00    0.00    0.00   33.00     9  pgbackrest
02:45:05       26    290989   26.00    5.00    0.00    0.00   31.00    42  pgbackrest
02:45:05       26    290990   35.00    2.00    0.00    0.00   37.00    48  pgbackrest
02:45:05       26    290991   31.00    1.00    0.00    0.00   32.00    24  pgbackrest
02:45:05       26    290992   25.00    7.00    0.00    0.00   32.00    12  pgbackrest
02:45:05       26    290993   30.00    2.00    0.00    0.00   32.00    51  pgbackrest
02:45:05       26    290994   33.00    7.00    0.00    0.00   40.00    60  pgbackrest
02:45:05       26    290995   40.00    1.00    0.00    0.00   41.00    26  pgbackrest
02:45:05       26    290996   35.00    3.00    0.00    0.00   38.00   109  pgbackrest
02:45:05       26    290997   19.00    2.00    0.00    0.00   21.00    32  pgbackrest
02:45:05       26    290998   43.00    2.00    0.00    0.00   45.00    14  pgbackrest
02:45:05       26    290999   38.00    4.00    0.00    0.00   42.00    10  pgbackrest
02:45:05       26    291000   29.00    4.00    0.00    0.00   33.00   123  pgbackrest
02:45:05       26    291001   39.00    2.00    0.00    0.00   41.00   117  pgbackrest
02:45:05       26    291002   86.00   11.00    0.00    0.00   97.00    13  pgbackrest
02:45:05       26    291003   89.00    9.00    0.00    0.00   98.00   125  pgbackrest
02:45:05       26    291004   29.00    0.00    0.00    0.00   29.00    23  pgbackrest
02:45:05       26    291005   85.00    7.00    0.00    0.00   92.00    63  pgbackrest
02:45:05       26    291006   88.00   11.00    0.00    0.00   99.00     1  pgbackrest
02:45:05       26    291007   88.00   12.00    0.00    0.00  100.00    16  pgbackrest
02:45:05       26    291008   78.00   19.00    0.00    0.00   97.00   116  pgbackrest
02:45:05       26    291009   81.00   10.00    0.00    0.00   91.00     5  pgbackrest
02:45:05       26    291010   85.00   14.00    0.00    0.00   99.00    22  pgbackrest
02:45:05       26    291011   81.00    9.00    0.00    0.00   90.00   100  pgbackrest
02:45:05       26    291012   63.00   12.00    0.00    0.00   75.00    37  pgbackrest
02:45:05       26    291013   70.00    9.00    0.00    0.00   79.00    38  pgbackrest
02:45:05       26    291014   77.00    9.00    0.00    0.00   86.00    15  pgbackrest
02:45:05       26    291015   83.00   10.00    0.00    0.00   93.00    54  pgbackrest
02:45:05       26    291016   85.00    9.00    0.00    0.00   94.00   105  pgbackrest

02:45:05      UID       PID    %usr %system  %guest   %wait    %CPU   CPU  Command
02:45:06        0       556    0.00    1.00    0.00    0.00    1.00   106  ksoftirqd/106
02:45:06        0     10713    0.00    2.00    0.00    0.00    2.00    70  containerd
02:45:06        0     10779    0.00    2.00    0.00    0.00    2.00   101  kubelet
02:45:06     1000     17351    1.00    0.00    0.00    0.00    1.00    28  metrics-server
02:45:06     1000     17354    1.00    0.00    0.00    0.00    1.00    62  metrics-server
02:45:06    65532     32267    2.00    1.00    0.00    0.00    3.00   127  controller
02:45:06        0    290823    2.00    1.00    0.00    0.00    3.00    57  pidstat
02:45:06       26    290910    2.00    0.00    0.00    0.00    2.00   126  pgbackrest
02:45:06       26    290985   27.00    0.00    0.00    0.00   27.00    25  pgbackrest
02:45:06       26    290986   38.00    1.00    0.00    0.00   39.00   108  pgbackrest
02:45:06       26    290987   16.00    0.00    0.00    0.00   16.00     4  pgbackrest
02:45:06       26    290988   30.00    7.00    0.00    0.00   37.00   106  pgbackrest
02:45:06       26    290989   33.00    3.00    0.00    0.00   36.00    42  pgbackrest
02:45:06       26    290990   30.00    3.00    0.00    0.00   33.00    48  pgbackrest
02:45:06       26    290991   35.00    6.00    0.00    0.00   41.00   104  pgbackrest
02:45:06       26    290992   40.00    2.00    0.00    0.00   42.00    12  pgbackrest
02:45:06       26    290993   31.00    4.00    0.00    0.00   35.00    51  pgbackrest
02:45:06       26    290994   39.00    9.00    0.00    0.00   48.00   124  pgbackrest
02:45:06       26    290995   34.00    4.00    0.00    0.00   38.00    26  pgbackrest
02:45:06       26    290996   38.00    0.00    0.00    0.00   38.00   109  pgbackrest
02:45:06       26    290997   34.00    3.00    0.00    0.00   37.00    32  pgbackrest
02:45:06       26    290998   37.00    2.00    0.00    0.00   39.00    14  pgbackrest
02:45:06       26    290999   40.00    2.00    0.00    0.00   42.00    10  pgbackrest
02:45:06       26    291000   27.00    4.00    0.00    0.00   31.00   123  pgbackrest
02:45:06       26    291001   33.00    2.00    0.00    0.00   35.00   117  pgbackrest
02:45:06       26    291002   59.00    4.00    0.00    0.00   63.00    13  pgbackrest
02:45:06       26    291003   67.00    4.00    0.00    0.00   71.00   125  pgbackrest
02:45:06       26    291004   63.00    2.00    0.00    0.00   65.00    23  pgbackrest
02:45:06       26    291005   53.00   10.00    0.00    0.00   63.00    63  pgbackrest
02:45:06       26    291006   50.00    8.00    0.00    0.00   58.00     1  pgbackrest
02:45:06       26    291007   53.00    8.00    0.00    0.00   61.00    16  pgbackrest
02:45:06       26    291008   49.00    5.00    0.00    0.00   54.00    60  pgbackrest
02:45:06       26    291009   55.00    5.00    0.00    0.00   60.00     5  pgbackrest
02:45:06       26    291010   61.00    3.00    0.00    0.00   64.00     3  pgbackrest
02:45:06       26    291011   59.00    2.00    0.00    0.00   61.00   100  pgbackrest
02:45:06       26    291012   73.00    5.00    0.00    0.00   78.00    37  pgbackrest
02:45:06       26    291013   69.00   10.00    0.00    0.00   79.00    38  pgbackrest
02:45:06       26    291014   55.00    5.00    0.00    0.00   60.00    15  pgbackrest
02:45:06       26    291015   56.00    5.00    0.00    0.00   61.00    54  pgbackrest
02:45:06       26    291016   63.00    1.00    0.00    0.00   64.00   105  pgbackrest

02:45:06      UID       PID    %usr %system  %guest   %wait    %CPU   CPU  Command
02:45:07        0     10713    2.00    0.00    0.00    0.00    2.00    70  containerd
02:45:07        0     10779    1.00    1.00    0.00    0.00    2.00   101  kubelet
02:45:07        0     29831    1.00    0.00    0.00    0.00    1.00   127  containerd-shim
02:45:07        0     35961    1.00    0.00    0.00    0.00    1.00    53  containerd-shim
02:45:07        0    290823    2.00    1.00    0.00    0.00    3.00    57  pidstat
02:45:07       26    290910    0.00    1.00    0.00    0.00    1.00   126  pgbackrest
02:45:07       26    290985   35.00    7.00    0.00    0.00   42.00    25  pgbackrest
02:45:07       26    290986   36.00    1.00    0.00    0.00   37.00   108  pgbackrest
02:45:07       26    290987   20.00    2.00    0.00    0.00   22.00     4  pgbackrest
02:45:07       26    290988   28.00    1.00    0.00    0.00   29.00   100  pgbackrest
02:45:07       26    290989   26.00    5.00    0.00    0.00   31.00   106  pgbackrest
02:45:07       26    290990   34.00    3.00    0.00    0.00   37.00    48  pgbackrest
02:45:07       26    290991   29.00    3.00    0.00    0.00   32.00     0  pgbackrest
02:45:07       26    290992   31.00    1.00    0.00    0.00   32.00    12  pgbackrest
02:45:07       26    290993   34.00    2.00    0.00    0.00   36.00    51  pgbackrest
02:45:07       26    290994   36.00    1.00    0.00    0.00   37.00    23  pgbackrest
02:45:07       26    290995   32.00    2.00    0.00    0.00   34.00    26  pgbackrest
02:45:07       26    290996   36.00    2.00    0.00    0.00   38.00    24  pgbackrest
02:45:07       26    290997   30.00    2.00    0.00    0.00   32.00    32  pgbackrest
02:45:07       26    290998   34.00    5.00    0.00    0.00   39.00     2  pgbackrest
02:45:07       26    290999   35.00    3.00    0.00    0.00   38.00    10  pgbackrest
02:45:07       26    291000   34.00    3.00    0.00    0.00   37.00   123  pgbackrest
02:45:07       26    291001   28.00    4.00    0.00    0.00   32.00   117  pgbackrest
02:45:07       26    291002   84.00    8.00    0.00    0.00   92.00    13  pgbackrest
02:45:07       26    291003   82.00    8.00    0.00    0.00   90.00   125  pgbackrest
02:45:07       26    291004   56.00    8.00    0.00    0.00   64.00    21  pgbackrest
02:45:07       26    291005   84.00    6.00    0.00    0.00   90.00    63  pgbackrest
02:45:07       26    291006   85.00   11.00    0.00    0.00   96.00     1  pgbackrest
02:45:07       26    291007   91.00    6.00    0.00    0.00   97.00    16  pgbackrest
02:45:07       26    291008   63.00    3.00    0.00    0.00   66.00    60  pgbackrest
02:45:07       26    291009   73.00   11.00    0.00    0.00   84.00     5  pgbackrest
02:45:07       26    291010   79.00   12.00    0.00    0.00   91.00     3  pgbackrest
02:45:07       26    291011   69.00    7.00    0.00    0.00   76.00   100  pgbackrest
02:45:07       26    291012   45.00    4.00    0.00    0.00   49.00    37  pgbackrest
02:45:07       26    291013   72.00    6.00    0.00    0.00   78.00    38  pgbackrest
02:45:07       26    291014   85.00   11.00    0.00    0.00   96.00    15  pgbackrest
02:45:07       26    291015   58.00    4.00    0.00    0.00   62.00    54  pgbackrest
02:45:07       26    291016   81.00    7.00    0.00    0.00   88.00   105  pgbackrest

02:45:07      UID       PID    %usr %system  %guest   %wait    %CPU   CPU  Command
02:45:08        0      2145    0.00    1.00    0.00    0.00    1.00    88  kworker/88:1-events
02:45:08        0     10713    1.00    0.00    0.00    0.00    1.00    70  containerd
02:45:08        0     10779    1.00    1.00    0.00    0.00    2.00   101  kubelet
02:45:08        0     10902    0.00    1.00    0.00    0.00    1.00    92  containerd-shim
02:45:08        0     17233    1.00    0.00    0.00    0.00    1.00    67  containerd-shim
02:45:08        0    290687    1.00    0.00    0.00    0.00    1.00   119  containerd-shim
02:45:08        0    290823    1.00    2.00    0.00    0.00    3.00    57  pidstat
02:45:08        0    290841    1.00    0.00    0.00    0.00    1.00    61  iostat
02:45:08       26    290910    1.00    0.00    0.00    0.00    1.00    72  pgbackrest
02:45:08       26    290985   23.00    3.00    0.00    0.00   26.00    25  pgbackrest
02:45:08       26    290986   31.00    2.00    0.00    0.00   33.00    55  pgbackrest
02:45:08       26    290987   31.00    1.00    0.00    0.00   32.00     4  pgbackrest
02:45:08       26    290988   28.00    9.00    0.00    0.00   37.00     9  pgbackrest
02:45:08       26    290989   23.00    4.00    0.00    0.00   27.00   106  pgbackrest
02:45:08       26    290990   33.00    3.00    0.00    0.00   36.00    48  pgbackrest
02:45:08       26    290991   32.00    5.00    0.00    0.00   37.00     0  pgbackrest
02:45:08       26    290992   32.00    1.00    0.00    0.00   33.00    98  pgbackrest
02:45:08       26    290993   33.00    2.00    0.00    0.00   35.00    51  pgbackrest
02:45:08       26    290994   35.00    4.00    0.00    0.00   39.00    23  pgbackrest
02:45:08       26    290995   30.00    6.00    0.00    0.00   36.00    26  pgbackrest
02:45:08       26    290996   35.00    4.00    0.00    0.00   39.00    24  pgbackrest
02:45:08       26    290997   30.00    2.00    0.00    0.00   32.00    12  pgbackrest
02:45:08       26    290998   37.00    1.00    0.00    0.00   38.00     2  pgbackrest
02:45:08       26    290999   32.00    6.00    0.00    0.00   38.00    10  pgbackrest
02:45:08       26    291000   32.00    1.00    0.00    0.00   33.00   123  pgbackrest
02:45:08       26    291001   32.00    0.00    0.00    0.00   32.00   117  pgbackrest
02:45:08       26    291002   63.00    6.00    0.00    0.00   69.00    13  pgbackrest
02:45:08       26    291003   83.00    9.00    0.00    0.00   92.00   125  pgbackrest
02:45:08       26    291004   41.00   14.00    0.00    0.00   55.00    21  pgbackrest
02:45:08       26    291005   50.00    1.00    0.00    0.00   51.00    63  pgbackrest
02:45:08       26    291006   69.00    8.00    0.00    0.00   77.00    65  pgbackrest
02:45:08       26    291007   74.00    2.00    0.00    0.00   76.00    16  pgbackrest
02:45:08       26    291008   87.00    6.00    0.00    0.00   93.00    60  pgbackrest
02:45:08       26    291009   83.00   11.00    0.00    0.00   94.00     5  pgbackrest
02:45:08       26    291010   91.00    9.00    0.00    0.00  100.00     3  pgbackrest
02:45:08       26    291011   74.00    4.00    0.00    0.00   78.00   100  pgbackrest
02:45:08       26    291012   61.00    5.00    0.00    0.00   66.00    37  pgbackrest
02:45:08       26    291013   81.00    5.00    0.00    0.00   86.00    38  pgbackrest
02:45:08       26    291014   57.00    7.00    0.00    0.00   64.00    15  pgbackrest
02:45:08       26    291015   82.00    9.00    0.00    0.00   91.00    54  pgbackrest
02:45:08       26    291016   87.00    5.00    0.00    0.00   92.00   105  pgbackrest

02:45:08      UID       PID    %usr %system  %guest   %wait    %CPU   CPU  Command
02:45:09        0       647    0.00    1.00    0.00    0.00    1.00   124  ksoftirqd/124
02:45:09        0      2190    0.00    1.00    0.00    0.00    1.00   104  kworker/104:1-mm_percpu_wq
02:45:09        0     10779    2.00    0.00    0.00    0.00    2.00   101  kubelet
02:45:09     1000     17354    1.00    0.00    0.00    0.00    1.00    62  metrics-server
02:45:09        0    290823    0.00    3.00    0.00    0.00    3.00    57  pidstat
02:45:09       26    290910    2.00    0.00    0.00    0.00    2.00   126  pgbackrest
02:45:09       26    290985   32.00    0.00    0.00    0.00   32.00    25  pgbackrest
02:45:09       26    290986   35.00    2.00    0.00    0.00   37.00    55  pgbackrest
02:45:09       26    290987   28.00    1.00    0.00    0.00   29.00     4  pgbackrest
02:45:09       26    290988   29.00    7.00    0.00    0.00   36.00     9  pgbackrest
02:45:09       26    290989   29.00    4.00    0.00    0.00   33.00   106  pgbackrest
02:45:09       26    290990   25.00    2.00    0.00    0.00   27.00    48  pgbackrest
02:45:09       26    290991   29.00    1.00    0.00    0.00   30.00     0  pgbackrest
02:45:09       26    290992   35.00    3.00    0.00    0.00   38.00    11  pgbackrest
02:45:09       26    290993   30.00    4.00    0.00    0.00   34.00    51  pgbackrest
02:45:09       26    290994   30.00    0.00    0.00    0.00   30.00    23  pgbackrest
02:45:09       26    290995   32.00    3.00    0.00    0.00   35.00    26  pgbackrest
02:45:09       26    290996   35.00    3.00    0.00    0.00   38.00    24  pgbackrest
02:45:09       26    290997   32.00    3.00    0.00    0.00   35.00    12  pgbackrest
02:45:09       26    290998   27.00    2.00    0.00    0.00   29.00     2  pgbackrest
02:45:09       26    290999   25.00    4.00    0.00    0.00   29.00    33  pgbackrest
02:45:09       26    291000   38.00    3.00    0.00    0.00   41.00   123  pgbackrest
02:45:09       26    291001   29.00    2.00    0.00    0.00   31.00   117  pgbackrest
02:45:09       26    291002   67.00   13.00    0.00    0.00   80.00    13  pgbackrest
02:45:09       26    291003   56.00    9.00    0.00    0.00   65.00   125  pgbackrest
02:45:09       26    291004   65.00   16.00    0.00    0.00   81.00    21  pgbackrest
02:45:09       26    291005   79.00    4.00    0.00    0.00   83.00    63  pgbackrest
02:45:09       26    291006   86.00    9.00    0.00    0.00   95.00    65  pgbackrest
02:45:09       26    291007   76.00    7.00    0.00    0.00   83.00    16  pgbackrest
02:45:09       26    291008   50.00    3.00    0.00    0.00   53.00    60  pgbackrest
02:45:09       26    291009   53.00    1.00    0.00    0.00   54.00     5  pgbackrest
02:45:09       26    291010   55.00    6.00    0.00    0.00   61.00     3  pgbackrest
02:45:09       26    291011   55.00    0.00    0.00    0.00   55.00   100  pgbackrest
02:45:09       26    291012   61.00    5.00    0.00    0.00   66.00    37  pgbackrest
02:45:09       26    291013   59.00    7.00    0.00    0.00   66.00    73  pgbackrest
02:45:09       26    291014   82.00    6.00    0.00    0.00   88.00    15  pgbackrest
02:45:09       26    291015   60.00    4.00    0.00    0.00   64.00    54  pgbackrest
02:45:09       26    291016   48.00    4.00    0.00    0.00   52.00   105  pgbackrest

02:45:09      UID       PID    %usr %system  %guest   %wait    %CPU   CPU  Command
02:45:10        0     10713    1.00    1.00    0.00    0.00    2.00    70  containerd
02:45:10        0     10779    1.00    0.00    0.00    0.00    1.00   101  kubelet
02:45:10        0     10903    0.00    1.00    0.00    0.00    1.00    56  containerd-shim
02:45:10     1000     17351    1.00    0.00    0.00    0.00    1.00    28  metrics-server
02:45:10       26    281496    1.00    0.00    0.00    0.00    1.00    41  manager
02:45:10        0    290792    1.00    0.00    0.00    0.00    1.00     7  sadc
02:45:10        0    290823    1.00    2.00    0.00    0.00    3.00    57  pidstat
02:45:10       26    290910    1.00    1.00    0.00    0.00    2.00   126  pgbackrest
02:45:10       26    290985   30.00    2.00    0.00    0.00   32.00    25  pgbackrest
02:45:10       26    290986   65.00    3.00    0.00    0.00   68.00    55  pgbackrest
02:45:10       26    290987   29.00    2.00    0.00    0.00   31.00    32  pgbackrest
02:45:10       26    290988   28.00    3.00    0.00    0.00   31.00    14  pgbackrest
02:45:10       26    290989   32.00    2.00    0.00    0.00   34.00    42  pgbackrest
02:45:10       26    290990   36.00    1.00    0.00    0.00   37.00    48  pgbackrest
02:45:10       26    290991   34.00    3.00    0.00    0.00   37.00     0  pgbackrest
02:45:10       26    290992   28.00    1.00    0.00    0.00   29.00    11  pgbackrest
02:45:10       26    290993   30.00    4.00    0.00    0.00   34.00    51  pgbackrest
02:45:10       26    290994   74.00    5.00    0.00    0.00   79.00   109  pgbackrest
02:45:10       26    290995   46.00    7.00    0.00    0.00   53.00    26  pgbackrest
02:45:10       26    290996   43.00    8.00    0.00    0.00   51.00    24  pgbackrest
02:45:10       26    290997   29.00    2.00    0.00    0.00   31.00    12  pgbackrest
02:45:10       26    290998   85.00    6.00    0.00    0.00   91.00     2  pgbackrest
02:45:10       26    290999   94.00    2.00    0.00    0.00   96.00    33  pgbackrest
02:45:10       26    291000   34.00    3.00    0.00    0.00   37.00   123  pgbackrest
02:45:10       26    291001   25.00    4.00    0.00    0.00   29.00   117  pgbackrest
02:45:10       26    291002   89.00   10.00    0.00    0.00   99.00    13  pgbackrest
02:45:10       26    291003   86.00    7.00    0.00    0.00   93.00   125  pgbackrest
02:45:10       26    291004   63.00    6.00    0.00    0.00   69.00    22  pgbackrest
02:45:10       26    291005   82.00    7.00    0.00    0.00   89.00    63  pgbackrest
02:45:10       26    291006   90.00    8.00    0.00    0.00   98.00    65  pgbackrest
02:45:10       26    291007   84.00   12.00    0.00    0.00   96.00    16  pgbackrest
02:45:10       26    291008   89.00    9.00    0.00    0.00   98.00   124  pgbackrest
02:45:10       26    291009   82.00    9.00    0.00    0.00   91.00     5  pgbackrest
02:45:10       26    291010   82.00    8.00    0.00    0.00   90.00     3  pgbackrest
02:45:10       26    291011   68.00    4.00    0.00    0.00   72.00   100  pgbackrest
02:45:10       26    291012   66.00    5.00    0.00    0.00   71.00    37  pgbackrest
02:45:10       26    291013   88.00    8.00    0.00    0.00   96.00    73  pgbackrest
02:45:10       26    291014   82.00    5.00    0.00    0.00   87.00    15  pgbackrest
02:45:10       26    291015   73.00    6.00    0.00    0.00   79.00    54  pgbackrest
02:45:10       26    291016   81.00    7.00    0.00    0.00   88.00   105  pgbackrest

02:45:10      UID       PID    %usr %system  %guest   %wait    %CPU   CPU  Command
02:45:11        0      2162    1.00    0.00    0.00    0.00    1.00    47  kworker/47:1-events
02:45:11        0     10779    1.00    0.00    0.00    0.00    1.00   101  kubelet
02:45:11        0    290823    1.00    1.00    0.00    0.00    2.00    57  pidstat
02:45:11       26    290910    2.00    0.00    0.00    0.00    2.00    72  pgbackrest
02:45:11       26    290985   47.00    5.00    0.00    0.00   52.00    25  pgbackrest
02:45:11       26    290986   89.00    8.00    0.00    0.00   97.00    55  pgbackrest
02:45:11       26    290987   31.00    1.00    0.00    0.00   32.00    21  pgbackrest
02:45:11       26    290988   30.00    2.00    0.00    0.00   32.00    14  pgbackrest
02:45:11       26    290989   20.00    3.00    0.00    0.00   23.00    42  pgbackrest
02:45:11       26    290990   31.00    2.00    0.00    0.00   33.00    48  pgbackrest
02:45:11       26    290991   45.00    4.00    0.00    0.00   49.00     0  pgbackrest
02:45:11       26    290992   60.00    6.00    0.00    0.00   66.00    11  pgbackrest
02:45:11       26    290993   93.00    7.00    0.00    0.00  100.00    51  pgbackrest
02:45:11       26    290994   97.00    3.00    0.00    0.00  100.00   109  pgbackrest
02:45:11       26    290995   90.00    9.00    0.00    0.00   99.00    26  pgbackrest
02:45:11       26    290996   86.00    9.00    0.00    0.00   95.00    24  pgbackrest
02:45:11       26    290997   33.00    5.00    0.00    0.00   38.00     9  pgbackrest
02:45:11       26    290998   92.00    9.00    0.00    0.00  101.00     2  pgbackrest
02:45:11       26    290999   88.00    5.00    0.00    0.00   93.00    33  pgbackrest
02:45:11       26    291000   34.00    2.00    0.00    0.00   36.00   123  pgbackrest
02:45:11       26    291001   51.00    7.00    0.00    0.00   58.00    10  pgbackrest
02:45:11       26    291002   57.00    8.00    0.00    0.00   65.00    13  pgbackrest
02:45:11       26    291003   58.00    4.00    0.00    0.00   62.00   125  pgbackrest
02:45:11       26    291004   53.00    5.00    0.00    0.00   58.00    22  pgbackrest
02:45:11       26    291005   47.00    7.00    0.00    0.00   54.00    63  pgbackrest
02:45:11       26    291006   45.00    9.00    0.00    0.00   54.00    65  pgbackrest
02:45:11       26    291007   45.00    3.00    0.00    0.00   48.00    16  pgbackrest
02:45:11       26    291008   88.00    8.00    0.00    0.00   96.00    32  pgbackrest
02:45:11       26    291009   75.00   11.00    0.00    0.00   86.00     5  pgbackrest
02:45:11       26    291010   61.00    5.00    0.00    0.00   66.00     3  pgbackrest
02:45:11       26    291011   87.00    8.00    0.00    0.00   95.00   100  pgbackrest
02:45:11       26    291012   37.00    2.00    0.00    0.00   39.00    76  pgbackrest
02:45:11       26    291013   79.00   13.00    0.00    0.00   92.00    73  pgbackrest
02:45:11       26    291014   66.00    3.00    0.00    0.00   69.00    15  pgbackrest
02:45:11       26    291015   81.00    7.00    0.00    0.00   88.00    54  pgbackrest
02:45:11       26    291016   57.00    8.00    0.00    0.00   65.00   105  pgbackrest

02:45:11      UID       PID    %usr %system  %guest   %wait    %CPU   CPU  Command
02:45:12        0      1502    1.00    0.00    0.00    2.00    1.00     9  kworker/9:1-events
02:45:12        0     11086    1.00    0.00    0.00    0.00    1.00   104  kube-proxy
02:45:12     1000     17354    1.00    0.00    0.00    0.00    1.00    62  metrics-server
02:45:12    65532     34841    1.00    0.00    0.00    0.00    1.00    62  manager
02:45:12        0    290823    2.00    1.00    0.00    0.00    3.00    57  pidstat
02:45:12       26    290910    3.00    0.00    0.00    0.00    3.00    72  pgbackrest
02:45:12       26    290985   83.00    9.00    0.00    0.00   92.00    25  pgbackrest
02:45:12       26    290986   48.00    8.00    0.00    0.00   56.00    55  pgbackrest
02:45:12       26    290987   19.00    7.00    0.00    0.00   26.00    21  pgbackrest
02:45:12       26    290988   25.00    4.00    0.00    0.00   29.00    14  pgbackrest
02:45:12       26    290989   75.00   14.00    0.00    0.00   89.00    35  pgbackrest
02:45:12       26    290990   81.00    6.00    0.00    0.00   87.00    48  pgbackrest
02:45:12       26    290991   92.00    8.00    0.00    0.00  100.00     0  pgbackrest
02:45:12       26    290992   91.00    6.00    0.00    0.00   97.00    11  pgbackrest
02:45:12       26    290993   78.00    8.00    0.00    0.00   86.00    51  pgbackrest
02:45:12       26    290994   53.00    6.00    0.00    0.00   59.00    74  pgbackrest
02:45:12       26    290995   59.00    1.00    0.00    0.00   60.00    26  pgbackrest
02:45:12       26    290996   72.00    6.00    0.00    0.00   78.00    24  pgbackrest
02:45:12       26    290997   34.00    1.00    0.00    0.00   35.00    12  pgbackrest
02:45:12       26    290998   53.00    7.00    0.00    0.00   60.00     2  pgbackrest
02:45:12       26    290999   66.00    6.00    0.00    0.00   72.00    33  pgbackrest
02:45:12       26    291000   91.00    7.00    0.00    0.00   98.00   123  pgbackrest
02:45:12       26    291001   74.00    6.00    0.00    0.00   80.00   117  pgbackrest
02:45:12       26    291002   82.00   14.00    0.00    0.00   96.00    13  pgbackrest
02:45:12       26    291003   81.00   11.00    0.00    0.00   92.00   125  pgbackrest
02:45:12       26    291004   45.00    5.00    0.00    0.00   50.00   127  pgbackrest
02:45:12       26    291005   83.00   13.00    0.00    0.00   96.00    37  pgbackrest
02:45:12       26    291006   94.00    6.00    0.00    0.00  100.00    65  pgbackrest
02:45:12       26    291007   89.00   10.00    0.00    0.00   99.00    16  pgbackrest
02:45:12       26    291008   55.00   10.00    0.00    0.00   65.00   106  pgbackrest
02:45:12       26    291009   66.00    4.00    0.00    0.00   70.00     5  pgbackrest
02:45:12       26    291010   89.00    9.00    0.00    0.00   98.00     3  pgbackrest
02:45:12       26    291011   48.00    3.00    0.00    0.00   51.00   100  pgbackrest
02:45:12       26    291012   81.00    8.00    0.00    0.00   89.00   107  pgbackrest
02:45:12       26    291013   54.00    9.00    0.00    0.00   63.00     9  pgbackrest
02:45:12       26    291014   76.00   13.00    0.00    0.00   89.00    15  pgbackrest
02:45:12       26    291015   60.00    5.00    0.00    0.00   65.00    54  pgbackrest
02:45:12       26    291016   67.00    5.00    0.00    0.00   72.00   105  pgbackrest

02:45:12      UID       PID    %usr %system  %guest   %wait    %CPU   CPU  Command
02:45:13        0       126    1.00    0.00    0.00    0.00    1.00    21  ksoftirqd/21
02:45:13        0      2205    1.00    0.00    0.00    1.00    1.00    37  kworker/37:1-events
02:45:13        0      2232    0.00    1.00    0.00    1.00    1.00   106  kworker/106:1-events
02:45:13        0     10713    1.00    0.00    0.00    0.00    1.00    70  containerd
02:45:13        0     10779    1.00    2.00    0.00    0.00    3.00   101  kubelet
02:45:13    65532     13836    1.00    0.00    0.00    0.00    1.00   124  coredns
02:45:13    65532     13844    1.00    0.00    0.00    0.00    1.00    43  coredns
02:45:13        0    290823    1.00    2.00    0.00    0.00    3.00    57  pidstat
02:45:13       26    290910    2.00    0.00    0.00    0.00    2.00    72  pgbackrest
02:45:13       26    290985   59.00    8.00    0.00    0.00   67.00    25  pgbackrest
02:45:13       26    290986   88.00    4.00    0.00    0.00   92.00    22  pgbackrest
02:45:13       26    290987   26.00    4.00    0.00    0.00   30.00    21  pgbackrest
02:45:13       26    290988   10.00    2.00    0.00    0.00   12.00    14  pgbackrest
02:45:13       26    290989   84.00    7.00    0.00    0.00   91.00    35  pgbackrest
02:45:13       26    290990   80.00   11.00    0.00    0.00   91.00    48  pgbackrest
02:45:13       26    290991   55.00    6.00    0.00    0.00   61.00     0  pgbackrest
02:45:13       26    290992   45.00    2.00    0.00    0.00   47.00   115  pgbackrest
02:45:13       26    290993    7.00    3.00    0.00    0.00   10.00    73  pgbackrest
02:45:13       26    290994   92.00    5.00    0.00    0.00   97.00   109  pgbackrest
02:45:13       26    290995   33.00    3.00    0.00    0.00   36.00    56  pgbackrest
02:45:13       26    290996   70.00   13.00    0.00    0.00   83.00   114  pgbackrest
02:45:13       26    290997   83.00    3.00    0.00    0.00   86.00    12  pgbackrest
02:45:13       26    290998   78.00    8.00    0.00    0.00   86.00    49  pgbackrest
02:45:13       26    290999   86.00    5.00    0.00    0.00   91.00    89  pgbackrest
02:45:13       26    291000   67.00    6.00    0.00    0.00   73.00   123  pgbackrest
02:45:13       26    291001   67.00    4.00    0.00    0.00   71.00   117  pgbackrest
02:45:13       26    291002   70.00    6.00    0.00    0.00   76.00    13  pgbackrest
02:45:13       26    291003   88.00    8.00    0.00    0.00   96.00   125  pgbackrest
02:45:13       26    291004   64.00   10.00    0.00    0.00   74.00   127  pgbackrest
02:45:13       26    291005   81.00   10.00    0.00    0.00   91.00    37  pgbackrest
02:45:13       26    291006   50.00    5.00    0.00    0.00   55.00    65  pgbackrest
02:45:13       26    291007   80.00    9.00    0.00    0.00   89.00    16  pgbackrest
02:45:13       26    291008   86.00    6.00    0.00    0.00   92.00    42  pgbackrest
02:45:13       26    291009   80.00   12.00    0.00    0.00   92.00     5  pgbackrest
02:45:13       26    291010   91.00    8.00    0.00    0.00   99.00     3  pgbackrest
02:45:13       26    291011   80.00    9.00    0.00    0.00   89.00   100  pgbackrest
02:45:13       26    291012   73.00    8.00    0.00    0.00   81.00   107  pgbackrest
02:45:13       26    291013   86.00   10.00    0.00    0.00   96.00    32  pgbackrest
02:45:13       26    291014   42.00    4.00    0.00    0.00   46.00    15  pgbackrest
02:45:13       26    291015   91.00    5.00    0.00    0.00   96.00    54  pgbackrest
02:45:13       26    291016   79.00    7.00    0.00    0.00   86.00   105  pgbackrest

02:45:13      UID       PID    %usr %system  %guest   %wait    %CPU   CPU  Command
02:45:14        0     10779   11.00    2.00    0.00    0.00   13.00   101  kubelet
02:45:14    65532     13836    1.00    0.00    0.00    0.00    1.00   124  coredns
02:45:14    10001     28603    0.00    1.00    0.00    0.00    1.00   108  manager
02:45:14    10001     33594    1.00    0.00    0.00    0.00    1.00    75  manager
02:45:14        0    281255    1.00    0.00    0.00    0.00    1.00    63  containerd-shim
02:45:14        0    290823    0.00    2.00    0.00    0.00    2.00    57  pidstat
02:45:14       26    290910    3.00    1.00    0.00    0.00    4.00   126  pgbackrest
02:45:14       26    290985    1.00    0.00    0.00    0.00    1.00   107  pgbackrest
02:45:14       26    290986   84.00    9.00    0.00    0.00   93.00    22  pgbackrest
02:45:14       26    290987    6.00    3.00    0.00    0.00    9.00   127  pgbackrest
02:45:14       26    290988    1.00    0.00    0.00    0.00    1.00    58  pgbackrest
02:45:14       26    290989   26.00    3.00    0.00    0.00   29.00    35  pgbackrest
02:45:14       26    290990   12.00    1.00    0.00    0.00   13.00    48  pgbackrest
02:45:14       26    290991    1.00    0.00    0.00    0.00    1.00    32  pgbackrest
02:45:14       26    290992    1.00    0.00    0.00    0.00    1.00   115  pgbackrest
02:45:14       26    290993    1.00    0.00    0.00    0.00    1.00    51  pgbackrest
02:45:14       26    290994   71.00    5.00    0.00    0.00   76.00   109  pgbackrest
02:45:14       26    290995   29.00    3.00    0.00    0.00   32.00    56  pgbackrest
02:45:14       26    290996   35.00    2.00    0.00    0.00   37.00    33  pgbackrest
02:45:14       26    290997   90.00    9.00    0.00    0.00   99.00    12  pgbackrest
02:45:14       26    290998   71.00   11.00    0.00    0.00   82.00     0  pgbackrest
02:45:14       26    290999   49.00    6.00    0.00    0.00   55.00   110  pgbackrest
02:45:14       26    291000    1.00    0.00    0.00    0.00    1.00   123  pgbackrest
02:45:14       26    291002    1.00    0.00    0.00    0.00    1.00   124  pgbackrest
02:45:14       26    291004   67.00    5.00    0.00    0.00   72.00    23  pgbackrest
02:45:14       26    291005    1.00    0.00    0.00    0.00    1.00    37  pgbackrest
02:45:14       26    291006    1.00    0.00    0.00    0.00    1.00    38  pgbackrest
02:45:14       26    291007    1.00    0.00    0.00    0.00    1.00    39  pgbackrest
02:45:14       26    291008   65.00    3.00    0.00    0.00   68.00    42  pgbackrest
02:45:14       26    291009   35.00    7.00    0.00    0.00   42.00    98  pgbackrest
02:45:14       26    291010    4.00    1.00    0.00    0.00    5.00    40  pgbackrest
02:45:14       26    291011   88.00    8.00    0.00    0.00   96.00   100  pgbackrest
02:45:14       26    291012    1.00    0.00    0.00    0.00    1.00    41  pgbackrest
02:45:14       26    291013   50.00    6.00    0.00    0.00   56.00    42  pgbackrest
02:45:14       26    291014    1.00    0.00    0.00    0.00    1.00    44  pgbackrest
02:45:14       26    291015   59.00    8.00    0.00    0.00   67.00    54  pgbackrest
02:45:14       26    291016   44.00    4.00    0.00    0.00   48.00   105  pgbackrest

02:45:14      UID       PID    %usr %system  %guest   %wait    %CPU   CPU  Command
02:45:15        0     10713    0.00    1.00    0.00    0.00    1.00    70  containerd
02:45:15        0     10779    0.00    1.00    0.00    0.00    1.00   101  kubelet
02:45:15    65532     13844    1.00    1.00    0.00    0.00    2.00     1  coredns
02:45:15    65532     32267    1.00    0.00    0.00    0.00    1.00   127  controller
02:45:15        0    290823    1.00    2.00    0.00    0.00    3.00    57  pidstat
02:45:15       26    290910    4.00    0.00    0.00    0.00    4.00   126  pgbackrest
02:45:15       26    290985    1.00    0.00    0.00    0.00    1.00     9  pgbackrest
02:45:15       26    290986    5.00    0.00    0.00    0.00    5.00    22  pgbackrest
02:45:15       26    290987    1.00    0.00    0.00    0.00    1.00    32  pgbackrest
02:45:15       26    290988    1.00    0.00    0.00    0.00    1.00    73  pgbackrest
02:45:15       26    290990    1.00    0.00    0.00    0.00    1.00    48  pgbackrest
02:45:15       26    290991    0.00    1.00    0.00    0.00    1.00    75  pgbackrest
02:45:15       26    290992    1.00    0.00    0.00    0.00    1.00    11  pgbackrest
02:45:15       26    290994    3.00    0.00    0.00    0.00    3.00   109  pgbackrest
02:45:15       26    290995   30.00    2.00    0.00    0.00   32.00     0  pgbackrest
02:45:15       26    290996    1.00    0.00    0.00    0.00    1.00    34  pgbackrest
02:45:15       26    290997    6.00    0.00    0.00    0.00    6.00    12  pgbackrest
02:45:15       26    290998    1.00    0.00    0.00    0.00    1.00   107  pgbackrest
02:45:15       26    291001    1.00    0.00    0.00    0.00    1.00    38  pgbackrest
02:45:15       26    291003    1.00    0.00    0.00    0.00    1.00    81  pgbackrest
02:45:15       26    291004    8.00    1.00    0.00    0.00    9.00     1  pgbackrest
02:45:15       26    291006    1.00    0.00    0.00    0.00    1.00   127  pgbackrest
02:45:15       26    291008    1.00    0.00    0.00    0.00    1.00    87  pgbackrest
02:45:15       26    291009    1.00    0.00    0.00    0.00    1.00    98  pgbackrest
02:45:15       26    291010    0.00    1.00    0.00    0.00    1.00    88  pgbackrest
02:45:15       26    291011    1.00    0.00    0.00    0.00    1.00    88  pgbackrest
02:45:15       26    291013    1.00    0.00    0.00    0.00    1.00    90  pgbackrest
02:45:15       26    291014    1.00    0.00    0.00    0.00    1.00    91  pgbackrest
02:45:15       26    291015    1.00    0.00    0.00    0.00    1.00    92  pgbackrest
02:45:15       26    291016    0.00    1.00    0.00    0.00    1.00    54  pgbackrest

02:45:15      UID       PID    %usr %system  %guest   %wait    %CPU   CPU  Command
02:45:16        0     10713    9.00    4.00    0.00    0.00   13.00    70  containerd
02:45:16        0     10779    0.00    1.00    0.00    0.00    1.00   101  kubelet
02:45:16    10001     36048    1.00    0.00    0.00    0.00    1.00    58  cnpg-i-pgbackre
02:45:16        0    290823    1.00    1.00    0.00    0.00    2.00    57  pidstat
02:45:16        0    290841    1.00    0.00    0.00    0.00    1.00    61  iostat
02:45:16       26    290995   27.00    0.00    0.00    0.00   27.00   107  pgbackrest

02:45:16      UID       PID    %usr %system  %guest   %wait    %CPU   CPU  Command
02:45:17        0     10779    1.00    1.00    0.00    0.00    2.00   101  kubelet
02:45:17        0     10902    0.00    1.00    0.00    0.00    1.00    92  containerd-shim
02:45:17     1000     17351    1.00    0.00    0.00    0.00    1.00    28  metrics-server
02:45:17        0    290823    1.00    2.00    0.00    0.00    3.00    57  pidstat
02:45:17       26    290995   29.00    1.00    0.00    0.00   30.00   107  pgbackrest

02:45:17      UID       PID    %usr %system  %guest   %wait    %CPU   CPU  Command
02:45:18        0     10713    1.00    1.00    0.00    0.00    2.00    70  containerd
02:45:18       26    281361    1.00    0.00    0.00    0.00    1.00    49  manager
02:45:18        0    290786    1.00    0.00    0.00    0.00    1.00     8  sar
02:45:18        0    290823    1.00    2.00    0.00    0.00    3.00    57  pidstat
02:45:18       26    290995   30.00    1.00    0.00    0.00   31.00     0  pgbackrest

02:45:18      UID       PID    %usr %system  %guest   %wait    %CPU   CPU  Command
02:45:19        0     10779    0.00    1.00    0.00    0.00    1.00   101  kubelet
02:45:19        0     13727    1.00    0.00    0.00    0.00    1.00    63  containerd-shim
02:45:19     1000     17354    1.00    0.00    0.00    0.00    1.00    62  metrics-server
02:45:19        0    290823    0.00    2.00    0.00    0.00    2.00    57  pidstat
02:45:19       26    290995   33.00    4.00    0.00    0.00   37.00     0  pgbackrest

02:45:19      UID       PID    %usr %system  %guest   %wait    %CPU   CPU  Command
02:45:20        0     10779    0.00    1.00    0.00    0.00    1.00   101  kubelet
02:45:20        0    290823    1.00    1.00    0.00    0.00    2.00    57  pidstat
02:45:20       26    290995   35.00    1.00    0.00    0.00   36.00   107  pgbackrest

02:45:20      UID       PID    %usr %system  %guest   %wait    %CPU   CPU  Command
02:45:21        0     10052    0.00    1.00    0.00    0.00    1.00     4  irqbalance
02:45:21        0     10713    0.00    1.00    0.00    0.00    1.00    70  containerd
02:45:21        0     10768    0.00    1.00    0.00    0.00    1.00    23  ssm-agent-worke
02:45:21        0     10779    1.00    1.00    0.00    0.00    2.00   101  kubelet
02:45:21        0     11371    1.00    0.00    0.00    0.00    1.00    87  aws-k8s-agent
02:45:21    65532     13836    1.00    1.00    0.00    0.00    2.00   124  coredns
02:45:21        0    290823    0.00    3.00    0.00    0.00    3.00    57  pidstat
02:45:21       26    290995   34.00    2.00    0.00    0.00   36.00     0  pgbackrest

02:45:21      UID       PID    %usr %system  %guest   %wait    %CPU   CPU  Command
02:45:22        0     10713    1.00    0.00    0.00    0.00    1.00    70  containerd
02:45:22        0     10779    0.00    1.00    0.00    0.00    1.00   101  kubelet
02:45:22        0    290687    0.00    1.00    0.00    0.00    1.00   119  containerd-shim
02:45:22        0    290823    0.00    2.00    0.00    0.00    2.00    57  pidstat
02:45:22       26    290995   30.00    2.00    0.00    0.00   32.00     0  pgbackrest

02:45:22      UID       PID    %usr %system  %guest   %wait    %CPU   CPU  Command
02:45:23        0     10779    1.00    1.00    0.00    0.00    2.00   101  kubelet
02:45:23        0    290823    0.00    2.00    0.00    0.00    2.00    57  pidstat
02:45:23       26    290995   25.00    1.00    0.00    0.00   26.00     0  pgbackrest

02:45:23      UID       PID    %usr %system  %guest   %wait    %CPU   CPU  Command
02:45:24        0       713    0.00    1.00    0.00    0.00    1.00    51  kcompactd1
02:45:24        0     10713    1.00    0.00    0.00    0.00    1.00    70  containerd
02:45:24        0     10779   12.00    1.00    0.00    0.00   13.00   101  kubelet
02:45:24        0     10902    0.00    1.00    0.00    0.00    1.00    92  containerd-shim
02:45:24        0     28552    0.00    1.00    0.00    0.00    1.00   110  containerd-shim
02:45:24    10001     28603    2.00    0.00    0.00    0.00    2.00   108  manager
02:45:24        0    263046    1.00    0.00    0.00    0.00    1.00    27  kworker/27:0-mm_percpu_wq
02:45:24        0    281255    0.00    1.00    0.00    0.00    1.00    63  containerd-shim
02:45:24        0    290823    2.00    0.00    0.00    0.00    2.00    57  pidstat
02:45:24       26    290995   27.00    5.00    0.00    0.00   32.00    64  pgbackrest

02:45:24      UID       PID    %usr %system  %guest   %wait    %CPU   CPU  Command
02:45:25        0     10779    1.00    0.00    0.00    0.00    1.00   101  kubelet
02:45:25        0    290823    1.00    1.00    0.00    0.00    2.00    57  pidstat
02:45:25       26    290910    2.00    0.00    0.00    0.00    2.00    72  pgbackrest

02:45:25      UID       PID    %usr %system  %guest   %wait    %CPU   CPU  Command
02:45:26        0     10713    1.00    1.00    0.00    0.00    2.00    70  containerd
02:45:26        0     10779    1.00    0.00    0.00    0.00    1.00   101  kubelet
02:45:26     1000     17351    1.00    0.00    0.00    0.00    1.00    28  metrics-server
02:45:26     1000     17354    1.00    0.00    0.00    0.00    1.00    62  metrics-server
02:45:26       26    281361    1.00    1.00    0.00    0.00    2.00    49  manager
02:45:26       26    281496    1.00    1.00    0.00    0.00    2.00    41  manager
02:45:26        0    290805    0.00    1.00    0.00    0.00    1.00   116  vmstat
02:45:26        0    290823    1.00    1.00    0.00    0.00    2.00    57  pidstat
02:45:26       26    291172    3.00    0.00    0.00    0.00    3.00    53  pgbackrest

02:45:26      UID       PID    %usr %system  %guest   %wait    %CPU   CPU  Command
02:45:27        0      5887    0.00    1.00    0.00    0.00    1.00   106  xfsaild/nvme0n1p1
02:45:27        0     10713    1.00    0.00    0.00    0.00    1.00    70  containerd
02:45:27        0     10779    1.00    1.00    0.00    0.00    2.00   101  kubelet
02:45:27    10001     28603    1.00    0.00    0.00    0.00    1.00   108  manager
02:45:27       26    281542    0.00    1.00    0.00    0.00    1.00    51  postgres
02:45:27        0    290823    1.00    3.00    0.00    0.00    4.00    57  pidstat

02:45:27      UID       PID    %usr %system  %guest   %wait    %CPU   CPU  Command
02:45:28        0     10713    1.00    0.00    0.00    0.00    1.00    70  containerd
02:45:28        0     10779    0.00    1.00    0.00    0.00    1.00   101  kubelet
02:45:28    65532     32181    0.00    1.00    0.00    0.00    1.00    30  cainjector
02:45:28    65532     34841    1.00    0.00    0.00    0.00    1.00    62  manager
02:45:28        0    290823    1.00    1.00    0.00    0.00    2.00    57  pidstat
