Linux 6.12.88-119.157.amzn2023.x86_64 (ip-192-168-58-166.ec2.internal) 	06/04/26 	_x86_64_	(128 CPU)

02:44:55        IFACE   rxpck/s   txpck/s    rxkB/s    txkB/s   rxcmp/s   txcmp/s  rxmcst/s   %ifutil
02:44:56           lo    206.00    206.00     14.45     14.45      0.00      0.00      0.00      0.00
02:44:56         ens5     80.00     75.00     16.56     17.10      0.00      0.00      0.00      0.00
02:44:56    eni9c774036886      0.00      0.00      0.00      0.00      0.00      0.00      0.00      0.00
02:44:56    eni5fd491a8520      0.00      0.00      0.00      0.00      0.00      0.00      0.00      0.00
02:44:56         ens6      2.00      2.00      0.19      0.11      0.00      0.00      0.00      0.00
02:44:56    eni46def74d622     10.00     13.00      4.35      2.60      0.00      0.00      0.00      0.00
02:44:56    eni863f1470662     10.00     13.00      4.35      2.60      0.00      0.00      0.00      0.00
02:44:56    eni637ff84c0bb      0.00      0.00      0.00      0.00      0.00      0.00      0.00      0.00
02:44:56    enic667095f2f6      1.00      1.00      0.06      0.18      0.00      0.00      0.00      0.00
02:44:56    eni7a106f4e85a      0.00      0.00      0.00      0.00      0.00      0.00      0.00      0.00
02:44:56    eni6d04481d948      4.00      4.00      0.91      0.99      0.00      0.00      0.00      0.00
02:44:56    eni95c2a9260c8      4.00      3.00      0.89      0.88      0.00      0.00      0.00      0.00
02:44:56    enic47e233eae6      0.00      0.00      0.00      0.00      0.00      0.00      0.00      0.00
02:44:56    eni0afda04f433      3.00      3.00      0.69      0.74      0.00      0.00      0.00      0.00
02:44:56    enidbf23aa60a5      1.00      1.00      0.06      0.20      0.00      0.00      0.00      0.00
02:44:56    eni18e702d09ed      5.00      4.00      0.85      0.96      0.00      0.00      0.00      0.00
02:44:56    eni57210d8fe98      0.00      0.00      0.00      0.00      0.00      0.00      0.00      0.00

02:44:56        IFACE   rxpck/s   txpck/s    rxkB/s    txkB/s   rxcmp/s   txcmp/s  rxmcst/s   %ifutil
02:44:57           lo    232.00    232.00     16.63     16.63      0.00      0.00      0.00      0.00
02:44:57         ens5    313.00    308.00    164.53     63.81      0.00      0.00      0.00      0.00
02:44:57    eni9c774036886     30.00     30.00      6.53      3.76      0.00      0.00      0.00      0.00
02:44:57    eni5fd491a8520     18.00     18.00      4.09      2.34      0.00      0.00      0.00      0.00
02:44:57         ens6      0.00      0.00      0.00      0.00      0.00      0.00      0.00      0.00
02:44:57    eni46def74d622      1.00      1.00      0.06      0.06      0.00      0.00      0.00      0.00
02:44:57    eni863f1470662      1.00      1.00      0.06      0.06      0.00      0.00      0.00      0.00
02:44:57    eni637ff84c0bb      0.00      0.00      0.00      0.00      0.00      0.00      0.00      0.00
02:44:57    enic667095f2f6      0.00      0.00      0.00      0.00      0.00      0.00      0.00      0.00
02:44:57    eni7a106f4e85a    148.00    127.00    102.52     63.11      0.00      0.00      0.00      0.01
02:44:57    eni6d04481d948      0.00      0.00      0.00      0.00      0.00      0.00      0.00      0.00
02:44:57    eni95c2a9260c8      4.00      6.00      0.43      0.50      0.00      0.00      0.00      0.00
02:44:57    enic47e233eae6      5.00      5.00      0.42      0.44      0.00      0.00      0.00      0.00
02:44:57    eni0afda04f433      1.00      1.00      0.06      0.18      0.00      0.00      0.00      0.00
02:44:57    enidbf23aa60a5     40.00     38.00      5.56     73.68      0.00      0.00      0.00      0.01
02:44:57    eni18e702d09ed      0.00      0.00      0.00      0.00      0.00      0.00      0.00      0.00
02:44:57    eni57210d8fe98    176.00    184.00     36.67    120.19      0.00      0.00      0.00      0.01

02:44:57        IFACE   rxpck/s   txpck/s    rxkB/s    txkB/s   rxcmp/s   txcmp/s  rxmcst/s   %ifutil
02:44:58           lo    195.00    195.00     15.31     15.31      0.00      0.00      0.00      0.00
02:44:58         ens5    101.00    149.00     24.32    200.71      0.00      0.00      0.00      0.00
02:44:58    eni9c774036886     12.00     14.00      2.02      1.42      0.00      0.00      0.00      0.00
02:44:58    eni5fd491a8520     17.00     17.00      3.74      1.74      0.00      0.00      0.00      0.00
02:44:58         ens6      0.00      0.00      0.00      0.00      0.00      0.00      0.00      0.00
02:44:58    eni46def74d622      0.00      0.00      0.00      0.00      0.00      0.00      0.00      0.00
02:44:58    eni863f1470662      0.00      0.00      0.00      0.00      0.00      0.00      0.00      0.00
02:44:58    eni637ff84c0bb      0.00      0.00      0.00      0.00      0.00      0.00      0.00      0.00
02:44:58    enic667095f2f6      0.00      0.00      0.00      0.00      0.00      0.00      0.00      0.00
02:44:58    eni7a106f4e85a      0.00      0.00      0.00      0.00      0.00      0.00      0.00      0.00
02:44:58    eni6d04481d948      0.00      0.00      0.00      0.00      0.00      0.00      0.00      0.00
02:44:58    eni95c2a9260c8      0.00      0.00      0.00      0.00      0.00      0.00      0.00      0.00
02:44:58    enic47e233eae6      0.00      0.00      0.00      0.00      0.00      0.00      0.00      0.00
02:44:58    eni0afda04f433      4.00      3.00      0.75      0.74      0.00      0.00      0.00      0.00
02:44:58    enidbf23aa60a5      2.00      2.00      0.29      0.28      0.00      0.00      0.00      0.00
02:44:58    eni18e702d09ed      4.00      3.00      0.78      0.77      0.00      0.00      0.00      0.00
02:44:58    eni57210d8fe98     79.00     99.00    190.94     27.68      0.00      0.00      0.00      0.02

02:44:58        IFACE   rxpck/s   txpck/s    rxkB/s    txkB/s   rxcmp/s   txcmp/s  rxmcst/s   %ifutil
02:44:59           lo    251.00    251.00     19.45     19.45      0.00      0.00      0.00      0.00
02:44:59         ens5  59767.00 329461.00   3102.46 887005.95      0.00      0.00      0.00      0.00
02:44:59    eni9c774036886    146.00    146.00     36.34     16.11      0.00      0.00      0.00      0.00
02:44:59    eni5fd491a8520    174.00    174.00     42.04     19.26      0.00      0.00      0.00      0.00
02:44:59         ens6      0.00      0.00      0.00      0.00      0.00      0.00      0.00      0.00
02:44:59    eni46def74d622     11.00     13.00      4.44      2.61      0.00      0.00      0.00      0.00
02:44:59    eni863f1470662     11.00     13.00      4.44      2.60      0.00      0.00      0.00      0.00
02:44:59    eni637ff84c0bb      0.00      0.00      0.00      0.00      0.00      0.00      0.00      0.00
02:44:59    enic667095f2f6      0.00      0.00      0.00      0.00      0.00      0.00      0.00      0.00
02:44:59    eni7a106f4e85a      4.00      3.00      0.76      0.75      0.00      0.00      0.00      0.00
02:44:59    eni6d04481d948      0.00      0.00      0.00      0.00      0.00      0.00      0.00      0.00
02:44:59    eni95c2a9260c8      1.00      1.00      0.06      0.22      0.00      0.00      0.00      0.00
02:44:59    enic47e233eae6      0.00      0.00      0.00      0.00      0.00      0.00      0.00      0.00
02:44:59    eni0afda04f433      0.00      0.00      0.00      0.00      0.00      0.00      0.00      0.00
02:44:59    enidbf23aa60a5      5.00      3.00      0.97      0.71      0.00      0.00      0.00      0.00
02:44:59    eni18e702d09ed      3.00      5.00      0.20      0.45      0.00      0.00      0.00      0.00
02:44:59    eni57210d8fe98  26725.00  60041.00 870737.38   3822.49      0.00      0.00      0.00     71.33

02:44:59        IFACE   rxpck/s   txpck/s    rxkB/s    txkB/s   rxcmp/s   txcmp/s  rxmcst/s   %ifutil
02:45:00           lo    293.00    293.00     21.99     21.99      0.00      0.00      0.00      0.00
02:45:00         ens5  59565.00 380413.00   2958.85 1017140.13      0.00      0.00      0.00      0.00
02:45:00    eni9c774036886      0.00      0.00      0.00      0.00      0.00      0.00      0.00      0.00
02:45:00    eni5fd491a8520      0.00      0.00      0.00      0.00      0.00      0.00      0.00      0.00
02:45:00         ens6      0.00      0.00      0.00      0.00      0.00      0.00      0.00      0.00
02:45:00    eni46def74d622      4.00      7.00      0.36      0.49      0.00      0.00      0.00      0.00
02:45:00    eni863f1470662      2.00      4.00      0.21      0.33      0.00      0.00      0.00      0.00
02:45:00    eni637ff84c0bb      0.00      0.00      0.00      0.00      0.00      0.00      0.00      0.00
02:45:00    enic667095f2f6      0.00      0.00      0.00      0.00      0.00      0.00      0.00      0.00
02:45:00    eni7a106f4e85a      0.00      0.00      0.00      0.00      0.00      0.00      0.00      0.00
02:45:00    eni6d04481d948      0.00      0.00      0.00      0.00      0.00      0.00      0.00      0.00
02:45:00    eni95c2a9260c8      0.00      0.00      0.00      0.00      0.00      0.00      0.00      0.00
02:45:00    enic47e233eae6      5.00      6.00      0.42      0.50      0.00      0.00      0.00      0.00
02:45:00    eni0afda04f433      4.00      3.00      0.75      0.73      0.00      0.00      0.00      0.00
02:45:00    enidbf23aa60a5      2.00      4.00      0.14      0.27      0.00      0.00      0.00      0.00
02:45:00    eni18e702d09ed      4.00      3.00      0.78      0.77      0.00      0.00      0.00      0.00
02:45:00    eni57210d8fe98  37553.00  59528.00 998988.72   3612.85      0.00      0.00      0.00     81.84

02:45:00        IFACE   rxpck/s   txpck/s    rxkB/s    txkB/s   rxcmp/s   txcmp/s  rxmcst/s   %ifutil
02:45:01           lo    286.00    286.00     21.37     21.37      0.00      0.00      0.00      0.00
02:45:01         ens5  53566.00 330163.00   2643.95 835363.12      0.00      0.00      0.00      0.00
02:45:01    eni9c774036886      5.00      6.00      0.46      0.50      0.00      0.00      0.00      0.00
02:45:01    eni5fd491a8520      5.00      5.00      0.46      0.44      0.00      0.00      0.00      0.00
02:45:01         ens6      0.00      0.00      0.00      0.00      0.00      0.00      0.00      0.00
02:45:01    eni46def74d622      5.00      7.00      1.52      0.65      0.00      0.00      0.00      0.00
02:45:01    eni863f1470662      5.00      6.00      1.10      0.46      0.00      0.00      0.00      0.00
02:45:01    eni637ff84c0bb      0.00      0.00      0.00      0.00      0.00      0.00      0.00      0.00
02:45:01    enic667095f2f6      0.00      0.00      0.00      0.00      0.00      0.00      0.00      0.00
02:45:01    eni7a106f4e85a      4.00      3.00      0.76      0.75      0.00      0.00      0.00      0.00
02:45:01    eni6d04481d948      0.00      0.00      0.00      0.00      0.00      0.00      0.00      0.00
02:45:01    eni95c2a9260c8      0.00      0.00      0.00      0.00      0.00      0.00      0.00      0.00
02:45:01    enic47e233eae6      0.00      0.00      0.00      0.00      0.00      0.00      0.00      0.00
02:45:01    eni0afda04f433      0.00      0.00      0.00      0.00      0.00      0.00      0.00      0.00
02:45:01    enidbf23aa60a5      6.00      5.00      0.91      0.90      0.00      0.00      0.00      0.00
02:45:01    eni18e702d09ed      0.00      0.00      0.00      0.00      0.00      0.00      0.00      0.00
02:45:01    eni57210d8fe98  29264.00  53409.00 818862.91   3186.89      0.00      0.00      0.00     67.08

02:45:01        IFACE   rxpck/s   txpck/s    rxkB/s    txkB/s   rxcmp/s   txcmp/s  rxmcst/s   %ifutil
02:45:02           lo    224.00    224.00     18.11     18.11      0.00      0.00      0.00      0.00
02:45:02         ens5  58095.00 363982.00   2854.44 963039.89      0.00      0.00      0.00      0.00
02:45:02    eni9c774036886      0.00      0.00      0.00      0.00      0.00      0.00      0.00      0.00
02:45:02    eni5fd491a8520      0.00      0.00      0.00      0.00      0.00      0.00      0.00      0.00
02:45:02         ens6      0.00      0.00      0.00      0.00      0.00      0.00      0.00      0.00
02:45:02    eni46def74d622      0.00      0.00      0.00      0.00      0.00      0.00      0.00      0.00
02:45:02    eni863f1470662      0.00      0.00      0.00      0.00      0.00      0.00      0.00      0.00
02:45:02    eni637ff84c0bb      0.00      0.00      0.00      0.00      0.00      0.00      0.00      0.00
02:45:02    enic667095f2f6      0.00      0.00      0.00      0.00      0.00      0.00      0.00      0.00
02:45:02    eni7a106f4e85a      1.00      1.00      0.06      0.18      0.00      0.00      0.00      0.00
02:45:02    eni6d04481d948      0.00      0.00      0.00      0.00      0.00      0.00      0.00      0.00
02:45:02    eni95c2a9260c8      0.00      0.00      0.00      0.00      0.00      0.00      0.00      0.00
02:45:02    enic47e233eae6      0.00      0.00      0.00      0.00      0.00      0.00      0.00      0.00
02:45:02    eni0afda04f433      4.00      3.00      0.75      0.74      0.00      0.00      0.00      0.00
02:45:02    enidbf23aa60a5      0.00      0.00      0.00      0.00      0.00      0.00      0.00      0.00
02:45:02    eni18e702d09ed      4.00      3.00      0.78      0.76      0.00      0.00      0.00      0.00
02:45:02    eni57210d8fe98  35088.00  58075.00 945976.40   3477.63      0.00      0.00      0.00     77.49

02:45:02        IFACE   rxpck/s   txpck/s    rxkB/s    txkB/s   rxcmp/s   txcmp/s  rxmcst/s   %ifutil
02:45:03           lo    225.00    225.00     18.17     18.17      0.00      0.00      0.00      0.00
02:45:03         ens5  59850.00 371235.00   2948.00 991640.27      0.00      0.00      0.00      0.00
02:45:03    eni9c774036886      0.00      0.00      0.00      0.00      0.00      0.00      0.00      0.00
02:45:03    eni5fd491a8520      0.00      0.00      0.00      0.00      0.00      0.00      0.00      0.00
02:45:03         ens6      0.00      0.00      0.00      0.00      0.00      0.00      0.00      0.00
02:45:03    eni46def74d622      0.00      0.00      0.00      0.00      0.00      0.00      0.00      0.00
02:45:03    eni863f1470662      0.00      0.00      0.00      0.00      0.00      0.00      0.00      0.00
02:45:03    eni637ff84c0bb      0.00      0.00      0.00      0.00      0.00      0.00      0.00      0.00
02:45:03    enic667095f2f6      0.00      0.00      0.00      0.00      0.00      0.00      0.00      0.00
02:45:03    eni7a106f4e85a      4.00      3.00      0.76      0.75      0.00      0.00      0.00      0.00
02:45:03    eni6d04481d948      0.00      0.00      0.00      0.00      0.00      0.00      0.00      0.00
02:45:03    eni95c2a9260c8      0.00      0.00      0.00      0.00      0.00      0.00      0.00      0.00
02:45:03    enic47e233eae6      0.00      0.00      0.00      0.00      0.00      0.00      0.00      0.00
02:45:03    eni0afda04f433      0.00      0.00      0.00      0.00      0.00      0.00      0.00      0.00
02:45:03    enidbf23aa60a5      3.00      4.00      0.69      0.80      0.00      0.00      0.00      0.00
02:45:03    eni18e702d09ed      0.00      0.00      0.00      0.00      0.00      0.00      0.00      0.00
02:45:03    eni57210d8fe98  36195.00  59811.00 972728.47   3602.21      0.00      0.00      0.00     79.69

02:45:03        IFACE   rxpck/s   txpck/s    rxkB/s    txkB/s   rxcmp/s   txcmp/s  rxmcst/s   %ifutil
02:45:04           lo    193.00    193.00     16.33     16.33      0.00      0.00      0.00      0.00
02:45:04         ens5  55380.00 352537.00   2740.22 917903.74      0.00      0.00      0.00      0.00
02:45:04    eni9c774036886      0.00      0.00      0.00      0.00      0.00      0.00      0.00      0.00
02:45:04    eni5fd491a8520      1.00      1.00      0.06      0.17      0.00      0.00      0.00      0.00
02:45:04         ens6      0.00      0.00      0.00      0.00      0.00      0.00      0.00      0.00
02:45:04    eni46def74d622      0.00      0.00      0.00      0.00      0.00      0.00      0.00      0.00
02:45:04    eni863f1470662      0.00      0.00      0.00      0.00      0.00      0.00      0.00      0.00
02:45:04    eni637ff84c0bb      0.00      0.00      0.00      0.00      0.00      0.00      0.00      0.00
02:45:04    enic667095f2f6      0.00      0.00      0.00      0.00      0.00      0.00      0.00      0.00
02:45:04    eni7a106f4e85a     17.00     23.00      5.33      4.96      0.00      0.00      0.00      0.00
02:45:04    eni6d04481d948      0.00      0.00      0.00      0.00      0.00      0.00      0.00      0.00
02:45:04    eni95c2a9260c8      0.00      0.00      0.00      0.00      0.00      0.00      0.00      0.00
02:45:04    enic47e233eae6      0.00      0.00      0.00      0.00      0.00      0.00      0.00      0.00
02:45:04    eni0afda04f433      4.00      3.00      0.75      0.74      0.00      0.00      0.00      0.00
02:45:04    enidbf23aa60a5      0.00      0.00      0.00      0.00      0.00      0.00      0.00      0.00
02:45:04    eni18e702d09ed      5.00      4.00      0.85      0.86      0.00      0.00      0.00      0.00
02:45:04    eni57210d8fe98  32972.00  55332.00 900323.41   3338.32      0.00      0.00      0.00     73.75

02:45:04        IFACE   rxpck/s   txpck/s    rxkB/s    txkB/s   rxcmp/s   txcmp/s  rxmcst/s   %ifutil
02:45:05           lo    291.00    291.00     21.99     21.99      0.00      0.00      0.00      0.00
02:45:05         ens5  60459.00 383526.00   2973.56 1037705.81      0.00      0.00      0.00      0.00
02:45:05    eni9c774036886      0.00      0.00      0.00      0.00      0.00      0.00      0.00      0.00
02:45:05    eni5fd491a8520      0.00      0.00      0.00      0.00      0.00      0.00      0.00      0.00
02:45:05         ens6      1.00      1.00      0.17      0.06      0.00      0.00      0.00      0.00
02:45:05    eni46def74d622      0.00      0.00      0.00      0.00      0.00      0.00      0.00      0.00
02:45:05    eni863f1470662      0.00      0.00      0.00      0.00      0.00      0.00      0.00      0.00
02:45:05    eni637ff84c0bb      0.00      0.00      0.00      0.00      0.00      0.00      0.00      0.00
02:45:05    enic667095f2f6      1.00      1.00      0.06      0.18      0.00      0.00      0.00      0.00
02:45:05    eni7a106f4e85a      5.00      4.00      0.86      0.81      0.00      0.00      0.00      0.00
02:45:05    eni6d04481d948      0.00      0.00      0.00      0.00      0.00      0.00      0.00      0.00
02:45:05    eni95c2a9260c8      0.00      0.00      0.00      0.00      0.00      0.00      0.00      0.00
02:45:05    enic47e233eae6      4.00      6.00      0.36      0.50      0.00      0.00      0.00      0.00
02:45:05    eni0afda04f433      2.00      4.00      0.14      0.27      0.00      0.00      0.00      0.00
02:45:05    enidbf23aa60a5      3.00      3.00      0.69      0.73      0.00      0.00      0.00      0.00
02:45:05    eni18e702d09ed      0.00      0.00      0.00      0.00      0.00      0.00      0.00      0.00
02:45:05    eni57210d8fe98  38462.00  60410.00 1018974.78   3629.44      0.00      0.00      0.00     83.47

02:45:05        IFACE   rxpck/s   txpck/s    rxkB/s    txkB/s   rxcmp/s   txcmp/s  rxmcst/s   %ifutil
02:45:06           lo    311.00    311.00     22.42     22.42      0.00      0.00      0.00      0.00
02:45:06         ens5  57203.00 354375.00   2823.10 925802.61      0.00      0.00      0.00      0.00
02:45:06    eni9c774036886      0.00      0.00      0.00      0.00      0.00      0.00      0.00      0.00
02:45:06    eni5fd491a8520      0.00      0.00      0.00      0.00      0.00      0.00      0.00      0.00
02:45:06         ens6      0.00      0.00      0.00      0.00      0.00      0.00      0.00      0.00
02:45:06    eni46def74d622     11.00     13.00      4.44      2.60      0.00      0.00      0.00      0.00
02:45:06    eni863f1470662     10.00     13.00      4.37      2.60      0.00      0.00      0.00      0.00
02:45:06    eni637ff84c0bb      0.00      0.00      0.00      0.00      0.00      0.00      0.00      0.00
02:45:06    enic667095f2f6      0.00      0.00      0.00      0.00      0.00      0.00      0.00      0.00
02:45:06    eni7a106f4e85a      0.00      0.00      0.00      0.00      0.00      0.00      0.00      0.00
02:45:06    eni6d04481d948      0.00      0.00      0.00      0.00      0.00      0.00      0.00      0.00
02:45:06    eni95c2a9260c8      0.00      0.00      0.00      0.00      0.00      0.00      0.00      0.00
02:45:06    enic47e233eae6      0.00      0.00      0.00      0.00      0.00      0.00      0.00      0.00
02:45:06    eni0afda04f433      4.00      3.00      0.75      0.73      0.00      0.00      0.00      0.00
02:45:06    enidbf23aa60a5      0.00      0.00      0.00      0.00      0.00      0.00      0.00      0.00
02:45:06    eni18e702d09ed      5.00      4.00      0.88      0.83      0.00      0.00      0.00      0.00
02:45:06    eni57210d8fe98  34250.00  57120.00 908304.50   3439.37      0.00      0.00      0.00     74.41

02:45:06        IFACE   rxpck/s   txpck/s    rxkB/s    txkB/s   rxcmp/s   txcmp/s  rxmcst/s   %ifutil
02:45:07           lo    243.00    243.00     19.28     19.28      0.00      0.00      0.00      0.00
02:45:07         ens5  55088.00 355329.00   2730.80 948402.09      0.00      0.00      0.00      0.00
02:45:07    eni9c774036886      0.00      0.00      0.00      0.00      0.00      0.00      0.00      0.00
02:45:07    eni5fd491a8520      0.00      0.00      0.00      0.00      0.00      0.00      0.00      0.00
02:45:07         ens6      0.00      0.00      0.00      0.00      0.00      0.00      0.00      0.00
02:45:07    eni46def74d622      0.00      0.00      0.00      0.00      0.00      0.00      0.00      0.00
02:45:07    eni863f1470662      1.00      1.00      0.06      0.20      0.00      0.00      0.00      0.00
02:45:07    eni637ff84c0bb      0.00      0.00      0.00      0.00      0.00      0.00      0.00      0.00
02:45:07    enic667095f2f6      0.00      0.00      0.00      0.00      0.00      0.00      0.00      0.00
02:45:07    eni7a106f4e85a      5.00      6.00      0.83      1.25      0.00      0.00      0.00      0.00
02:45:07    eni6d04481d948      0.00      0.00      0.00      0.00      0.00      0.00      0.00      0.00
02:45:07    eni95c2a9260c8      5.00      6.00      0.50      0.50      0.00      0.00      0.00      0.00
02:45:07    enic47e233eae6      4.00      6.00      0.36      0.50      0.00      0.00      0.00      0.00
02:45:07    eni0afda04f433      0.00      0.00      0.00      0.00      0.00      0.00      0.00      0.00
02:45:07    enidbf23aa60a5      3.00      3.00      0.69      0.73      0.00      0.00      0.00      0.00
02:45:07    eni18e702d09ed      0.00      0.00      0.00      0.00      0.00      0.00      0.00      0.00
02:45:07    eni57210d8fe98  35065.00  55041.00 931319.86   3339.84      0.00      0.00      0.00     76.29

02:45:07        IFACE   rxpck/s   txpck/s    rxkB/s    txkB/s   rxcmp/s   txcmp/s  rxmcst/s   %ifutil
02:45:08           lo    325.00    325.00     24.17     24.17      0.00      0.00      0.00      0.00
02:45:08         ens5  57914.00 380206.00   2850.86 996993.80      0.00      0.00      0.00      0.00
02:45:08    eni9c774036886      5.00      6.00      0.46      0.50      0.00      0.00      0.00      0.00
02:45:08    eni5fd491a8520      5.00      5.00      0.46      0.44      0.00      0.00      0.00      0.00
02:45:08         ens6      0.00      0.00      0.00      0.00      0.00      0.00      0.00      0.00
02:45:08    eni46def74d622      2.00      3.00      0.17      2.72      0.00      0.00      0.00      0.00
02:45:08    eni863f1470662      2.00      3.00      0.17      2.72      0.00      0.00      0.00      0.00
02:45:08    eni637ff84c0bb      0.00      0.00      0.00      0.00      0.00      0.00      0.00      0.00
02:45:08    enic667095f2f6      0.00      0.00      0.00      0.00      0.00      0.00      0.00      0.00
02:45:08    eni7a106f4e85a      1.00      1.00      0.06      0.06      0.00      0.00      0.00      0.00
02:45:08    eni6d04481d948      0.00      0.00      0.00      0.00      0.00      0.00      0.00      0.00
02:45:08    eni95c2a9260c8      0.00      0.00      0.00      0.00      0.00      0.00      0.00      0.00
02:45:08    enic47e233eae6      0.00      0.00      0.00      0.00      0.00      0.00      0.00      0.00
02:45:08    eni0afda04f433      5.00      4.00      0.82      0.80      0.00      0.00      0.00      0.00
02:45:08    enidbf23aa60a5      0.00      0.00      0.00      0.00      0.00      0.00      0.00      0.00
02:45:08    eni18e702d09ed      3.00      4.00      0.72      0.83      0.00      0.00      0.00      0.00
02:45:08    eni57210d8fe98  35850.00  57862.00 977737.27   3477.51      0.00      0.00      0.00     80.10

02:45:08        IFACE   rxpck/s   txpck/s    rxkB/s    txkB/s   rxcmp/s   txcmp/s  rxmcst/s   %ifutil
02:45:09           lo    286.00    286.00     21.59     21.59      0.00      0.00      0.00      0.00
02:45:09         ens5  49303.00 334774.00   2452.95 872989.01      0.00      0.00      0.00      0.00
02:45:09    eni9c774036886      0.00      0.00      0.00      0.00      0.00      0.00      0.00      0.00
02:45:09    eni5fd491a8520      0.00      0.00      0.00      0.00      0.00      0.00      0.00      0.00
02:45:09         ens6      1.00      1.00      0.17      0.06      0.00      0.00      0.00      0.00
02:45:09    eni46def74d622     11.00     13.00      4.44      2.61      0.00      0.00      0.00      0.00
02:45:09    eni863f1470662     11.00     13.00      4.44      2.60      0.00      0.00      0.00      0.00
02:45:09    eni637ff84c0bb      0.00      0.00      0.00      0.00      0.00      0.00      0.00      0.00
02:45:09    enic667095f2f6      1.00      1.00      0.06      0.18      0.00      0.00      0.00      0.00
02:45:09    eni7a106f4e85a      4.00      3.00      0.76      0.85      0.00      0.00      0.00      0.00
02:45:09    eni6d04481d948      0.00      0.00      0.00      0.00      0.00      0.00      0.00      0.00
02:45:09    eni95c2a9260c8      0.00      0.00      0.00      0.00      0.00      0.00      0.00      0.00
02:45:09    enic47e233eae6      0.00      0.00      0.00      0.00      0.00      0.00      0.00      0.00
02:45:09    eni0afda04f433      0.00      0.00      0.00      0.00      0.00      0.00      0.00      0.00
02:45:09    enidbf23aa60a5      3.00      3.00      0.69      0.73      0.00      0.00      0.00      0.00
02:45:09    eni18e702d09ed      2.00      4.00      0.14      0.27      0.00      0.00      0.00      0.00
02:45:09    eni57210d8fe98  31949.00  49270.00 856837.93   2987.32      0.00      0.00      0.00     70.19

02:45:09        IFACE   rxpck/s   txpck/s    rxkB/s    txkB/s   rxcmp/s   txcmp/s  rxmcst/s   %ifutil
02:45:10           lo    276.00    276.00     20.82     20.82      0.00      0.00      0.00      0.00
02:45:10         ens5  54353.00 338159.00   2712.07 945323.82      0.00      0.00      0.00      0.00
02:45:10    eni9c774036886      0.00      0.00      0.00      0.00      0.00      0.00      0.00      0.00
02:45:10    eni5fd491a8520      0.00      0.00      0.00      0.00      0.00      0.00      0.00      0.00
02:45:10         ens6      0.00      0.00      0.00      0.00      0.00      0.00      0.00      0.00
02:45:10    eni46def74d622      0.00      0.00      0.00      0.00      0.00      0.00      0.00      0.00
02:45:10    eni863f1470662      0.00      0.00      0.00      0.00      0.00      0.00      0.00      0.00
02:45:10    eni637ff84c0bb      0.00      0.00      0.00      0.00      0.00      0.00      0.00      0.00
02:45:10    enic667095f2f6      0.00      0.00      0.00      0.00      0.00      0.00      0.00      0.00
02:45:10    eni7a106f4e85a      1.00      1.00      0.06      0.16      0.00      0.00      0.00      0.00
02:45:10    eni6d04481d948      1.00      1.00      0.06      0.21      0.00      0.00      0.00      0.00
02:45:10    eni95c2a9260c8      0.00      0.00      0.00      0.00      0.00      0.00      0.00      0.00
02:45:10    enic47e233eae6      4.00      6.00      0.36      0.50      0.00      0.00      0.00      0.00
02:45:10    eni0afda04f433      5.00      4.00      0.82      0.83      0.00      0.00      0.00      0.00
02:45:10    enidbf23aa60a5      2.00      4.00      0.14      0.27      0.00      0.00      0.00      0.00
02:45:10    eni18e702d09ed      3.00      3.00      0.72      0.76      0.00      0.00      0.00      0.00
02:45:10    eni57210d8fe98  35926.00  54324.00 929160.26   3313.84      0.00      0.00      0.00     76.12

02:45:10        IFACE   rxpck/s   txpck/s    rxkB/s    txkB/s   rxcmp/s   txcmp/s  rxmcst/s   %ifutil
02:45:11           lo    278.00    278.00     21.10     21.10      0.00      0.00      0.00      0.00
02:45:11         ens5  44728.00 311117.00   2220.89 783437.72      0.00      0.00      0.00      0.00
02:45:11    eni9c774036886      5.00      6.00      0.46      0.50      0.00      0.00      0.00      0.00
02:45:11    eni5fd491a8520      5.00      5.00      0.46      0.44      0.00      0.00      0.00      0.00
02:45:11         ens6      0.00      0.00      0.00      0.00      0.00      0.00      0.00      0.00
02:45:11    eni46def74d622      0.00      0.00      0.00      0.00      0.00      0.00      0.00      0.00
02:45:11    eni863f1470662      0.00      0.00      0.00      0.00      0.00      0.00      0.00      0.00
02:45:11    eni637ff84c0bb      0.00      0.00      0.00      0.00      0.00      0.00      0.00      0.00
02:45:11    enic667095f2f6      0.00      0.00      0.00      0.00      0.00      0.00      0.00      0.00
02:45:11    eni7a106f4e85a      5.00      4.00      0.83      0.84      0.00      0.00      0.00      0.00
02:45:11    eni6d04481d948      5.00      4.00      0.98      1.00      0.00      0.00      0.00      0.00
02:45:11    eni95c2a9260c8      5.00      4.00      0.99      0.94      0.00      0.00      0.00      0.00
02:45:11    enic47e233eae6      0.00      0.00      0.00      0.00      0.00      0.00      0.00      0.00
02:45:11    eni0afda04f433      0.00      0.00      0.00      0.00      0.00      0.00      0.00      0.00
02:45:11    enidbf23aa60a5      3.00      3.00      0.69      0.73      0.00      0.00      0.00      0.00
02:45:11    eni18e702d09ed      0.00      0.00      0.00      0.00      0.00      0.00      0.00      0.00
02:45:11    eni57210d8fe98  29127.00  44638.00 767591.20   2691.16      0.00      0.00      0.00     62.88

02:45:11        IFACE   rxpck/s   txpck/s    rxkB/s    txkB/s   rxcmp/s   txcmp/s  rxmcst/s   %ifutil
02:45:12           lo    223.00    223.00     17.87     17.87      0.00      0.00      0.00      0.00
02:45:12         ens5  48763.00 320208.00   2432.63 860281.72      0.00      0.00      0.00      0.00
02:45:12    eni9c774036886      0.00      0.00      0.00      0.00      0.00      0.00      0.00      0.00
02:45:12    eni5fd491a8520      0.00      0.00      0.00      0.00      0.00      0.00      0.00      0.00
02:45:12         ens6      0.00      0.00      0.00      0.00      0.00      0.00      0.00      0.00
02:45:12    eni46def74d622     14.00     19.00      5.71      4.66      0.00      0.00      0.00      0.00
02:45:12    eni863f1470662      6.00      8.00      1.21      0.63      0.00      0.00      0.00      0.00
02:45:12    eni637ff84c0bb      0.00      0.00      0.00      0.00      0.00      0.00      0.00      0.00
02:45:12    enic667095f2f6      0.00      0.00      0.00      0.00      0.00      0.00      0.00      0.00
02:45:12    eni7a106f4e85a     10.00     10.00      0.64      0.64      0.00      0.00      0.00      0.00
02:45:12    eni6d04481d948      0.00      0.00      0.00      0.00      0.00      0.00      0.00      0.00
02:45:12    eni95c2a9260c8      1.00      1.00      0.06      0.18      0.00      0.00      0.00      0.00
02:45:12    enic47e233eae6      0.00      0.00      0.00      0.00      0.00      0.00      0.00      0.00
02:45:12    eni0afda04f433      5.00      4.00      0.85      0.80      0.00      0.00      0.00      0.00
02:45:12    enidbf23aa60a5      2.00      2.00      0.13      0.13      0.00      0.00      0.00      0.00
02:45:12    eni18e702d09ed      3.00      3.00      0.72      0.76      0.00      0.00      0.00      0.00
02:45:12    eni57210d8fe98  33547.00  48717.00 845191.43   2959.55      0.00      0.00      0.00     69.24

02:45:12        IFACE   rxpck/s   txpck/s    rxkB/s    txkB/s   rxcmp/s   txcmp/s  rxmcst/s   %ifutil
02:45:13           lo    254.00    254.00     19.67     19.67      0.00      0.00      0.00      0.00
02:45:13         ens5  52569.00 322368.00   2642.00 882877.16      0.00      0.00      0.00      0.00
02:45:13    eni9c774036886     53.00     52.00     12.57      5.92      0.00      0.00      0.00      0.00
02:45:13    eni5fd491a8520     21.00     21.00      4.93      2.43      0.00      0.00      0.00      0.00
02:45:13         ens6      0.00      0.00      0.00      0.00      0.00      0.00      0.00      0.00
02:45:13    eni46def74d622      0.00      0.00      0.00      0.00      0.00      0.00      0.00      0.00
02:45:13    eni863f1470662      0.00      0.00      0.00      0.00      0.00      0.00      0.00      0.00
02:45:13    eni637ff84c0bb      0.00      0.00      0.00      0.00      0.00      0.00      0.00      0.00
02:45:13    enic667095f2f6      0.00      0.00      0.00      0.00      0.00      0.00      0.00      0.00
02:45:13    eni7a106f4e85a      4.00      3.00      0.76      0.75      0.00      0.00      0.00      0.00
02:45:13    eni6d04481d948      0.00      0.00      0.00      0.00      0.00      0.00      0.00      0.00
02:45:13    eni95c2a9260c8      1.00      1.00      0.06      0.18      0.00      0.00      0.00      0.00
02:45:13    enic47e233eae6      0.00      0.00      0.00      0.00      0.00      0.00      0.00      0.00
02:45:13    eni0afda04f433      0.00      0.00      0.00      0.00      0.00      0.00      0.00      0.00
02:45:13    enidbf23aa60a5      4.00      4.00      0.75      0.92      0.00      0.00      0.00      0.00
02:45:13    eni18e702d09ed      0.00      0.00      0.00      0.00      0.00      0.00      0.00      0.00
02:45:13    eni57210d8fe98  32670.00  52555.00 866927.16   3226.95      0.00      0.00      0.00     71.02

02:45:13        IFACE   rxpck/s   txpck/s    rxkB/s    txkB/s   rxcmp/s   txcmp/s  rxmcst/s   %ifutil
02:45:14           lo    190.00    190.00     16.55     16.55      0.00      0.00      0.00      0.00
02:45:14         ens5  27665.00 163206.00   1576.17 434099.74      0.00      0.00      0.00      0.00
02:45:14    eni9c774036886     60.00     60.00     13.84      6.71      0.00      0.00      0.00      0.00
02:45:14    eni5fd491a8520     90.00     90.00     22.90      9.88      0.00      0.00      0.00      0.00
02:45:14         ens6      0.00      0.00      0.00      0.00      0.00      0.00      0.00      0.00
02:45:14    eni46def74d622      0.00      0.00      0.00      0.00      0.00      0.00      0.00      0.00
02:45:14    eni863f1470662      0.00      0.00      0.00      0.00      0.00      0.00      0.00      0.00
02:45:14    eni637ff84c0bb      0.00      0.00      0.00      0.00      0.00      0.00      0.00      0.00
02:45:14    enic667095f2f6      0.00      0.00      0.00      0.00      0.00      0.00      0.00      0.00
02:45:14    eni7a106f4e85a     17.00     22.00      5.33      4.89      0.00      0.00      0.00      0.00
02:45:14    eni6d04481d948      0.00      0.00      0.00      0.00      0.00      0.00      0.00      0.00
02:45:14    eni95c2a9260c8      1.00      1.00      0.06      0.16      0.00      0.00      0.00      0.00
02:45:14    enic47e233eae6      0.00      0.00      0.00      0.00      0.00      0.00      0.00      0.00
02:45:14    eni0afda04f433      3.00      4.00      0.69      0.80      0.00      0.00      0.00      0.00
02:45:14    enidbf23aa60a5      0.00      0.00      0.00      0.00      0.00      0.00      0.00      0.00
02:45:14    eni18e702d09ed      3.00      3.00      0.72      0.76      0.00      0.00      0.00      0.00
02:45:14    eni57210d8fe98  15174.00  27745.00 425739.39   1904.82      0.00      0.00      0.00     34.88

02:45:14        IFACE   rxpck/s   txpck/s    rxkB/s    txkB/s   rxcmp/s   txcmp/s  rxmcst/s   %ifutil
02:45:15           lo    277.00    277.00     20.77     20.77      0.00      0.00      0.00      0.00
02:45:15         ens5   4305.00  18120.00    589.47  56397.25      0.00      0.00      0.00      0.00
02:45:15    eni9c774036886     36.00     36.00      8.57      3.99      0.00      0.00      0.00      0.00
02:45:15    eni5fd491a8520     54.00     54.00     13.47      5.96      0.00      0.00      0.00      0.00
02:45:15         ens6      0.00      0.00      0.00      0.00      0.00      0.00      0.00      0.00
02:45:15    eni46def74d622      1.00      1.00      0.06      0.16      0.00      0.00      0.00      0.00
02:45:15    eni863f1470662      0.00      0.00      0.00      0.00      0.00      0.00      0.00      0.00
02:45:15    eni637ff84c0bb      0.00      0.00      0.00      0.00      0.00      0.00      0.00      0.00
02:45:15    enic667095f2f6      0.00      0.00      0.00      0.00      0.00      0.00      0.00      0.00
02:45:15    eni7a106f4e85a      5.00      4.00      0.83      0.96      0.00      0.00      0.00      0.00
02:45:15    eni6d04481d948      1.00      1.00      0.04      0.04      0.00      0.00      0.00      0.00
02:45:15    eni95c2a9260c8      0.00      0.00      0.00      0.00      0.00      0.00      0.00      0.00
02:45:15    enic47e233eae6      4.00      6.00      0.36      0.50      0.00      0.00      0.00      0.00
02:45:15    eni0afda04f433      2.00      4.00      0.14      0.27      0.00      0.00      0.00      0.00
02:45:15    enidbf23aa60a5      4.00      3.00      0.75      0.73      0.00      0.00      0.00      0.00
02:45:15    eni18e702d09ed      0.00      0.00      0.00      0.00      0.00      0.00      0.00      0.00
02:45:15    eni57210d8fe98   3243.00   4330.00  55570.43    657.05      0.00      0.00      0.00      4.55

02:45:15        IFACE   rxpck/s   txpck/s    rxkB/s    txkB/s   rxcmp/s   txcmp/s  rxmcst/s   %ifutil
02:45:16           lo    283.00    283.00     20.52     20.52      0.00      0.00      0.00      0.00
02:45:16         ens5   1841.00   4108.00    154.84  31107.36      0.00      0.00      0.00      0.00
02:45:16    eni9c774036886      0.00      0.00      0.00      0.00      0.00      0.00      0.00      0.00
02:45:16    eni5fd491a8520      0.00      0.00      0.00      0.00      0.00      0.00      0.00      0.00
02:45:16         ens6      0.00      0.00      0.00      0.00      0.00      0.00      0.00      0.00
02:45:16    eni46def74d622     14.00     16.00      4.63      2.89      0.00      0.00      0.00      0.00
02:45:16    eni863f1470662     14.00     17.00      4.61      2.96      0.00      0.00      0.00      0.00
02:45:16    eni637ff84c0bb      0.00      0.00      0.00      0.00      0.00      0.00      0.00      0.00
02:45:16    enic667095f2f6      0.00      0.00      0.00      0.00      0.00      0.00      0.00      0.00
02:45:16    eni7a106f4e85a      0.00      0.00      0.00      0.00      0.00      0.00      0.00      0.00
02:45:16    eni6d04481d948      0.00      0.00      0.00      0.00      0.00      0.00      0.00      0.00
02:45:16    eni95c2a9260c8      0.00      0.00      0.00      0.00      0.00      0.00      0.00      0.00
02:45:16    enic47e233eae6      0.00      0.00      0.00      0.00      0.00      0.00      0.00      0.00
02:45:16    eni0afda04f433      3.00      3.00      0.69      0.73      0.00      0.00      0.00      0.00
02:45:16    enidbf23aa60a5      0.00      0.00      0.00      0.00      0.00      0.00      0.00      0.00
02:45:16    eni18e702d09ed      3.00      3.00      0.72      0.76      0.00      0.00      0.00      0.00
02:45:16    eni57210d8fe98   1194.00   1759.00  30910.48    172.88      0.00      0.00      0.00      2.53

02:45:16        IFACE   rxpck/s   txpck/s    rxkB/s    txkB/s   rxcmp/s   txcmp/s  rxmcst/s   %ifutil
02:45:17           lo    131.00    131.00     10.70     10.70      0.00      0.00      0.00      0.00
02:45:17         ens5   1666.00   3924.00     88.80  31024.75      0.00      0.00      0.00      0.00
02:45:17    eni9c774036886      1.00      1.00      0.06      0.18      0.00      0.00      0.00      0.00
02:45:17    eni5fd491a8520      0.00      0.00      0.00      0.00      0.00      0.00      0.00      0.00
02:45:17         ens6      0.00      0.00      0.00      0.00      0.00      0.00      0.00      0.00
02:45:17    eni46def74d622      0.00      0.00      0.00      0.00      0.00      0.00      0.00      0.00
02:45:17    eni863f1470662      0.00      0.00      0.00      0.00      0.00      0.00      0.00      0.00
02:45:17    eni637ff84c0bb      0.00      0.00      0.00      0.00      0.00      0.00      0.00      0.00
02:45:17    enic667095f2f6      0.00      0.00      0.00      0.00      0.00      0.00      0.00      0.00
02:45:17    eni7a106f4e85a      8.00      9.00      1.07      1.16      0.00      0.00      0.00      0.00
02:45:17    eni6d04481d948      1.00      1.00      0.06      0.40      0.00      0.00      0.00      0.00
02:45:17    eni95c2a9260c8      5.00      5.00      0.50      0.44      0.00      0.00      0.00      0.00
02:45:17    enic47e233eae6      4.00      6.00      0.36      0.50      0.00      0.00      0.00      0.00
02:45:17    eni0afda04f433      0.00      0.00      0.00      0.00      0.00      0.00      0.00      0.00
02:45:17    enidbf23aa60a5      4.00      3.00      0.75      0.73      0.00      0.00      0.00      0.00
02:45:17    eni18e702d09ed      0.00      0.00      0.00      0.00      0.00      0.00      0.00      0.00
02:45:17    eni57210d8fe98   1072.00   1623.00  30834.47    106.75      0.00      0.00      0.00      2.53

02:45:17        IFACE   rxpck/s   txpck/s    rxkB/s    txkB/s   rxcmp/s   txcmp/s  rxmcst/s   %ifutil
02:45:18           lo    187.00    187.00     14.13     14.13      0.00      0.00      0.00      0.00
02:45:18         ens5   1572.00   3916.00     83.79  31024.73      0.00      0.00      0.00      0.00
02:45:18    eni9c774036886      5.00      5.00      0.46      0.44      0.00      0.00      0.00      0.00
02:45:18    eni5fd491a8520      4.00      6.00      0.40      0.50      0.00      0.00      0.00      0.00
02:45:18         ens6      0.00      0.00      0.00      0.00      0.00      0.00      0.00      0.00
02:45:18    eni46def74d622      3.00      3.00      1.38      0.31      0.00      0.00      0.00      0.00
02:45:18    eni863f1470662      0.00      0.00      0.00      0.00      0.00      0.00      0.00      0.00
02:45:18    eni637ff84c0bb      0.00      0.00      0.00      0.00      0.00      0.00      0.00      0.00
02:45:18    enic667095f2f6      0.00      0.00      0.00      0.00      0.00      0.00      0.00      0.00
02:45:18    eni7a106f4e85a      3.00      3.00      0.19      0.64      0.00      0.00      0.00      0.00
02:45:18    eni6d04481d948      0.00      0.00      0.00      0.00      0.00      0.00      0.00      0.00
02:45:18    eni95c2a9260c8      0.00      0.00      0.00      0.00      0.00      0.00      0.00      0.00
02:45:18    enic47e233eae6      0.00      0.00      0.00      0.00      0.00      0.00      0.00      0.00
02:45:18    eni0afda04f433      3.00      3.00      0.69      0.73      0.00      0.00      0.00      0.00
02:45:18    enidbf23aa60a5      0.00      0.00      0.00      0.00      0.00      0.00      0.00      0.00
02:45:18    eni18e702d09ed      3.00      3.00      0.72      0.88      0.00      0.00      0.00      0.00
02:45:18    eni57210d8fe98   1135.00   1528.00  30838.54    100.65      0.00      0.00      0.00      2.53

02:45:18        IFACE   rxpck/s   txpck/s    rxkB/s    txkB/s   rxcmp/s   txcmp/s  rxmcst/s   %ifutil
02:45:19           lo    127.00    127.00     10.22     10.22      0.00      0.00      0.00      0.00
02:45:19         ens5   2004.00   4537.00    105.55  36191.48      0.00      0.00      0.00      0.00
02:45:19    eni9c774036886      3.00      2.00      0.32      0.25      0.00      0.00      0.00      0.00
02:45:19    eni5fd491a8520      0.00      0.00      0.00      0.00      0.00      0.00      0.00      0.00
02:45:19         ens6      0.00      0.00      0.00      0.00      0.00      0.00      0.00      0.00
02:45:19    eni46def74d622     10.00     13.00      4.35      2.61      0.00      0.00      0.00      0.00
02:45:19    eni863f1470662     10.00     12.00      4.35      2.54      0.00      0.00      0.00      0.00
02:45:19    eni637ff84c0bb      0.00      0.00      0.00      0.00      0.00      0.00      0.00      0.00
02:45:19    enic667095f2f6      0.00      0.00      0.00      0.00      0.00      0.00      0.00      0.00
02:45:19    eni7a106f4e85a      4.00      3.00      0.76      0.75      0.00      0.00      0.00      0.00
02:45:19    eni6d04481d948      1.00      1.00      0.06      0.18      0.00      0.00      0.00      0.00
02:45:19    eni95c2a9260c8      0.00      0.00      0.00      0.00      0.00      0.00      0.00      0.00
02:45:19    enic47e233eae6      0.00      0.00      0.00      0.00      0.00      0.00      0.00      0.00
02:45:19    eni0afda04f433      0.00      0.00      0.00      0.00      0.00      0.00      0.00      0.00
02:45:19    enidbf23aa60a5      4.00      3.00      0.75      0.73      0.00      0.00      0.00      0.00
02:45:19    eni18e702d09ed      2.00      4.00      0.14      0.27      0.00      0.00      0.00      0.00
02:45:19    eni57210d8fe98   1352.00   1966.00  35980.37    129.05      0.00      0.00      0.00      2.95

02:45:19        IFACE   rxpck/s   txpck/s    rxkB/s    txkB/s   rxcmp/s   txcmp/s  rxmcst/s   %ifutil
02:45:20           lo    163.00    163.00     12.13     12.13      0.00      0.00      0.00      0.00
02:45:20         ens5   2047.00   4546.00    123.98  36192.47      0.00      0.00      0.00      0.00
02:45:20    eni9c774036886      0.00      0.00      0.00      0.00      0.00      0.00      0.00      0.00
02:45:20    eni5fd491a8520      0.00      0.00      0.00      0.00      0.00      0.00      0.00      0.00
02:45:20         ens6      0.00      0.00      0.00      0.00      0.00      0.00      0.00      0.00
02:45:20    eni46def74d622      0.00      0.00      0.00      0.00      0.00      0.00      0.00      0.00
02:45:20    eni863f1470662      0.00      0.00      0.00      0.00      0.00      0.00      0.00      0.00
02:45:20    eni637ff84c0bb      0.00      0.00      0.00      0.00      0.00      0.00      0.00      0.00
02:45:20    enic667095f2f6      0.00      0.00      0.00      0.00      0.00      0.00      0.00      0.00
02:45:20    eni7a106f4e85a      1.00      1.00      0.06      0.20      0.00      0.00      0.00      0.00
02:45:20    eni6d04481d948      1.00      1.00      0.06      0.40      0.00      0.00      0.00      0.00
02:45:20    eni95c2a9260c8      0.00      0.00      0.00      0.00      0.00      0.00      0.00      0.00
02:45:20    enic47e233eae6      4.00      6.00      0.36      0.50      0.00      0.00      0.00      0.00
02:45:20    eni0afda04f433      3.00      4.00      0.69      0.93      0.00      0.00      0.00      0.00
02:45:20    enidbf23aa60a5      2.00      4.00      0.14      0.27      0.00      0.00      0.00      0.00
02:45:20    eni18e702d09ed      3.00      3.00      0.72      0.76      0.00      0.00      0.00      0.00
02:45:20    eni57210d8fe98   1470.00   2013.00  35992.86    151.44      0.00      0.00      0.00      2.95

02:45:20        IFACE   rxpck/s   txpck/s    rxkB/s    txkB/s   rxcmp/s   txcmp/s  rxmcst/s   %ifutil
02:45:21           lo    191.00    191.00     13.43     13.43      0.00      0.00      0.00      0.00
02:45:21         ens5   1741.00   3902.00     92.19  31023.29      0.00      0.00      0.00      0.00
02:45:21    eni9c774036886      5.00      5.00      0.46      0.44      0.00      0.00      0.00      0.00
02:45:21    eni5fd491a8520      5.00      5.00      0.46      0.44      0.00      0.00      0.00      0.00
02:45:21         ens6      0.00      0.00      0.00      0.00      0.00      0.00      0.00      0.00
02:45:21    eni46def74d622      0.00      0.00      0.00      0.00      0.00      0.00      0.00      0.00
02:45:21    eni863f1470662      0.00      0.00      0.00      0.00      0.00      0.00      0.00      0.00
02:45:21    eni637ff84c0bb      0.00      0.00      0.00      0.00      0.00      0.00      0.00      0.00
02:45:21    enic667095f2f6      0.00      0.00      0.00      0.00      0.00      0.00      0.00      0.00
02:45:21    eni7a106f4e85a      5.00      4.00      0.86      0.81      0.00      0.00      0.00      0.00
02:45:21    eni6d04481d948      1.00      1.00      0.06      0.40      0.00      0.00      0.00      0.00
02:45:21    eni95c2a9260c8      0.00      0.00      0.00      0.00      0.00      0.00      0.00      0.00
02:45:21    enic47e233eae6      0.00      0.00      0.00      0.00      0.00      0.00      0.00      0.00
02:45:21    eni0afda04f433      0.00      0.00      0.00      0.00      0.00      0.00      0.00      0.00
02:45:21    enidbf23aa60a5      6.00      5.00      0.91      0.90      0.00      0.00      0.00      0.00
02:45:21    eni18e702d09ed      0.00      0.00      0.00      0.00      0.00      0.00      0.00      0.00
02:45:21    eni57210d8fe98   1178.00   1684.00  30841.58    110.56      0.00      0.00      0.00      2.53

02:45:21        IFACE   rxpck/s   txpck/s    rxkB/s    txkB/s   rxcmp/s   txcmp/s  rxmcst/s   %ifutil
02:45:22           lo    167.00    167.00     12.57     12.57      0.00      0.00      0.00      0.00
02:45:22         ens5   1822.00   4552.00     96.78  36193.23      0.00      0.00      0.00      0.00
02:45:22    eni9c774036886      0.00      0.00      0.00      0.00      0.00      0.00      0.00      0.00
02:45:22    eni5fd491a8520      0.00      0.00      0.00      0.00      0.00      0.00      0.00      0.00
02:45:22         ens6      0.00      0.00      0.00      0.00      0.00      0.00      0.00      0.00
02:45:22    eni46def74d622      0.00      0.00      0.00      0.00      0.00      0.00      0.00      0.00
02:45:22    eni863f1470662      0.00      0.00      0.00      0.00      0.00      0.00      0.00      0.00
02:45:22    eni637ff84c0bb      0.00      0.00      0.00      0.00      0.00      0.00      0.00      0.00
02:45:22    enic667095f2f6      0.00      0.00      0.00      0.00      0.00      0.00      0.00      0.00
02:45:22    eni7a106f4e85a      1.00      1.00      0.06      0.23      0.00      0.00      0.00      0.00
02:45:22    eni6d04481d948      4.00      3.00      0.39      0.53      0.00      0.00      0.00      0.00
02:45:22    eni95c2a9260c8      0.00      0.00      0.00      0.00      0.00      0.00      0.00      0.00
02:45:22    enic47e233eae6      0.00      0.00      0.00      0.00      0.00      0.00      0.00      0.00
02:45:22    eni0afda04f433      3.00      3.00      0.69      0.73      0.00      0.00      0.00      0.00
02:45:22    enidbf23aa60a5      0.00      0.00      0.00      0.00      0.00      0.00      0.00      0.00
02:45:22    eni18e702d09ed      4.00      4.00      0.78      0.86      0.00      0.00      0.00      0.00
02:45:22    eni57210d8fe98   1391.00   1780.00  35982.92    117.21      0.00      0.00      0.00      2.95

02:45:22        IFACE   rxpck/s   txpck/s    rxkB/s    txkB/s   rxcmp/s   txcmp/s  rxmcst/s   %ifutil
02:45:23           lo    150.00    150.00     11.44     11.44      0.00      0.00      0.00      0.00
02:45:23         ens5   1146.00   3258.00     61.66  25853.81      0.00      0.00      0.00      0.00
02:45:23    eni9c774036886      0.00      0.00      0.00      0.00      0.00      0.00      0.00      0.00
02:45:23    eni5fd491a8520      0.00      0.00      0.00      0.00      0.00      0.00      0.00      0.00
02:45:23         ens6      0.00      0.00      0.00      0.00      0.00      0.00      0.00      0.00
02:45:23    eni46def74d622      3.00      3.00      0.26      2.72      0.00      0.00      0.00      0.00
02:45:23    eni863f1470662      3.00      3.00      0.26      2.72      0.00      0.00      0.00      0.00
02:45:23    eni637ff84c0bb      0.00      0.00      0.00      0.00      0.00      0.00      0.00      0.00
02:45:23    enic667095f2f6      0.00      0.00      0.00      0.00      0.00      0.00      0.00      0.00
02:45:23    eni7a106f4e85a      5.00      5.00      0.83      0.91      0.00      0.00      0.00      0.00
02:45:23    eni6d04481d948      0.00      0.00      0.00      0.00      0.00      0.00      0.00      0.00
02:45:23    eni95c2a9260c8      0.00      0.00      0.00      0.00      0.00      0.00      0.00      0.00
02:45:23    enic47e233eae6      0.00      0.00      0.00      0.00      0.00      0.00      0.00      0.00
02:45:23    eni0afda04f433      1.00      1.00      0.06      0.06      0.00      0.00      0.00      0.00
02:45:23    enidbf23aa60a5      3.00      4.00      0.69      0.80      0.00      0.00      0.00      0.00
02:45:23    eni18e702d09ed      0.00      0.00      0.00      0.00      0.00      0.00      0.00      0.00
02:45:23    eni57210d8fe98   1025.00   1116.00  25704.15     74.26      0.00      0.00      0.00      2.11

02:45:23        IFACE   rxpck/s   txpck/s    rxkB/s    txkB/s   rxcmp/s   txcmp/s  rxmcst/s   %ifutil
02:45:24           lo    147.00    147.00     11.11     11.11      0.00      0.00      0.00      0.00
02:45:24         ens5   1451.00   3246.00     77.24  25853.08      0.00      0.00      0.00      0.00
02:45:24    eni9c774036886      0.00      0.00      0.00      0.00      0.00      0.00      0.00      0.00
02:45:24    eni5fd491a8520      0.00      0.00      0.00      0.00      0.00      0.00      0.00      0.00
02:45:24         ens6      0.00      0.00      0.00      0.00      0.00      0.00      0.00      0.00
02:45:24    eni46def74d622      1.00      1.00      0.06      0.16      0.00      0.00      0.00      0.00
02:45:24    eni863f1470662      1.00      1.00      0.06      0.16      0.00      0.00      0.00      0.00
02:45:24    eni637ff84c0bb      0.00      0.00      0.00      0.00      0.00      0.00      0.00      0.00
02:45:24    enic667095f2f6      0.00      0.00      0.00      0.00      0.00      0.00      0.00      0.00
02:45:24    eni7a106f4e85a     18.00     25.00      5.39      5.20      0.00      0.00      0.00      0.00
02:45:24    eni6d04481d948      0.00      0.00      0.00      0.00      0.00      0.00      0.00      0.00
02:45:24    eni95c2a9260c8      1.00      1.00      0.06      0.18      0.00      0.00      0.00      0.00
02:45:24    enic47e233eae6      0.00      0.00      0.00      0.00      0.00      0.00      0.00      0.00
02:45:24    eni0afda04f433      3.00      3.00      0.69      0.85      0.00      0.00      0.00      0.00
02:45:24    enidbf23aa60a5      0.00      0.00      0.00      0.00      0.00      0.00      0.00      0.00
02:45:24    eni18e702d09ed      5.00      4.00      0.88      0.83      0.00      0.00      0.00      0.00
02:45:24    eni57210d8fe98   1084.00   1411.00  25708.05     92.73      0.00      0.00      0.00      2.11

02:45:24        IFACE   rxpck/s   txpck/s    rxkB/s    txkB/s   rxcmp/s   txcmp/s  rxmcst/s   %ifutil
02:45:25           lo    161.00    161.00     12.46     12.46      0.00      0.00      0.00      0.00
02:45:25         ens5   1307.00   2878.00     74.89  22812.81      0.00      0.00      0.00      0.00
02:45:25    eni9c774036886      0.00      0.00      0.00      0.00      0.00      0.00      0.00      0.00
02:45:25    eni5fd491a8520      0.00      0.00      0.00      0.00      0.00      0.00      0.00      0.00
02:45:25         ens6      1.00      1.00      0.15      0.06      0.00      0.00      0.00      0.00
02:45:25    eni46def74d622      0.00      0.00      0.00      0.00      0.00      0.00      0.00      0.00
02:45:25    eni863f1470662      0.00      0.00      0.00      0.00      0.00      0.00      0.00      0.00
02:45:25    eni637ff84c0bb      0.00      0.00      0.00      0.00      0.00      0.00      0.00      0.00
02:45:25    enic667095f2f6      0.00      0.00      0.00      0.00      0.00      0.00      0.00      0.00
02:45:25    eni7a106f4e85a      4.00      3.00      0.76      0.75      0.00      0.00      0.00      0.00
02:45:25    eni6d04481d948      0.00      0.00      0.00      0.00      0.00      0.00      0.00      0.00
02:45:25    eni95c2a9260c8      0.00      0.00      0.00      0.00      0.00      0.00      0.00      0.00
02:45:25    enic47e233eae6      6.00      7.00      0.49      0.66      0.00      0.00      0.00      0.00
02:45:25    eni0afda04f433      2.00      4.00      0.14      0.27      0.00      0.00      0.00      0.00
02:45:25    enidbf23aa60a5      3.00      3.00      0.69      0.73      0.00      0.00      0.00      0.00
02:45:25    eni18e702d09ed      1.00      1.00      0.06      0.18      0.00      0.00      0.00      0.00
02:45:25    eni57210d8fe98   1017.00   1263.00  22685.82     84.26      0.00      0.00      0.00      1.86

02:45:25        IFACE   rxpck/s   txpck/s    rxkB/s    txkB/s   rxcmp/s   txcmp/s  rxmcst/s   %ifutil
02:45:26           lo    205.00    205.00     14.16     14.16      0.00      0.00      0.00      0.00
02:45:26         ens5   1031.00   1040.00    699.86   1035.02      0.00      0.00      0.00      0.00
02:45:26    eni9c774036886     65.00     65.00     15.22      7.41      0.00      0.00      0.00      0.00
02:45:26    eni5fd491a8520     37.00     37.00      9.47      4.15      0.00      0.00      0.00      0.00
02:45:26         ens6      0.00      0.00      0.00      0.00      0.00      0.00      0.00      0.00
02:45:26    eni46def74d622     11.00     13.00      4.44      2.60      0.00      0.00      0.00      0.00
02:45:26    eni863f1470662     10.00     12.00      4.35      2.54      0.00      0.00      0.00      0.00
02:45:26    eni637ff84c0bb      0.00      0.00      0.00      0.00      0.00      0.00      0.00      0.00
02:45:26    enic667095f2f6      0.00      0.00      0.00      0.00      0.00      0.00      0.00      0.00
02:45:26    eni7a106f4e85a      0.00      0.00      0.00      0.00      0.00      0.00      0.00      0.00
02:45:26    eni6d04481d948      4.00      3.00      0.91      0.90      0.00      0.00      0.00      0.00
02:45:26    eni95c2a9260c8      5.00      5.00      0.96      1.12      0.00      0.00      0.00      0.00
02:45:26    enic47e233eae6      0.00      0.00      0.00      0.00      0.00      0.00      0.00      0.00
02:45:26    eni0afda04f433      3.00      3.00      0.69      0.73      0.00      0.00      0.00      0.00
02:45:26    enidbf23aa60a5      0.00      0.00      0.00      0.00      0.00      0.00      0.00      0.00
02:45:26    eni18e702d09ed      7.00      6.00      1.10      1.11      0.00      0.00      0.00      0.00
02:45:26    eni57210d8fe98    448.00    746.00   1001.91    711.86      0.00      0.00      0.00      0.08

02:45:26        IFACE   rxpck/s   txpck/s    rxkB/s    txkB/s   rxcmp/s   txcmp/s  rxmcst/s   %ifutil
02:45:27           lo    168.00    168.00     12.70     12.70      0.00      0.00      0.00      0.00
02:45:27         ens5    363.00    144.00    377.28     30.79      0.00      0.00      0.00      0.00
02:45:27    eni9c774036886      0.00      0.00      0.00      0.00      0.00      0.00      0.00      0.00
02:45:27    eni5fd491a8520      0.00      0.00      0.00      0.00      0.00      0.00      0.00      0.00
02:45:27         ens6      0.00      0.00      0.00      0.00      0.00      0.00      0.00      0.00
02:45:27    eni46def74d622      2.00      2.00      0.13      0.13      0.00      0.00      0.00      0.00
02:45:27    eni863f1470662      1.00      1.00      0.06      0.06      0.00      0.00      0.00      0.00
02:45:27    eni637ff84c0bb      0.00      0.00      0.00      0.00      0.00      0.00      0.00      0.00
02:45:27    enic667095f2f6      0.00      0.00      0.00      0.00      0.00      0.00      0.00      0.00
02:45:27    eni7a106f4e85a     52.00     47.00     56.56     35.00      0.00      0.00      0.00      0.00
02:45:27    eni6d04481d948      1.00      1.00      0.06      0.22      0.00      0.00      0.00      0.00
02:45:27    eni95c2a9260c8      4.00      6.00      0.43      0.50      0.00      0.00      0.00      0.00
02:45:27    enic47e233eae6      5.00      5.00      0.42      0.44      0.00      0.00      0.00      0.00
02:45:27    eni0afda04f433      0.00      0.00      0.00      0.00      0.00      0.00      0.00      0.00
02:45:27    enidbf23aa60a5     19.00     19.00      3.47     44.30      0.00      0.00      0.00      0.00
02:45:27    eni18e702d09ed      0.00      0.00      0.00      0.00      0.00      0.00      0.00      0.00
02:45:27    eni57210d8fe98     75.00     83.00     13.88    339.78      0.00      0.00      0.00      0.03

02:45:27        IFACE   rxpck/s   txpck/s    rxkB/s    txkB/s   rxcmp/s   txcmp/s  rxmcst/s   %ifutil
02:45:28           lo    173.00    173.00     13.47     13.47      0.00      0.00      0.00      0.00
02:45:28         ens5     33.00     34.00      2.94     10.01      0.00      0.00      0.00      0.00
02:45:28    eni9c774036886      5.00      5.00      0.46      0.44      0.00      0.00      0.00      0.00
02:45:28    eni5fd491a8520      5.00      5.00      0.46      0.44      0.00      0.00      0.00      0.00
02:45:28         ens6      0.00      0.00      0.00      0.00      0.00      0.00      0.00      0.00
02:45:28    eni46def74d622      0.00      0.00      0.00      0.00      0.00      0.00      0.00      0.00
02:45:28    eni863f1470662      0.00      0.00      0.00      0.00      0.00      0.00      0.00      0.00
02:45:28    eni637ff84c0bb      0.00      0.00      0.00      0.00      0.00      0.00      0.00      0.00
02:45:28    enic667095f2f6      0.00      0.00      0.00      0.00      0.00      0.00      0.00      0.00
02:45:28    eni7a106f4e85a      1.00      1.00      0.06      0.06      0.00      0.00      0.00      0.00
02:45:28    eni6d04481d948      0.00      0.00      0.00      0.00      0.00      0.00      0.00      0.00
02:45:28    eni95c2a9260c8      0.00      0.00      0.00      0.00      0.00      0.00      0.00      0.00
02:45:28    enic47e233eae6      0.00      0.00      0.00      0.00      0.00      0.00      0.00      0.00
02:45:28    eni0afda04f433      3.00      3.00      0.69      0.73      0.00      0.00      0.00      0.00
02:45:28    enidbf23aa60a5      1.00      1.00      0.06      0.06      0.00      0.00      0.00      0.00
02:45:28    eni18e702d09ed      4.00      3.00      0.78      0.77      0.00      0.00      0.00      0.00
02:45:28    eni57210d8fe98      0.00      0.00      0.00      0.00      0.00      0.00      0.00      0.00
