procs -----------memory---------- ---swap-- -----io---- -system-- -------cpu-------
 r  b   swpd   free   buff  cache   si   so    bi    bo   in   cs us sy id wa st gu
 1  0      0 121062120 1944 136223096 0   0    91 77774 5303    0  0  0 100 0  0  0
 0  0      0 121030260 1944 136225528 0   0     0     0 4085 5486  0  0 100 0  0  0
 1  0      0 120964892 1944 136241920 0   0     0 16417 8750 14570 1  0 99  0  0  0
 0  0      0 120957364 1944 136241924 0   0     0     0 6855 2297  0  0 100 0  0  0
 0  0      0 120960744 1944 136241924 0   0     0     0 7759 4686  0  0 100 0  0  0
 0  0      0 120965160 1944 136241924 0   0     0     0 6560 2501  0  0 100 0  0  0
 0  0      0 120972264 1944 136241924 0   0     0     8 8441 2968  0  0 100 0  0  0
 0  0      0 120976552 1944 136241924 0   0     0     4 6790 1919  0  0 100 0  0  0
 0  0      0 120979252 1944 136241924 0   0     0     0 8767 3234  0  0 100 0  0  0
 0  0      0 120985352 1944 136241920 0   0     0   107 9218 5062  0  0 100 0  0  0
 1  0      0 120990240 1944 136241924 0   0     0     0 8133 3246  0  0 100 0  0  0
 0  0      0 120987640 1944 136241924 0   0     0     0 8894 3390  0  0 100 0  0  0
 0  0      0 120994088 1944 136241924 0   0     0     0 8069 4659  0  0 100 0  0  0
 0  0      0 120996248 1944 136241924 0   0     0     0 9290 2652  0  0 100 0  0  0
 0  0      0 120999184 1944 136241924 0   0     0     0 10063 8628 0  0 100 0  0  0
 0  0      0 120998768 1944 136241924 0   0     0     0 4238 2745  0  0 100 0  0  0
 1  0      0 121002080 1944 136241924 0   0     0     0 5383 2968  0  0 100 0  0  0
 1  0      0 120997672 1944 136241924 0   0     0     4 4733 2360  0  0 100 0  0  0
 1  0      0 120999296 1944 136241924 0   0     0     0 5767 3031  0  0 100 0  0  0
 0  0      0 121001192 1944 136241924 0   0     0     0 6454 5439  0  0 100 0  0  0
 1  0      0 121001288 1944 136241932 0   0     0     0 6538 3898  0  0 100 0  0  0
procs -----------memory---------- ---swap-- -----io---- -system-- -------cpu-------
 r  b   swpd   free   buff  cache   si   so    bi    bo   in   cs us sy id wa st gu
 0  0      0 120999724 1944 136241936 0   0     0     0 5651 3027  0  0 100 0  0  0
 0  0      0 121003696 1944 136241944 0   0     0     0 4466 4156  0  0 100 0  0  0
 0  0      0 121004708 1944 136241944 0   0     0     0 2028 2246  0  0 100 0  0  0
 0  0      0 121008716 1944 136241944 0   0     0     0 2989 5943  0  0 100 0  0  0
 0  0      0 121008636 1944 136241944 0   0     0  2112 2191 2815  0  0 100 0  0  0
 0  0      0 121010120 1944 136241944 0   0     0     0 2067 2352  0  0 100 0  0  0
 1  0      0 121010360 1944 136241944 0   0     0     4 2754 2217  0  0 100 0  0  0
 0  0      0 121011212 1944 136241944 0   0     0     0 5265 3474  1  0 99  0  0  0
 1  0      0 121006136 1944 136241944 0   0     0     4 6636 9299  0  0 100 0  0  0
 0  0      0 121004112 1944 136241944 0   0     0     0 5525 3320  0  0 100 0  0  0
 1  0      0 121006072 1944 136241984 0   0     0     0 5949 4011  0  0 100 0  0  0
 0  0      0 121002616 1944 136241984 0   0     0     0 6156 4991  0  0 100 0  0  0
 0  0      0 121006872 1944 136241984 0   0     0     0 4312 2143  0  0 100 0  0  0
 0  0      0 121006604 1944 136241984 0   0     0    88 5565 4106  0  0 100 0  0  0
 0  0      0 121009288 1944 136241984 0   0     0     0 5404 2284  0  0 100 0  0  0
 0  0      0 121007500 1944 136241984 0   0     0     0 5672 2611  0  0 100 0  0  0
 1  0      0 121008344 1944 136241984 0   0     0     0 4514 2173  0  0 100 0  0  0
 0  0      0 121009900 1944 136241984 0   0     0     0 5663 2847  0  0 100 0  0  0
 0  0      0 121013552 1944 136241984 0   0     0   127 6922 5535  0  0 100 0  0  0
 0  0      0 121013744 1944 136241992 0   0     0     0 5907 3191  0  0 100 0  0  0
 0  0      0 121005684 1944 136241992 0   0     0     0 6379 3665  0  0 100 0  0  0
procs -----------memory---------- ---swap-- -----io---- -system-- -------cpu-------
 r  b   swpd   free   buff  cache   si   so    bi    bo   in   cs us sy id wa st gu
 0  0      0 121008128 1944 136242000 0   0     0     4 6347 4343  0  0 100 0  0  0
 0  0      0 121012876 1944 136242000 0   0     0     0 5784 2078  0  0 100 0  0  0
 0  0      0 121015112 1944 136242000 0   0     0     0 6590 8679  0  0 100 0  0  0
 0  0      0 121015560 1944 136242000 0   0     0     0 4744 2720  0  0 100 0  0  0
 1  0      0 121017492 1944 136242000 0   0     0     0 4212 2760  0  0 100 0  0  0
 0  0      0 121018316 1944 136242000 0   0     0     0 3763 2187  0  0 100 0  0  0
 1  0      0 121019424 1944 136242000 0   0     0     0 5278 3726  0  0 100 0  0  0
 1  0      0 121012860 1944 136242000 0   0     0     0 5504 5112  0  0 100 0  0  0
 1  0      0 121014340 1944 136242000 0   0     0     0 4892 3780  0  0 100 0  0  0
 0  0      0 121015044 1944 136242000 0   0     0     0 7145 3370  0  0 100 0  0  0
 2  0      0 121007580 1944 136242000 0   0     0     4 8442 4033  0  0 100 0  0  0
 2  0      0 121005844 1944 136242000 0   0     0     0 6837 2107  0  0 100 0  0  0
 5  0      0 121008656 1944 136242000 0   0     0     0 8467 5178  0  0 100 0  0  0
 0  0      0 121008908 1944 136242000 0   0     0   124 7774 2216  0  0 100 0  0  0
 0  0      0 121007340 1944 136242000 0   0     0     0 8580 2602  0  0 100 0  0  0
 0  0      0 121010900 1944 136242000 0   0     0     0 7559 2058  0  0 100 0  0  0
 0  0      0 121009452 1944 136242000 0   0     0     0 6337 3226  0  0 100 0  0  0
 0  0      0 121015688 1944 136242000 0   0     0     0 11945 10480 1 0 99  0  0  0
 1  0      0 121010840 1944 136242000 0   0     0     0 9138 4124  0  0 100 0  0  0
 1  0      0 121009620 1944 136242000 0   0     0     0 7896 3400  0  0 100 0  0  0
 1  0      0 121009336 1944 136242000 0   0     0     0 7633 4045  0  0 100 0  0  0
procs -----------memory---------- ---swap-- -----io---- -system-- -------cpu-------
 r  b   swpd   free   buff  cache   si   so    bi    bo   in   cs us sy id wa st gu
 0  0      0 121011164 1944 136242000 0   0     0     4 8431 2086  0  0 100 0  0  0
 0  0      0 121011044 1944 136242000 0   0     0     0 8675 4508  0  0 100 0  0  0
 1  0      0 121013476 1944 136242000 0   0     0     0 6180 2483  0  0 100 0  0  0
 0  0      0 121013828 1944 136242000 0   0     0     0 6776 2039  0  0 100 0  0  0
 1  0      0 121011816 1944 136242000 0   0     0    12 5870 2048  0  0 100 0  0  0
 1  0      0 121014300 1944 136242000 0   0     0     0 6427 3403  0  0 100 0  0  0
 0  0      0 121017588 1944 136242000 0   0     0     5 8811 5360  1  0 99  0  0  0
 1  0      0 121017868 1944 136242008 0   0     0     0 5901 3258  0  0 100 0  0  0
 1  0      0 121006728 1944 136242008 0   0     0     0 7140 3998  0  0 100 0  0  0
 1  0      0 121012480 1944 136242008 0   0     0     0 7011 4777  0  0 100 0  0  0
 1  0      0 121011228 1944 136242008 0   0     0     4 5570 2253  0  0 100 0  0  0
 1  0      0 121008844 1944 136242008 0   0     0     0 6991 8645  0  0 100 0  0  0
 0  0      0 121014304 1944 136242008 0   0     0     0 6444 2660  0  0 100 0  0  0
 1  0      0 121019004 1944 136242008 0   0     0     0 6160 2606  0  0 100 0  0  0
 1  0      0 121020488 1944 136242008 0   0     0     0 5777 2405  0  0 100 0  0  0
 1  0      0 121020848 1944 136242008 0   0     0     0 6412 3521  0  0 100 0  0  0
 1  0      0 121021112 1944 136242008 0   0     0     0 7736 5451  0  0 100 0  0  0
 1  0      0 121022072 1944 136242008 0   0     0     0 6761 4189  0  0 100 0  0  0
 0  0      0 121012632 1944 136242008 0   0     0     0 7140 3055  0  0 100 0  0  0
 1  0      0 121017060 1944 136242008 0   0     0     0 6764 4033  0  0 100 0  0  0
 1  0      0 121022108 1944 136242008 0   0     0    20 4656 2524  0  0 100 0  0  0
procs -----------memory---------- ---swap-- -----io---- -system-- -------cpu-------
 r  b   swpd   free   buff  cache   si   so    bi    bo   in   cs us sy id wa st gu
 2  0      0 121017356 1944 136242008 0   0     0     0 4740 5577  0  0 100 0  0  0
 1  0      0 121022664 1944 136242008 0   0     0   164 4329 2642  0  0 100 0  0  0
 1  0      0 121022128 1944 136242008 0   0     0     0 4659 2784  0  0 100 0  0  0
 1  0      0 121025152 1944 136242008 0   0     0     0 4321 2282  0  0 100 0  0  0
 1  0      0 121025216 1944 136242008 0   0     0     0 4921 4156  0  0 100 0  0  0
 1  0      0 121019920 1944 136242012 0   0     0     0 6526 10047 0  0 100 0  0  0
 2  0      0 121020224 1944 136242008 0   0     0     4 5380 3442  0  0 100 0  0  0
 2  0      0 121020224 1944 136242048 0   0     0     0 6119 4458  0  0 100 0  0  0
 1  0      0 121019668 1944 136242048 0   0     0     0 5574 4237  0  0 100 0  0  0
 2  0      0 121016820 1944 136242048 0   0     0     4 3908 1957  0  0 100 0  0  0
 2  0      0 121020504 1944 136242048 0   0     0     0 5894 4273  0  0 100 0  0  0
 3  0      0 121022372 1944 136242048 0   0     0     0 3733 2344  0  0 100 0  0  0
 2  0      0 121018480 1944 136242048 0   0     0     0 4065 2664  0  0 100 0  0  0
 2  0      0 121016792 1944 136242048 0   0     0     0 4191 1810  0  0 100 0  0  0
 2  0      0 121018852 1944 136242048 0   0     0     0 4241 3253  0  0 100 0  0  0
 1  0      0 121018092 1944 136242052 0   0     0    14 5541 4928  0  0 100 0  0  0
 2  0      0 121020840 1944 136242048 0   0     0     0 5287 3588  0  0 100 0  0  0
 4  0      0 121018112 1944 136242048 0   0     0     0 5140 3157  0  0 100 0  0  0
 1  0      0 121012632 1944 136242048 0   0     0     0 6017 4478  0  0 100 0  0  0
 2  0      0 121013480 1944 136242048 0   0     0     0 5135 2092  0  0 100 0  0  0
 1  0      0 121011052 1944 136242048 0   0     0    48 5380 8802  0  0 100 0  0  0
procs -----------memory---------- ---swap-- -----io---- -system-- -------cpu-------
 r  b   swpd   free   buff  cache   si   so    bi    bo   in   cs us sy id wa st gu
 2  0      0 121012124 1944 136242048 0   0     0     0 4499 2467  0  0 100 0  0  0
 1  0      0 121015288 1944 136242052 0   0     0     0 4752 2125  0  0 100 0  0  0
 2  0      0 121016916 1944 136242052 0   0     0     0 4848 2378  0  0 100 0  0  0
 2  0      0 121017624 1944 136242052 0   0     0     0 4918 3384  0  0 100 0  0  0
 1  0      0 121021812 1944 136242052 0   0     0     0 6691 5431  0  0 100 0  0  0
 1  0      0 121021432 1944 136242052 0   0     0     4 6231 4996  0  0 99  0  0  0
 1  0      0 121009888 1944 136242052 0   0     0     0 5941 3077  0  0 100 0  0  0
 1  0      0 121011612 1944 136242052 0   0     0     0 5362 4329  0  0 100 0  0  0
 2  0      0 121010920 1944 136242052 0   0     0     0 4374 2582  0  0 100 0  0  0
 1  0      0 121015820 1944 136242052 0   0     0     0 5562 5213  0  0 100 0  0  0
 2  0      0 121014888 1944 136242052 0   0     0   184 4474 2236  0  0 100 0  0  0
 1  0      0 121013504 1944 136242052 0   0     0     0 4894 2446  0  0 100 0  0  0
 1  0      0 121013624 1944 136242052 0   0     0     0 4172 2357  0  0 100 0  0  0
 1  0      0 121013764 1944 136242052 0   0     0     0 5648 3900  0  0 100 0  0  0
 1  0      0 121015868 1944 136242052 0   0     0     0 6517 9878  0  0 100 0  0  0
 2  0      0 121015180 1944 136242052 0   0     0     0 5684 4473  0  0 100 0  0  0
 2  0      0 121012780 1944 136242052 0   0     0     0 4600 3270  0  0 100 0  0  0
 2  0      0 121007776 1944 136242052 0   0     0     0 5366 3958  0  0 100 0  0  0
 1  0      0 121010024 1944 136242052 0   0     0     0 6677 2385  0  0 100 0  0  0
 1  0      0 121010716 1944 136242052 0   0     0     0 8115 4593  0  0 100 0  0  0
 1  0      0 121010224 1944 136242052 0   0     0     4 8320 2557  0  0 100 0  0  0
procs -----------memory---------- ---swap-- -----io---- -system-- -------cpu-------
 r  b   swpd   free   buff  cache   si   so    bi    bo   in   cs us sy id wa st gu
 3  0      0 121010676 1944 136242052 0   0     0     0 6427 1988  0  0 100 0  0  0
 2  0      0 121010308 1944 136242052 0   0     0     0 7387 1917  0  0 100 0  0  0
 2  0      0 121008976 1944 136242052 0   0     0     0 6452 3128  0  0 100 0  0  0
 2  0      0 121012216 1944 136242052 0   0     0     0 8591 5346  0  0 100 0  0  0
 2  0      0 121011072 1944 136242044 0   0     0     0 6942 3074  0  0 100 0  0  0
 2  0      0 121003232 1944 136242044 0   0     0    12 6967 3930  0  0 99  0  0  0
 3  0      0 120996104 1944 136242044 0   0     0     0 8469 4565  0  0 100 0  0  0
 2  0      0 121001076 1944 136242044 0   0     0     4 7482 2393  0  0 100 0  0  0
 1  0      0 120998128 1944 136242044 0   0     0     0 7608 8452  0  0 100 0  0  0
 1  0      0 121001512 1944 136242044 0   0     0     0 6121 2347  0  0 100 0  0  0
 3  0      0 121002292 1944 136242044 0   0     0     4 5177 2334  0  0 100 0  0  0
 1  0      0 121002704 1944 136242044 0   0     0     0 4738 2444  0  0 100 0  0  0
 2  0      0 121004204 1944 136242044 0   0     0     0 7318 3553  0  0 100 0  0  0
 2  0      0 121004640 1944 136242044 0   0     0     4 8280 5756  0  0 100 0  0  0
 1  0      0 121005656 1944 136242044 0   0     0     0 7565 4454  0  0 100 0  0  0
 3  0      0 121003152 1944 136242044 0   0     0     0 9519 3261  0  0 100 0  0  0
 3  0      0 121007176 1944 136242044 0   0     0     0 9045 3989  0  0 100 0  0  0
 1  0      0 121012548 1944 136242044 0   0     0     0 5804 2455  0  0 100 0  0  0
 1  0      0 121015244 1944 136242044 0   0     0     0 6121 5605  0  0 99  0  0  0
 0  0      0 121015828 1944 136242044 0   0     0    16 5930 2734  0  0 100 0  0  0
 1  0      0 121016460 1944 136242044 0   0     0     0 4879 2523  0  0 100 0  0  0
procs -----------memory---------- ---swap-- -----io---- -system-- -------cpu-------
 r  b   swpd   free   buff  cache   si   so    bi    bo   in   cs us sy id wa st gu
 0  0      0 121013832 1944 136242044 0   0     0     0 6731 2153  0  0 100 0  0  0
 1  0      0 121013996 1944 136242044 0   0     0     4 7683 3492  0  0 100 0  0  0
 1  0      0 121022164 1944 136242044 0   0     0     0 9233 9458  0  0 100 0  0  0
 0  0      0 121022984 1944 136242044 0   0     0     0 7318 3353  0  0 100 0  0  0
 0  0      0 121019036 1944 136242084 0   0     0     0 7832 3823  0  0 100 0  0  0
 0  0      0 121019080 1944 136242084 0   0     0     0 5912 4230  0  0 100 0  0  0
 1  0      0 121021732 1944 136242084 0   0     0     0 4254 2688  0  0 100 0  0  0
 0  0      0 121018772 1944 136242084 0   0     0     0 5604 4211  0  0 100 0  0  0
 0  0      0 121019852 1944 136242084 0   0     0     0 4509 2697  0  0 100 0  0  0
 0  0      0 121019192 1944 136242084 0   0     0     0 4157 2312  0  0 100 0  0  0
 1  0      0 121021020 1944 136242084 0   0     0     0 4991 2229  0  0 100 0  0  0
 1  0      0 121019068 1944 136242084 0   0     0     0 4559 3493  0  0 100 0  0  0
 0  0      0 121020904 1944 136242076 0   0     0     0 6532 5222  0  0 100 0  0  0
 0  0      0 121020340 1944 136242084 0   0     0     4 5181 3328  0  0 100 0  0  0
 0  0      0 121025604 1944 136242084 0   0     0     0 6235 3600  0  0 100 0  0  0
 0  0      0 121016944 1944 136242084 0   0     0     0 5733 4258  0  0 100 0  0  0
 1  0      0 121017104 1944 136242084 0   0     0     0 4282 2012  0  0 100 0  0  0
 1  0      0 121015308 1944 136242084 0   0     0    12 6857 9166  0  0 100 0  0  0
 1  0      0 121018048 1944 136242084 0   0     0     0 5341 2358  0  0 100 0  0  0
 0  0      0 121018668 1944 136242084 0   0     0     0 4436 2190  0  0 100 0  0  0
 0  0      0 121022880 1944 136242084 0   0     0     0 3848 2535  0  0 100 0  0  0
procs -----------memory---------- ---swap-- -----io---- -system-- -------cpu-------
 r  b   swpd   free   buff  cache   si   so    bi    bo   in   cs us sy id wa st gu
 1  0      0 121022288 1944 136242084 0   0     0     0 4850 3394  0  0 100 0  0  0
 0  0      0 121022720 1944 136242084 0   0     0     0 6248 5375  0  0 100 0  0  0
 0  0      0 121022392 1944 136242084 0   0     0     0 5518 4515  0  0 100 0  0  0
 0  0      0 121014104 1944 136242084 0   0     0     0 4420 2965  0  0 100 0  0  0
 0  0      0 121010956 1944 136242084 0   0     0     4 5413 4024  0  0 100 0  0  0
 0  0      0 121014856 1944 136242084 0   0     0     0 4575 2391  0  0 100 0  0  0
 1  0      0 121020076 1944 136242084 0   0     0    44 5044 5063  0  0 100 0  0  0
 1  0      0 121021228 1944 136242084 0   0     0   132 4723 2337  0  0 100 0  0  0
 1  0      0 121019668 1944 136242084 0   0     0     0 4178 2516  0  0 100 0  0  0
 1  0      0 121013852 1944 136242084 0   0     0     0 4095 2170  0  0 100 0  0  0
 0  0      0 121017528 1944 136242084 0   0     0     0 5292 3651  0  0 100 0  0  0
 0  0      0 121015384 1944 136242080 0   0     0     0 6715 9770  0  0 100 0  0  0
 0  0      0 121016896 1944 136242084 0   0     0     0 5066 4464  0  0 100 0  0  0
 0  0      0 121012164 1944 136242084 0   0     0     0 6611 3380  0  0 100 0  0  0
 0  0      0 121011580 1944 136242084 0   0     0     4 8062 4147  0  0 100 0  0  0
 1  0      0 121013188 1944 136242084 0   0     0     0 5733 2081  0  0 100 0  0  0
 1  0      0 121019380 1944 136242084 0   0     0     0 5877 4414  0  0 100 0  0  0
 0  0      0 121020112 1944 136242084 0   0     0     0 3947 2409  0  0 100 0  0  0
 1  0      0 121020652 1944 136242084 0   0     0     0 4178 2279  0  0 100 0  0  0
 1  0      0 121024396 1944 136242084 0   0     0     0 5722 1697  0  0 100 0  0  0
 0  0      0 121023960 1944 136242084 0   0     0     0 5594 8974  0  0 100 0  0  0
procs -----------memory---------- ---swap-- -----io---- -system-- -------cpu-------
 r  b   swpd   free   buff  cache   si   so    bi    bo   in   cs us sy id wa st gu
 0  0      0 121021492 1944 136242084 0   0     0     0 4015 5420  0  0 99  0  0  0
 1  0      0 121020564 1944 136242084 0   0     0     0 4795 3393  1  0 99  0  0  0
 0  0      0 121016000 1944 136242084 0   0     0     0 4660 3154  0  0 99  0  0  0
 0  0      0 121008588 1944 136242084 0   0     0     0 5646 4867  1  0 99  0  0  0
 1  0      0 121014016 1944 136242084 0   0     0     4 3208 1859  1  0 99  0  0  0
 0  0      0 121017920 1944 136242084 0   0     0     4 5203 8789  0  0 100 0  0  0
 0  0      0 121018388 1944 136242084 0   0     0     0 5010 2537  1  0 99  0  0  0
 1  0      0 121016148 1944 136242084 0   0     0    12 7131 2550  1  0 99  0  0  0
 1  0      0 121017400 1944 136242084 0   0     0     0 6415 2330  0  0 99  0  0  0
 1  0      0 121022068 1944 136242084 0   0     0     0 8474 2975  1  0 99  0  0  0
 1  0      0 121022024 1944 136242084 0   0     0     0 7028 5059  0  0 99  0  0  0
 1  0      0 121022260 1944 136242084 0   0     0    20 8136 4372  1  0 99  0  0  0
 1  0      0 121014684 1944 136242084 0   0     0     0 8146 2880  1  0 99  0  0  0
 1  0      0 121010524 1944 136242084 0   0     0     0 6350 4058  1  0 99  0  0  0
 1  0      0 121014092 1944 136242084 0   0     0     0 7179 2158  1  0 99  0  0  0
 1  0      0 121016328 1944 136242084 0   0     0     0 5228 5364  0  0 99  0  0  0
 1  0      0 121015460 1944 136242084 0   0     0    64 4966 2368  1  0 99  0  0  0
 0  0      0 121019316 1944 136242084 0   0     0     0 5292 2399  1  0 99  0  0  0
 1  0      0 121019912 1944 136242084 0   0     0     4 4535 2201  1  0 99  0  0  0
 1  0      0 121023348 1944 136242084 0   0     0     0 6588 4081  1  0 99  0  0  0
 1  0      0 121021916 1944 136242080 0   0     0     4 6640 9468  0  0 99  0  0  0
procs -----------memory---------- ---swap-- -----io---- -system-- -------cpu-------
 r  b   swpd   free   buff  cache   si   so    bi    bo   in   cs us sy id wa st gu
 1  0      0 121023520 1944 136242084 0   0     0     0 5806 3782  1  0 99  0  0  0
 1  0      0 121021076 1944 136242124 0   0     0     0 6382 3859  1  0 99  0  0  0
 1  0      0 121005684 1944 136242124 0   0     0     0 7273 4352  1  0 99  0  0  0
 1  0      0 121005856 1944 136242124 0   0     0     0 6434 1985  1  0 99  0  0  0
 1  0      0 121010812 1944 136242124 0   0     0     4 5403 3989  0  0 99  0  0  0
 1  0      0 121010408 1944 136242124 0   0     0     0 6886 2483  1  0 99  0  0  0
 2  0      0 121010780 1944 136242124 0   0     0     0 6361 2607  1  0 99  0  0  0
 1  0      0 121011160 1944 136242124 0   0     0     0 6551 1964  1  0 99  0  0  0
 1  0      0 121010800 1944 136242124 0   0     0     0 6850 2706  1  0 99  0  0  0
 1  0      0 121010628 1944 136242124 0   0     0     0 6160 4596  1  0 99  0  0  0
 1  0      0 121010412 1944 136242124 0   0     0     0 8479 3602  1  0 99  0  0  0
 1  0      0 121012104 1944 136242124 0   0     0     0 5973 3460  1  0 99  0  0  0
 1  0      0 121010744 1944 136242124 0   0     0     4 8770 4322  1  0 99  0  0  0
 0  0      0 121010744 1944 136242124 0   0     0     0 5863 2035  1  0 99  0  0  0
 1  0      0 121008800 1944 136242156 0   0     0     0 7647 8862  1  0 99  0  0  0
 1  0      0 121011396 1944 136242156 0   0     0     0 7566 2540  1  0 99  0  0  0
 0  0      0 121012104 1944 136242156 0   0     0     0 1836 2041  0  0 100 0  0  0
 1  0      0 121013136 1944 136242156 0   0     0     0 3687 2560  0  0 100 0  0  0
 1  0      0 121015988 1944 136242156 0   0     0     0 5248 3722  1  0 99  0  0  0
 0  0      0 121017760 1944 136242160 0   0     0    32 5013 5559  0  0 99  0  0  0
 1  0      0 121010524 1944 136242156 0   0     0     0 5129 4203  1  0 99  0  0  0
procs -----------memory---------- ---swap-- -----io---- -system-- -------cpu-------
 r  b   swpd   free   buff  cache   si   so    bi    bo   in   cs us sy id wa st gu
 1  0      0 121001272 1944 136242160 0   0     0     0 4666 3072  1  0 99  0  0  0
 1  0      0 121001356 1944 136242160 0   0     0     0 6073 4348  1  0 99  0  0  0
 1  0      0 121006696 1944 136242160 0   0     0     0 7304 2349  1  0 99  0  0  0
 1  0      0 121007188 1944 136242160 0   0     0     0 6015 4964  1  0 99  0  0  0
 1  0      0 121007820 1944 136242160 0   0     0    20 6722 2398  1  0 99  0  0  0
 0  0      0 121008504 1944 136242160 0   0     0     0 5593 2394  1  0 99  0  0  0
 1  0      0 121009540 1944 136242160 0   0     0     0 5114 2357  1  0 99  0  0  0
 1  0      0 121008460 1944 136242160 0   0     0     0 7127 3158  1  0 99  0  0  0
 1  0      0 120995640 1944 136242160 0   0     0     0 7827 10126 1  0 99  0  0  0
 1  0      0 120999368 1944 136242160 0   0     0     0 7671 4080  1  0 99  0  0  0
 1  0      0 120993976 1944 136242160 0   0     0    44 7291 3725  1  0 99  0  0  0
 2  0      0 120999512 1944 136242160 0   0     0     4 4125 4221  0  0 99  0  0  0
 1  0      0 121000816 1944 136242160 0   0     0     0 3865 2195  1  0 99  0  0  0
 1  0      0 121012940 1944 136242160 0   0     0     0 4112 4247  0  0 100 0  0  0
 1  0      0 121000768 1944 136242160 0   0     0     0 3830 2304  1  0 99  0  0  0
 1  0      0 121002652 1944 136242160 0   0     0     0 3505 1938  1  0 99  0  0  0
 0  0      0 121005820 1944 136242160 0   0     0    20 3251 2153  0  0 99  0  0  0
 1  0      0 121009088 1944 136242164 0   0     0     0 5113 3370  1  0 99  0  0  0
 1  0      0 121007304 1944 136242164 0   0     0     0 5726 5767  1  0 99  0  0  0
 1  0      0 121005520 1944 136242164 0   0     0     0 4231 3214  1  0 99  0  0  0
 1  0      0 121000412 1944 136242164 0   0     0     0 5250 3953  1  0 99  0  0  0
procs -----------memory---------- ---swap-- -----io---- -system-- -------cpu-------
 r  b   swpd   free   buff  cache   si   so    bi    bo   in   cs us sy id wa st gu
 1  0      0 120995964 1944 136242164 0   0     0     0 5192 4436  1  0 99  0  0  0
 1  0      0 120996924 1944 136242164 0   0     0     0 3973 2191  1  0 99  0  0  0
 1  0      0 120997640 1944 136242164 0   0     0     0 4913 8810  1  0 99  0  0  0
 1  0      0 120997384 1944 136242164 0   0     0     4 4096 2487  1  0 99  0  0  0
 0  0      0 120999292 1944 136242164 0   0     0     0 4544 2633  1  0 99  0  0  0
 1  0      0 120997760 1944 136242164 0   0     0     0 3277 2248  1  0 99  0  0  0
 0  0      0 121000928 1944 136242164 0   0     0     0 4763 3721  1  0 99  0  0  0
 1  0      0 120998488 1944 136242164 0   0     0     0 4928 5313  1  0 99  0  0  0
 1  0      0 121008652 1944 136242164 0   0     0     0 5443 4285  1  0 99  0  0  0
 0  0      0 121002388 1944 136242164 0   0     0    20 5658 2965  0  0 99  0  0  0
 1  0      0 121002368 1944 136242172 0   0     0     4 4474 4044  0  0 100 0  0  0
 0  0      0 121003328 1944 136242172 0   0     0     0 5564 2268  1  0 99  0  0  0
 1  0      0 121005868 1944 136242172 0   0     0     0 6799 6155  1  0 99  0  0  0
 1  0      0 121003552 1944 136242172 0   0     0    16 4588 2460  0  0 100 0  0  0
 1  0      0 121005880 1944 136242172 0   0     0     0 6577 2226  1  0 99  0  0  0
 0  0      0 121014472 1944 136242172 0   0     0     4 6152 2292  1  0 99  0  0  0
 1  0      0 121016092 1944 136242172 0   0     0     0 4299 3587  0  0 100 0  0  0
 1  0      0 121013908 1944 136242176 0   0     0     0 10042 10091 1 0 99  0  0  0
 0  0      0 121016292 1944 136242172 0   0     0     0 3984 3559  1  0 99  0  0  0
 0  0      0 121013480 1944 136242212 0   0     0     0 4334 4001  1  0 99  0  0  0
 1  0      0 121010288 1944 136242212 0   0     0     0 5648 4410  1  0 99  0  0  0
procs -----------memory---------- ---swap-- -----io---- -system-- -------cpu-------
 r  b   swpd   free   buff  cache   si   so    bi    bo   in   cs us sy id wa st gu
 0  0      0 121013392 1944 136242212 0   0     0     4 2732 2472  0  0 100 0  0  0
 1  0      0 121015984 1944 136242212 0   0     0    44 4368 4226  1  0 99  0  0  0
 1  0      0 121018708 1944 136242212 0   0     0     0 4042 2323  1  0 99  0  0  0
 1  0      0 121016408 1944 136242212 0   0     0     0 4760 2680  0  0 99  0  0  0
 1  0      0 121017532 1944 136242212 0   0     0     0 5675 1729  1  0 99  0  0  0
 0  0      0 121018152 1944 136242212 0   0     0     0 5505 3075  1  0 99  0  0  0
 1  0      0 121018556 1944 136242212 0   0     0     4 7155 4707  1  0 99  0  0  0
 1  0      0 121019452 1944 136242212 0   0     0     0 6669 3358  1  0 99  0  0  0
 1  0      0 121009384 1944 136242212 0   0     0     0 6257 4019  0  0 99  0  0  0
 1  0      0 121015776 1944 136242212 0   0     0     0 7164 3952  1  0 99  0  0  0
 1  0      0 121015644 1944 136242212 0   0     0     0 5311 2026  1  0 99  0  0  0
 1  0      0 121016140 1944 136242212 0   0     0     0 7444 8981  1  0 99  0  0  0
 1  0      0 121015736 1944 136242212 0   0     0     0 6498 2388  1  0 99  0  0  0
 1  0      0 121018272 1944 136242212 0   0     0    20 5064 2357  0  0 99  0  0  0
 1  0      0 121017440 1944 136242212 0   0     0     0 6808 2643  1  0 99  0  0  0
 0  0      0 121022764 1944 136242212 0   0     0     0 6797 3977  1  0 99  0  0  0
 1  0      0 121024948 1944 136242200 0   0     0     0 6709 4812  1  0 99  0  0  0
 1  0      0 121024168 1944 136242204 0   0     0     0 7506 3869  1  0 99  0  0  0
 1  0      0 121016392 1944 136242204 0   0     0     0 5301 3247  0  0 99  0  0  0
 1  0      0 121021276 1944 136242204 0   0     0     0 7183 4260  1  0 99  0  0  0
 0  0      0 121027528 1944 136242204 0   0     0     0 4487 2045  0  0 99  0  0  0
procs -----------memory---------- ---swap-- -----io---- -system-- -------cpu-------
 r  b   swpd   free   buff  cache   si   so    bi    bo   in   cs us sy id wa st gu
 1  0      0 121028104 1944 136242204 0   0     0    16 5895 5157  1  0 99  0  0  0
 1  0      0 121027672 1944 136242204 0   0     0    72 5939 2176  1  0 99  0  0  0
 1  0      0 121029236 1944 136242204 0   0     0    40 4390 2813  0  0 99  0  0  0
 1  0      0 121028948 1944 136242204 0   0     0     0 6026 2162  1  0 99  0  0  0
 1  0      0 121028624 1944 136242204 0   0     0     0 5133 3097  1  0 99  0  0  0
 1  0      0 121033300 1944 136242204 0   0     0     0 7416 9333  1  0 99  0  0  0
 0  0      0 121033460 1944 136242204 0   0     0     0 5809 3697  1  0 99  0  0  0
 0  0      0 121028844 1944 136242204 0   0     0     4 2872 3297  0  0 100 0  0  0
 0  0      0 121016736 1944 136242204 0   0     0 16384 4907 7127  0  0 100 0  0  0
 1  0      0 121017572 1944 136242204 0   0     0     0 2397 2038  0  0 100 0  0  0
 1  0      0 121019212 1944 136242204 0   0     0     0 5763 4564  1  0 99  0  0  0
 1  0      0 121019112 1944 136242204 0   0     0     0 4862 2433  0  0 99  0  0  0
 1  0      0 121020748 1944 136242204 0   0     0     0 5472 2225  1  0 99  0  0  0
 1  0      0 121021256 1944 136242204 0   0     0     0 3452 2139  1  0 99  0  0  0
 1  0      0 121022036 1944 136242204 0   0     0     0 5313 3757  1  0 99  0  0  0
 1  0      0 121026508 1944 136242208 0   0     0    51 4658 4802  1  0 99  0  0  0
 1  0      0 121025764 1944 136242204 0   0     0     0 4013 3364  1  0 99  0  0  0
 2  0      0 121023436 1944 136242204 0   0     0     4 5184 3611  1  0 99  0  0  0
 1  0      0 121019512 1944 136242204 0   0     0     0 5070 4231  1  0 99  0  0  0
 1  0      0 121024348 1944 136242204 0   0     0     0 3439 1962  1  0 99  0  0  0
 1  0      0 121024816 1944 136242204 0   0     0     0 5070 8618  1  0 99  0  0  0
procs -----------memory---------- ---swap-- -----io---- -system-- -------cpu-------
 r  b   swpd   free   buff  cache   si   so    bi    bo   in   cs us sy id wa st gu
 1  0      0 121025688 1944 136242204 0   0     0     0 3336 2593  0  0 99  0  0  0
 1  0      0 121026068 1944 136242204 0   0     0     0 4335 2538  1  0 99  0  0  0
 1  0      0 121027348 1944 136242204 0   0     0     0 3573 2216  1  0 99  0  0  0
 1  0      0 121027384 1944 136242204 0   0     0     4 4703 3015  1  0 99  0  0  0
 0  0      0 121028236 1944 136242204 0   0     0     0 4784 4885  1  0 99  0  0  0
 1  0      0 121029140 1944 136242204 0   0     0     0 4606 4280  1  0 99  0  0  0
 1  0      0 121026040 1944 136242204 0   0     0     0 5547 3594  1  0 99  0  0  0
 1  0      0 121025752 1944 136242204 0   0     0     0 4646 4219  0  0 99  0  0  0
 1  0      0 121025416 1944 136242204 0   0     0     0 4181 2477  1  0 99  0  0  0
 1  0      0 121027032 1944 136242204 0   0     0     0 6032 5343  1  0 99  0  0  0
 1  0      0 121027996 1944 136242204 0   0     0   176 7146 2359  1  0 99  0  0  0
 0  0      0 121030836 1944 136242204 0   0     0   824 7813 2170  1  0 99  0  0  0
 1  0      0 121028728 1944 136242204 0   0     0     0 5913 2414  1  0 99  0  0  0
 1  0      0 121030444 1944 136242204 0   0     0     0 7345 4420  1  0 99  0  0  0
 1  0      0 121033236 1944 136242208 0   0     0     0 6844 9547  0  0 99  0  0  0
 1  0      0 121040272 1944 136242204 0   0     0     0 6915 3963  1  0 99  0  0  0
 0  0      0 121036128 1944 136242240 0   0     0     0 6397 4008  1  0 99  0  0  0
 0  0      0 121024524 1944 136242228 0   0     0     8 6235 4651  1  0 99  0  0  0
 1  0      0 121034976 1944 136242228 0   0     0     0 6173 2064  1  0 99  0  0  0
 2  0      0 121034112 1944 136242228 0   0     0     0 4535 4069  0  0 100 0  0  0
 1  0      0 121036028 1944 136242228 0   0     0     0 6668 2409  1  0 99  0  0  0
procs -----------memory---------- ---swap-- -----io---- -system-- -------cpu-------
 r  b   swpd   free   buff  cache   si   so    bi    bo   in   cs us sy id wa st gu
 0  0      0 121036580 1944 136242228 0   0     0     0 4856 2603  1  0 99  0  0  0
 1  0      0 121033780 1944 136242228 0   0     0     0 4775 1842  1  0 99  0  0  0
 1  0      0 121037260 1944 136242228 0   0     0     0 6586 3238  1  0 99  0  0  0
 1  0      0 121031912 1944 136242228 0   0     0     6 5298 4855  0  0 99  0  0  0
 1  0      0 121034984 1944 136242228 0   0     0     0 7602 3390  1  0 99  0  0  0
 1  0      0 121038348 1944 136242228 0   0     0     0 5544 3774  1  0 99  0  0  0
 1  0      0 121040580 1944 136242228 0   0     0     0 7651 3692  1  0 99  0  0  0
 0  0      0 121040344 1944 136242228 0   0     0     0 6138 2301  1  0 99  0  0  0
 1  0      0 121037632 1944 136242228 0   0     0    44 6641 8709  1  0 99  0  0  0
 1  0      0 121036112 1944 136242228 0   0     0     0 6570 2649  1  0 99  0  0  0
 1  0      0 121035972 1944 136242228 0   0     0    20 5111 2283  1  0 99  0  0  0
 1  0      0 121036472 1944 136242228 0   0     0     0 7948 2533  1  0 99  0  0  0
 0  0      0 121036156 1944 136242228 0   0     0     0 6452 3231  1  0 99  0  0  0
 1  0      0 121039580 1944 136242232 0   0     0     0 7530 5588  1  0 99  0  0  0
 2  0      0 121038440 1944 136242228 0   0     0     0 7894 4148  1  0 99  0  0  0
 1  0      0 121023916 1944 136242228 0   0     0     0 5207 2692  0  0 99  0  0  0
 1  0      0 121019756 1944 136242232 0   0     0     0 7690 4073  1  0 99  0  0  0
 2  0      0 121023456 1944 136242220 0   0     0     0 6140 2764  1  0 99  0  0  0
 2  0      0 121019268 1944 136242220 0   0     0     4 5204 5489  1  0 99  0  0  0
 1  0      0 121020964 1944 136242220 0   0     0    64 7858 2336  1  0 99  0  0  0
 1  0      0 121018368 1944 136242220 0   0     0     0 5831 2472  0  0 99  0  0  0
procs -----------memory---------- ---swap-- -----io---- -system-- -------cpu-------
 r  b   swpd   free   buff  cache   si   so    bi    bo   in   cs us sy id wa st gu
 1  0      0 121022680 1944 136242220 0   0     0     0 7545 1996  1  0 99  0  0  0
 1  0      0 121024028 1944 136242220 0   0     0    12 6358 3456  1  0 99  0  0  0
 1  0      0 121027720 1944 136242224 0   0     0     0 9770 10206 1  0 99  0  0  0
 0  0      0 121026332 1944 136242220 0   0     0     0 7779 3890  1  0 99  0  0  0
 1  0      0 121025012 1944 136242220 0   0     0     4 5358 3058  1  0 99  0  0  0
 1  0      0 121026964 1944 136242220 0   0     0     0 8436 3660  1  0 99  0  0  0
 1  0      0 121026284 1944 136242220 0   0     0     0 6048 3145  1  0 99  0  0  0
 1  0      0 121027592 1944 136242220 0   0     0     0 7449 4135  1  0 99  0  0  0
 0  0      0 121029440 1944 136242220 0   0     0     0 7192 2887  0  0 99  0  0  0
 1  0      0 121034804 1944 136242220 0   0     0     0 7271 2160  1  0 99  0  0  0
 1  0      0 121036348 1944 136242220 0   0     0     0 6052 1935  1  0 99  0  0  0
 1  0      0 121036980 1944 136242220 0   0     0    20 5952 3372  1  0 99  0  0  0
 1  0      0 121038512 1944 136242224 0   0     0     0 7064 5927  1  0 99  0  0  0
 2  0      0 121039268 1944 136242220 0   0     0     1 4609 3472  0  0 99  0  0  0
 1  0      0 121033008 1944 136242220 0   0     0     0 7489 3540  1  0 99  0  0  0
 1  0      0 121029480 1944 136242220 0   0     0     0 7027 3945  1  0 99  0  0  0
 1  0      0 121030260 1944 136242220 0   0     0     0 3931 2704  0  0 100 0  0  0
 1  0      0 121033192 1944 136242220 0   0     0     0 6964 8419  1  0 99  0  0  0
 0  0      0 121032444 1944 136242220 0   0     0     0 5210 2955  1  0 99  0  0  0
 1  0      0 121032520 1944 136242220 0   0     0     4 4469 2519  1  0 99  0  0  0
 1  0      0 121033148 1944 136242220 0   0     0     0 5501 2656  1  0 99  0  0  0
procs -----------memory---------- ---swap-- -----io---- -system-- -------cpu-------
 r  b   swpd   free   buff  cache   si   so    bi    bo   in   cs us sy id wa st gu
 1  0      0 121023104 1944 136242220 0   0     0     0 4475 2832  0  0 99  0  0  0
 1  0      0 121019440 1944 136242220 0   0     0     4 7686 5261  1  0 99  0  0  0
 1  0      0 121022828 1944 136242220 0   0     0     0 6439 4304  1  0 99  0  0  0
 1  0      0 121024908 1944 136242220 0   0     0     4 6395 2979  1  0 99  0  0  0
 1  0      0 121027404 1944 136242220 0   0     0     0 8165 4433  1  0 99  0  0  0
 1  0      0 121023560 1944 136242220 0   0     0     0 4752 2434  0  0 100 0  0  0
 0  0      0 121025756 1944 136242220 0   0     0     0 7041 5587  1  0 99  0  0  0
 1  0      0 121025160 1944 136242220 0   0     0     0 6103 2602  1  0 99  0  0  0
 1  0      0 121024376 1944 136242216 0   0     0    16 3893 2180  0  0 99  0  0  0
 1  0      0 121024480 1944 136242216 0   0     0     0 6028 2295  1  0 99  0  0  0
 0  0      0 121026352 1944 136242216 0   0     0     4 4698 3504  0  0 99  0  0  0
 1  0      0 121014832 1944 136242216 0   0     0     0 8349 9106  1  0 99  0  0  0
 1  0      0 121010816 1944 136242216 0   0     0     0 7078 3515  1  0 99  0  0  0
 1  0      0 121003244 1944 136242256 0   0     0    12 5871 3488  0  0 99  0  0  0
 1  0      0 120999804 1944 136242256 0   0     0     0 7254 4102  1  0 99  0  0  0
 1  0      0 120997700 1944 136242256 0   0     0     4 5127 2633  0  0 99  0  0  0
 1  0      0 121003348 1944 136242256 0   0     0     0 7381 5457  1  0 99  0  0  0
 0  0      0 121005684 1944 136242256 0   0     0     0 7668 2499  1  0 99  0  0  0
 1  0      0 121006108 1944 136242256 0   0     0     0 4416 2332  0  0 99  0  0  0
 1  0      0 121012156 1944 136242256 0   0     0     0 5958 2071  1  0 99  0  0  0
 1  0      0 121014652 1944 136242256 0   0     0     4 5188 2932  0  0 99  0  0  0
procs -----------memory---------- ---swap-- -----io---- -system-- -------cpu-------
 r  b   swpd   free   buff  cache   si   so    bi    bo   in   cs us sy id wa st gu
 1  0      0 121014176 1944 136242256 0   0     0     0 6523 5309  1  0 99  0  0  0
 2  0      0 121010748 1944 136242256 0   0     0     0 7940 4472  1  0 99  0  0  0
 1  0      0 120993424 1944 136242256 0   0     0     0 3562 3465  0  0 99  0  0  0
 1  0      0 121000144 1944 136242256 0   0     0     0 6223 3768  1  0 99  0  0  0
 1  0      0 121000824 1944 136242256 0   0     0     0 5659 2412  1  0 99  0  0  0
 1  0      0 121014004 1944 136242256 0   0     0     0 4974 9014  1  0 99  0  0  0
 0  0      0 121019584 1944 136242256 0   0     0     0 4402 2466  1  0 99  0  0  0
 1  0      0 121009560 1944 136242256 0   0     0    20 3862 2254  1  0 99  0  0  0
 1  0      0 121014736 1944 136242256 0   0     0     0 3548 2417  1  0 99  0  0  0
 1  0      0 121020040 1944 136242256 0   0     0     0 6409 3235  1  0 99  0  0  0
 1  0      0 121012080 1944 136242252 0   0     0     0 6806 5633  1  0 99  0  0  0
 2  0      0 121006340 1944 136242248 0   0     0     0 6198 3885  1  0 99  0  0  0
 1  0      0 120999352 1944 136242248 0   0     0     0 6570 2517  1  0 99  0  0  0
 0  0      0 121001020 1944 136242248 0   0     0     0 6603 4023  1  0 99  0  0  0
 1  0      0 120999844 1944 136242248 0   0     0     4 5835 2479  1  0 99  0  0  0
 1  0      0 121004872 1944 136242248 0   0     0    44 6687 4890  1  0 99  0  0  0
 1  0      0 121002424 1944 136242248 0   0     0     0 3525 2521  0  0 100 0  0  0
 1  0      0 121000544 1944 136242248 0   0     0    76 4297 2438  1  0 99  0  0  0
 0  0      0 120999336 1944 136242248 0   0     0     0 4096 2311  1  0 99  0  0  0
 1  0      0 120998416 1944 136242248 0   0     0     0 4110 3159  1  0 99  0  0  0
 1  0      0 121004876 1944 136242244 0   0     0     0 6382 9355  1  0 99  0  0  0
procs -----------memory---------- ---swap-- -----io---- -system-- -------cpu-------
 r  b   swpd   free   buff  cache   si   so    bi    bo   in   cs us sy id wa st gu
 9  0      0 121002576 1944 136242248 0   0     0     4 4496 4025  1  0 99  0  0  0
 1  0      0 121003564 1944 136242248 0   0     0     0 4239 3317  1  0 99  0  0  0
 2  0      0 120998584 1944 136242240 0   0     0     0 4368 4033  1  0 99  0  0  0
 1  0      0 121001756 1944 136242240 0   0     0    12 3718 2319  1  0 99  0  0  0
 1  0      0 121004256 1944 136242240 0   0     0     0 4727 5048  1  0 99  0  0  0
 1  0      0 121004080 1944 136242240 0   0     0     0 3592 2395  0  0 99  0  0  0
 0  0      0 121010796 1944 136242240 0   0     0     0 4362 2464  1  0 99  0  0  0
 1  0      0 121010460 1944 136242240 0   0     0     4 3382 1820  0  0 100 0  0  0
 1  0      0 121014680 1944 136242240 0   0     0     0 4077 3192  1  0 99  0  0  0
 1  0      0 121015956 1944 136242240 0   0     0     0 5477 5678  1  0 99  0  0  0
 0  0      0 121017880 1944 136242240 0   0     0     0 4104 3361  1  0 99  0  0  0
 1  0      0 121020204 1944 136242240 0   0     0     0 5263 3754  1  0 99  0  0  0
 1  0      0 121022784 1944 136242240 0   0     0     0 4214 3833  1  0 99  0  0  0
 1  0      0 121023996 1944 136242240 0   0     0     0 4131 2374  1  0 99  0  0  0
 0  0      0 121027328 1944 136242240 0   0     0     0 5386 8548  1  0 99  0  0  0
 1  0      0 121023416 1944 136242240 0   0     0     4 4113 2486  1  0 99  0  0  0
 1  0      0 121024904 1944 136242240 0   0     0     0 4200 2318  1  0 99  0  0  0
 1  0      0 121025636 1944 136242240 0   0     0     0 4380 2451  1  0 99  0  0  0
 1  0      0 121030232 1944 136242240 0   0     0     0 4938 2944  1  0 99  0  0  0
 0  0      0 121031732 1944 136242240 0   0     0     0 5619 5762  1  0 99  0  0  0
 1  0      0 121025044 1944 136242240 0   0     0     0 4721 3867  1  0 99  0  0  0
procs -----------memory---------- ---swap-- -----io---- -system-- -------cpu-------
 r  b   swpd   free   buff  cache   si   so    bi    bo   in   cs us sy id wa st gu
 1  0      0 121021108 1944 136242240 0   0     0     0 4880 2467  1  0 99  0  0  0
 1  0      0 121021792 1944 136242240 0   0     0    20 4343 3705  1  0 99  0  0  0
 2  0      0 121023588 1944 136242240 0   0     0     0 4241 2765  1  0 99  0  0  0
 1  0      0 121024344 1944 136242240 0   0     0     0 4085 4974  0  0 99  0  0  0
 1  0      0 121026232 1944 136242240 0   0     0     0 4644 2441  1  0 99  0  0  0
 0  0      0 121024216 1944 136242240 0   0     0    48 2823 2306  1  0 99  0  0  0
 1  0      0 121027188 1944 136242240 0   0     0     0 4166 2167  1  0 99  0  0  0
 1  0      0 121028276 1944 136242240 0   0     0     0 4526 4180  0  0 99  0  0  0
 0  0      0 121028272 1944 136242240 0   0     0     8 6979 9224  1  0 99  0  0  0
 1  0      0 121024476 1944 136242232 0   0     0     0 4878 4441  1  0 99  0  0  0
 1  0      0 121029964 1944 136242236 0   0     0     0 4302 3968  1  0 99  0  0  0
 0  0      0 121026268 1944 136242272 0   0     0     0 4726 4159  0  0 100 0  0  0
 1  0      0 121024016 1944 136242272 0   0     0     0 5085 2212  1  0 99  0  0  0
 1  0      0 121025820 1944 136242272 0   0     0     0 5018 4712  1  0 99  0  0  0
 1  0      0 121012828 1944 136242272 0   0     0    12 2933 2342  0  0 99  0  0  0
 1  0      0 121014604 1944 136242272 0   0     0     0 4199 2468  1  0 99  0  0  0
 0  0      0 121012648 1944 136242272 0   0     0     0 4841 1932  0  0 100 0  0  0
 0  0      0 121023120 1944 136242272 0   0     0     0 5311 3136  0  0 100 0  0  0
 0  0      0 121022472 1944 136242268 0   0     0     0 3375 5239  0  0 100 0  0  0
 0  0      0 121018396 1944 136242272 0   0     0     8 2655 3399  0  0 100 0  0  0
 0  0      0 121020660 1944 136242272 0   0     0     0 2682 3331  0  0 100 0  0  0
procs -----------memory---------- ---swap-- -----io---- -system-- -------cpu-------
 r  b   swpd   free   buff  cache   si   so    bi    bo   in   cs us sy id wa st gu
 0  0      0 121023836 1944 136242272 0   0     0     0 2705 3742  0  0 100 0  0  0
 2  0      0 121024852 1944 136242272 0   0     0     0 1926 2189  0  0 100 0  0  0
 1  0      0 121025940 1944 136242272 0   0     0     0 5824 8827  0  0 100 0  0  0
 0  0      0 121024268 1944 136242272 0   0     0     0 5708 2472  0  0 100 0  0  0
 1  0      0 121021524 1944 136242272 0   0     0     0 5519 2279  0  0 100 0  0  0
 0  0      0 121024488 1944 136242272 0   0     0     0 4435 2457  0  0 100 0  0  0
 1  0      0 121024632 1944 136242272 0   0     0     0 5473 3365  0  0 100 0  0  0
 0  0      0 121019588 1944 136242268 0   0     0     0 5622 5801  0  0 100 0  0  0
 0  0      0 121017816 1944 136242272 0   0     0     0 5867 4440  0  0 100 0  0  0
 1  0      0 121015996 1944 136242272 0   0     0     0 4407 2539  0  0 100 0  0  0
 1  0      0 121012120 1944 136242272 0   0     0     0 5919 4218  0  0 100 0  0  0
 1  0      0 121012024 1944 136242272 0   0     0     0 3841 2637  0  0 100 0  0  0
 1  0      0 121009452 1944 136242272 0   0     0     0 5162 5084  1  0 99  0  0  0
 0  0      0 121011060 1944 136242272 0   0     0     4 2944 2784  0  0 100 0  0  0
 0  0      0 121012312 1944 136242272 0   0     0    16 2564 2741  0  0 100 0  0  0
 1  0      0 121013088 1944 136242272 0   0     0     0 2320 2532  0  0 100 0  0  0
 0  0      0 121014672 1944 136242272 0   0     0     4 2687 3260  0  0 100 0  0  0
 0  0      0 121018940 1944 136242268 0   0     0     0 5080 9694  0  0 100 0  0  0
 0  0      0 121010656 1944 136242272 0   0     0     0 3500 4409  0  0 100 0  0  0
 0  0      0 121012256 1944 136242272 0   0     0    44 2630 3234  0  0 100 0  0  0
 0  0      0 121012036 1944 136242272 0   0     0     0 3154 4239  0  0 100 0  0  0
procs -----------memory---------- ---swap-- -----io---- -system-- -------cpu-------
 r  b   swpd   free   buff  cache   si   so    bi    bo   in   cs us sy id wa st gu
 0  0      0 121013436 1944 136242272 0   0     0     0 2219 2652  0  0 100 0  0  0
 0  0      0 121014660 1944 136242272 0   0     0     0 2728 5285  0  0 100 0  0  0
 0  0      0 121015336 1944 136242272 0   0     0     0 2511 2552  0  0 100 0  0  0
 0  0      0 121015484 1944 136242272 0   0     0     0 2115 2340  0  0 100 0  0  0
 0  0      0 121015492 1944 136242272 0   0     0     0 2066 2346  0  0 100 0  0  0
 0  0      0 121015064 1944 136242272 0   0     0     0 3419 8595  0  0 100 0  0  0
 0  0      0 121015728 1944 136242268 0   0     0     0 3426 5588  0  0 100 0  0  0
 0  0      0 121005956 1944 136242272 0   0     0     8 3494 4125  0  0 100 0  0  0
 0  0      0 121004700 1944 136242272 0   0     0     0 3228 3982  0  0 100 0  0  0
 0  0      0 121006000 1944 136242272 0   0     0     0 3189 4345  0  0 100 0  0  0
 0  0      0 121006004 1944 136242272 0   0     0     4 2276 2767  0  0 100 0  0  0
 1  0      0 121017696 1944 136242272 0   0     0     0 3345 8262  0  0 100 0  0  0
 0  0      0 121017072 1944 136242272 0   0     0     0 3023 3595  0  0 100 0  0  0
 0  0      0 121017176 1944 136242272 0   0     0     0 2320 2737  0  0 100 0  0  0
 0  0      0 121018008 1944 136242272 0   0     0     0 2270 2844  0  0 100 0  0  0
 0  0      0 121019784 1944 136242272 0   0     0     0 2512 3116  0  0 100 0  0  0
 0  0      0 121023360 1944 136242268 0   0     0     0 3655 5777  0  0 100 0  0  0
 0  0      0 121019700 1944 136242264 0   0     0     0 3340 4401  0  0 100 0  0  0
 0  0      0 121019276 1944 136242264 0   0     0     0 2378 2701  0  0 100 0  0  0
 0  0      0 121016448 1944 136242264 0   0     0     0 3142 4089  0  0 100 0  0  0
 0  0      0 121017408 1944 136242268 0   0     0     0 2329 2772  0  0 100 0  0  0
procs -----------memory---------- ---swap-- -----io---- -system-- -------cpu-------
 r  b   swpd   free   buff  cache   si   so    bi    bo   in   cs us sy id wa st gu
 1  0      0 121019164 1944 136242268 0   0     0     0 2573 3177  0  0 100 0  0  0
 0  0      0 121020296 1944 136242268 0   0     0     4 3115 5715  0  0 99  0  0  0
 0  0      0 121020268 1944 136242268 0   0     0    16 2439 3055  0  0 100 0  0  0
 0  0      0 121039468 1944 136242268 0   0     0 16388 6015 8763  0  0 100 0  0  0
 0  0      0 121016800 1944 136242276 0   0     0     4 4413 5906  0  0 100 0  0  0
 0  0      0 121027444 1944 136242268 0   0     0     0 4333 9048  0  0 100 0  0  0
 0  0      0 121022088 1944 136242276 0   0     0     0 2875 3858  0  0 100 0  0  0
 0  0      0 121033656 1944 136242316 0   0     0     0 3001 3555  0  0 100 0  0  0
 0  0      0 121035844 1944 136242316 0   0     0     4 3261 4582  0  0 100 0  0  0
