procs -----------memory---------- ---swap-- -----io---- -system-- -------cpu-------
 r  b   swpd   free   buff  cache   si   so    bi    bo   in   cs us sy id wa st gu
 0  0      0 119769624 1600 137359452 0   0  1414 90097 6237    0  0  0 99  0  0  0
 0  0      0 119756900 1600 137360988 0   0     0     0 4904 6118  0  0 100 0  0  0
 0  0      0 119772100 1600 137360996 0   0     0     0 4356 5795  0  0 100 0  0  0
 0  0      0 119773288 1600 137360996 0   0     0     4 3592 7825  0  0 100 0  0  0
 0  0      0 119777068 1600 137360996 0   0     0     0 2536 3194  0  0 100 0  0  0
 0  0      0 119776324 1600 137360996 0   0     0     0 2509 2975  0  0 100 0  0  0
 0  0      0 119783712 1600 137360996 0   0     0     0 2545 2901  0  0 100 0  0  0
 0  0      0 119781868 1600 137360996 0   0     0     0 3770 5949  0  0 100 0  0  0
 0  0      0 119750088 1600 137361136 0   0     0   292 5721 9518  0  0 100 0  0  0
32  0      0 109970824 1600 146400472 0   0     0   304 52621 25133 11 2 86 0  0  0
 1 50      0 96187912 1600 159941880 0    0     0 1710080 74696 19405 11 3 71 15 0 0
27 36      0 93226356 1600 162878712 0    0     0 2094700 46384 12361 1 0 57 42 0 0
12 53      0 90925520 1600 165148976 0    0     0 1206472 33326 17042 0 0 53 47 0 0
41 24      0 90015672 1600 166042552 0    0     0 1326292 19546 9018 0 0 51 49 0  0
 0 65      0 88302648 1600 167752632 0    0     0 1034240 24784 8027 0 0 51 48 0  0
 0 65      0 88249796 1600 167797716 0    0     0 1193492 16340 11657 0 0 52 48 0 0
 0 65      0 88252008 1600 167797704 0    0     0 1239020 12350 3818 0 0 54 46 0  0
10 40      0 79167848 1600 176998344 0    0     0 1264772 53051 12401 4 1 63 33 0 0
 0 65      0 75459192 1600 180615836 0    0     0 1170000 42950 13370 1 0 60 38 0 0
 0 65      0 75464048 1600 180615764 0    0     0 1300560 12906 4253 0 0 52 48 0  0
 0 65      0 75475020 1600 180615764 0    0     0 991376 12451 3934 0 0 55 45  0  0
procs -----------memory---------- ---swap-- -----io---- -system-- -------cpu-------
 r  b   swpd   free   buff  cache   si   so    bi    bo   in   cs us sy id wa st gu
 0 65      0 75481076 1600 180615764 0    0     0 1340220 12336 3633 0 0 56 44 0  0
 0 65      0 75475028 1600 180615756 0    0     0 1146944 14766 7803 0 0 57 43 0  0
 0 65      0 75481824 1600 180615756 0    0     0 1085440 13629 8648 0 0 57 43 0  0
 0 65      0 75486564 1600 180615756 0    0     0 1347584 12489 4070 0 0 56 44 0  0
 0 65      0 75492492 1600 180615756 0    0     0 1095764 12703 4140 0 0 56 44 0  0
 0 65      0 75499176 1600 180615756 0    0     0 1116049 12611 4135 0 0 57 43 0  0
 0 65      0 72352124 1600 183790156 0    0     0 1437696 27131 8343 2 0 55 43 0  0
 0 65      0 71686928 1600 184459852 0    0     0 956304 17528 4223 0 0 53 47  0  0
 0 65      0 71690108 1600 184459852 0    0     0 1260124 12731 4271 0 0 53 47 0  0
 0 57      0 65235048 1600 191103496 0    0     0 3103856 36391 10574 5 1 56 38 0 0
 0 65      0 65169672 1600 191103496 0    0     0 1452684 17003 21439 0 0 51 49 0 0
 0 65      0 65170712 1600 191103496 0    0     0 296848 15708 24215 0 0 54 46 0  0
 0 65      0 65169548 1600 191103496 0    0     0 1090980 15011 25587 0 0 55 44 0 0
 0 65      0 65171904 1600 191103496 0    0     0 1919056 14400 21457 0 0 56 44 0 0
 0 64      0 65164980 1600 191104528 0    0     0 80036 14715 21910 0 0 56 44  0  0
 0 62      0 65131456 1600 191110672 0    0     0 648164 15183 10672 0 0 57 42 0  0
 0 62      0 58724336 1600 197644044 0    0     0 6118092 50801 23430 6 1 59 34 0 0
 0 65      0 58694260 1600 197644044 0    0     0 693112 16917 21889 0 0 52 48 0  0
 0 65      0 58695104 1600 197644044 0    0     0 645828 15231 21035 0 0 53 47 0  0
 0 65      0 58696828 1600 197644044 0    0     0 350328 15713 21962 0 0 53 46 0  0
 0 65      0 58697616 1600 197644044 0    0     0 848616 15610 21662 0 0 54 46 0  0
procs -----------memory---------- ---swap-- -----io---- -system-- -------cpu-------
 r  b   swpd   free   buff  cache   si   so    bi    bo   in   cs us sy id wa st gu
 0 65      0 58689312 1600 197644044 0    0     0 935964 18623 30322 0 0 55 45 0  0
 0 65      0 58686112 1600 197644044 0    0     0 64352 16313 24902 0 0 55 45  0  0
 7 42      0 54995720 1600 201416972 0    0     0 4072391 43216 26548 2 1 58 39 0 0
 0 65      0 52582620 1600 203736332 0    0     0 899840 44649 30289 1 1 59 40 0  0
 0 65      0 52577048 1600 203736332 0    0     0 1046592 15887 21433 0 0 49 50 0 0
 0 62      0 52591672 1600 203736332 0    0     0 523548 15418 21128 0 1 50 50 0  0
16 46      0 52305752 1600 203988236 0    0     0 522392 18675 22809 0 0 52 48 0  0
 0 65      0 48468924 1600 207755084 0    0     0 788044 43746 26481 2 1 57 39 0  0
 0 64      0 48453340 1600 207756108 0    0     0 914263 16155 22615 0 0 53 46 0  0
 0 64      0 44710396 1600 211458540 0    0     0 788868 43655 26100 1 1 58 40 0  0
 0 63      0 44695816 1600 211458524 0    0     0 527885 16546 24317 0 0 56 44 0  0
 1 59      0 41462992 1600 214728748 0    0     0 282101 39418 21954 1 0 59 40 0  0
 0 65      0 41360332 1600 214728748 0    0     0 1188407 17125 5704 0 0 55 45 0  0
 1 60      0 37415748 1600 218867100 0    0     0 1095476 36576 8634 2 0 58 39 0  0
 0 65      0 37338172 1600 218867100 0    0     0 1245418 16007 4362 0 0 53 47 0  0
 0 65      0 37335348 1600 218867100 0    0     0 1129536 13895 7604 0 0 57 43 0  0
 0 65      0 36359320 1600 219814300 0    0     0 1261572 21130 5065 1 0 58 41 0  0
 0 65      0 36352708 1600 219815324 0    0     0 1209366 12481 3687 0 0 55 45 0  0
 0 64      0 31524596 1600 224714352 0    0     0 1535454 27652 5930 5 1 55 39 0  0
 0 65      0 31491780 1600 224714352 0    0     0 1045768 15734 5778 0 0 50 50 0  0
 0 65      0 31432264 1600 224714336 0    0     0 954386 16178 8120 0 0 52 48  0  0
procs -----------memory---------- ---swap-- -----io---- -system-- -------cpu-------
 r  b   swpd   free   buff  cache   si   so    bi    bo   in   cs us sy id wa st gu
 0 64      0 27999864 1600 228169504 0    0     0 1568761 29299 11344 0 0 54 45 0 0
 0 65      0 27977392 1600 228170528 0    0     0 1011807 14087 4562 0 0 50 50 0  0
 2 65      0 27973220 1600 228170528 0    0     0 1069065 13976 5574 0 0 52 48 0  0
44 23      0 27698860 1600 228449056 0    0     0 1132544 13639 4214 0 0 52 47 0  0
 0 65      0 23905948 1600 232285040 0    0     0 1548363 24525 5365 4 1 51 44 0  0
 0 65      0 23896716 1600 232285040 0    0     0 788489 14098 5198 0 0 51 49  0  0
 0 65      0 23893280 1600 232286064 0    0     0 1172487 12659 3824 0 0 52 48 0  0
 0 65      0 23898964 1600 232286064 0    0     0 1236992 13400 5411 0 0 53 47 0  0
 0 64      0 18663160 1600 237601888 0    0     0 3034048 27212 7891 6 2 53 40 0  0
 0 65      0 18606128 1600 237601888 0    0     0 240640 19136 30375 0 0 52 47 0  0
 0 65      0 18589600 1600 237601888 0    0     0 1538662 15169 15409 0 0 54 46 0 0
 0 61      0 18601884 1600 237602908 0    0     0   336 14022 10322 0 0 54 45  0  0
 2 65      0 15209404 1600 241142336 0    0     0 1270181 26238 8126 3 1 58 39 0  0
 0 65      0 15177684 1600 241142400 0    0     0 1130652 13929 4404 0 0 51 49 0  0
 0 65      0 15181108 1600 241142400 0    0     0 1167370 13423 3914 0 0 53 47 0  0
 0 65      0 12916940 1600 243446936 0    0     0 1370514 18893 4859 2 1 52 45 0  0
 0 64      0 12916600 1600 243447128 0    0     0 934176 13285 4457 0 0 52 48  0  0
53  2      0 10763312 1600 245611296 0    0     0 1198259 19184 5420 2 0 54 43 0  0
 0 65      0 8052372  1600 248275728 0    0     0 1195948 27740 9084 1 0 57 42 0  0
 0 65      0 8033572  1600 248275720 0    0     0 1201152 15391 7442 0 0 53 46 0  0
 0 65      0 5247724  1600 251074432 0    0     0 1295603 22992 9936 2 0 56 43 0  0
procs -----------memory---------- ---swap-- -----io---- -system-- -------cpu-------
 r  b   swpd   free   buff  cache   si   so    bi    bo   in   cs us sy id wa st gu
 0 65      0 5236660  1600 251074816 0    0     0 1113092 13492 4018 0 0 54 46 0  0
 0 65      0 5225080  1600 251074816 0    0     0 1204224 13162 4509 0 0 55 44 0  0
 0 65      0 5229052  1600 251074820 0    0     0 1196365 12653 4068 0 0 55 45 0  0
 0 64      0 2944088  1600 253477192 0    0     0 1404855 22382 10757 3 1 53 43 0 0
 0 65      0 2940564  1600 253477744 0    0     0 929071 13397 4486 0 0 52 48  0  0
 0 65      0 3216732  1600 253322132 0    0     0 1352700 18889 6312 2 1 53 44 0  0
 0 65      0 3206192  1600 253322268 0    0     0 1028276 13474 5099 0 0 52 47 0  0
 0 56      0 3210852  1600 253351052 0    0     0 3266377 20842 12152 2 0 57 41 0 0
 0 65      0 3477620  1600 253108588 0    0     4 175861 18779 25052 0 0 55 45 0  0
 1 65      0 3474972  1600 253114068 0    0     0 626186 16776 24135 0 0 54 46 0  0
 0 65      0 3513208  1600 253090392 0    0     0 2336229 24656 26334 1 1 59 39 0 0
 0 64      0 3498024  1600 253090392 0    0     0 333356 14466 21627 0 0 54 46 0  0
 0 50      0 3600636  1600 253086564 0    0     0 1949186 24532 33319 0 0 63 37 0 0
 0 50      0 3607276  1600 253086424 0    0     0 970280 13812 20443 0 0 62 38 0  0
 0 39      0 3672576  1600 253134780 0    0     0 1440890 18957 22139 1 1 68 30 0 0
 0 35      0 3501720  1600 253425644 0    0     0 2483458 17606 21155 0 1 71 28 0 0
 0 32      0 3490124  1600 253474400 0    0     0 3324015 18451 22551 0 0 75 24 0 0
 0 32      0 3430464  1600 253527044 0    0     4 205052 16410 22005 0 0 75 25 0  0
 0 32      0 3376560  1600 253532196 0    0     0 308124 18015 29863 0 0 75 25 0  0
 1 31      0 3308972  1600 253609028 0    0     0 621596 17706 25661 0 0 75 25 0  0
 0 29      0 3295616  1600 253647116 0    0     0 740285 15842 21887 0 0 77 23 0  0
procs -----------memory---------- ---swap-- -----io---- -system-- -------cpu-------
 r  b   swpd   free   buff  cache   si   so    bi    bo   in   cs us sy id wa st gu
 0 28      0 3239376  1600 253704452 0    0     0 1228211 17226 22572 0 0 78 22 0 0
 0 28      0 3152100  1600 253785700 0    0     0 2869307 17108 22800 0 0 78 22 0 0
 1 27      0 3109048  1600 253839940 0    0     0 535116 15990 21656 0 0 78 21 0  0
 1 23      0 3101524  1600 253881132 0    0     0 41582 15425 21800 0 0 81 19  0  0
 0 20      0 3104056  1600 253900588 0    0     0 112692 14390 20705 0 0 83 17 0  0
 1 17      0 3070212  1600 253959708 0    0     0 967385 15861 22000 0 0 86 14 0  0
 0 18      0 3052048  1600 253971112 0    0     0 2698884 14831 21009 0 0 86 14 0 0
 0 17      0 3051436  1600 253971108 0    0     0 1083319 15156 22686 0 0 86 14 0 0
 0 17      0 3047804  1600 253971000 0    0     0 225496 14865 24641 0 0 87 13 0  0
 1 17      0 3048772  1600 253971000 0    0     0 1573088 14090 20356 0 0 87 13 0 0
 0 17      0 3054476  1600 253970840 0    0     0 1310937 13665 20388 0 0 87 13 0 0
 0 17      0 3055528  1600 253970840 0    0     0 456229 14554 21968 0 0 87 13 0  0
 0 16      0 3071700  1600 253970840 0    0     0 1026705 15007 24953 0 0 87 13 0 0
 0  5      0 3141812  1600 253970752 0    0     0 453923 13845 21708 0 0 90 10 0  0
 1  0      0 3155852  1600 254000916 0    0     0 443605 10122 20568 0 0 99 1  0  0
 0  0      0 3055624  1600 254019924 0    0    84 34864 7342 12894 0  0 99  0  0  0
 1  0      0 3006868  1600 254038504 0    0     0 32881 6178 9500  0  0 100 0  0  0
 0  0      0 3010620  1600 254038548 0    0     0     0 4444 6106  0  0 100 0  0  0
 1  0      0 3016492  1600 254038536 0    0     0     0 3311 7180  0  0 100 0  0  0
 1  0      0 3027924  1600 254038536 0    0     0    52 2232 2619  0  0 100 0  0  0
 0  0      0 3039956  1600 254037552 0    0     0     0 2568 3108  0  0 100 0  0  0
procs -----------memory---------- ---swap-- -----io---- -system-- -------cpu-------
 r  b   swpd   free   buff  cache   si   so    bi    bo   in   cs us sy id wa st gu
 0  0      0 3039212  1600 254037612 0    0     0 16452 3382 4274  0  0 100 0  0  0
 0  0      0 3047316  1600 254037616 0    0     0     0 2445 2739  0  0 100 0  0  0
 0  0      0 3054172  1600 254037616 0    0     0     0 2450 2959  0  0 100 0  0  0
 0  0      0 3045988  1600 254054532 0    0     0 33017 3363 3909  0  0 100 0  0  0
 0  0      0 3051764  1600 254054536 0    0     0     0 2697 3263  0  0 100 0  0  0
 0  0      0 3052516  1600 254054536 0    0     0     0 3092 3421  0  0 99  0  0  0
 0  0      0 3074260  1600 254036328 0    0    64  1698 6760 13609 0  0 100 0  0  0
 0  0      0 3097508  1600 254036184 0    0    52  4036 7053 12933 0  0 100 0  0  0
 4  0      0 3102700  1600 254036144 0    0     0     0 3783 4913  0  0 100 0  0  0
 1  0      0 3150880  1600 253983416 0    0     0    20 3526 4661  0  0 100 0  0  0
 1  0      0 3152756  1600 253983408 0    0     0     0 2757 3613  0  0 100 0  0  0
 0  0      0 3129192  1600 253983548 0    0     0   156 5271 10567 0  0 100 0  0  0
 0  0      0 3071068  1600 254043920 0    0    12 64576 12749 21095 0 0 99  0  0  0
 0  0      0 3072808  1600 254043916 0    0     0     0 3061 3856  0  0 100 0  0  0
 0  0      0 3077364  1600 254043916 0    0     0     0 2501 3307  0  0 100 0  0  0
 0  0      0 3081980  1600 254043916 0    0     0     0 2763 3330  0  0 100 0  0  0
 0  0      0 3074384  1600 254043892 0    0     0     0 4733 6419  0  0 100 0  0  0
 0  0      0 3074964  1600 254043892 0    0     0     8 3254 7297  0  0 100 0  0  0
 0  0      0 3076628  1600 254043896 0    0     0     0 2417 3056  0  0 100 0  0  0
 0  0      0 3073352  1600 254043896 0    0     0     0 2414 2911  0  0 100 0  0  0
 0  0      0 3081548  1600 254043896 0    0     0   379 2749 3385  0  0 100 0  0  0
procs -----------memory---------- ---swap-- -----io---- -system-- -------cpu-------
 r  b   swpd   free   buff  cache   si   so    bi    bo   in   cs us sy id wa st gu
 0  0      0 3076336  1600 254043896 0    0     0     0 3933 7694  0  0 100 0  0  0
 0  0      0 3063160  1600 254044040 0    0     0   312 7202 13113 0  0 100 0  0  0
 0  0      0 2949144  1600 254064404 0    0     0   221 10005 15884 0 0 99  0  0  0
 0  0      0 2955716  1600 254064440 0    0     0  3156 5109 7756  0  0 100 0  0  0
 0  0      0 2959376  1600 254064456 0    0     0     0 4488 6742  0  0 100 0  0  0
 0  0      0 2973544  1600 254064456 0    0     0     0 4588 6841  0  0 100 0  0  0
 0  0      0 2976288  1600 254064456 0    0     0   516 3945 8275  0  0 100 0  0  0
 2  0      0 2985108  1600 254064508 0    0     0     0 3026 3580  0  0 100 0  0  0
 0  0      0 2974836  1600 254064508 0    0     0     8 3581 4214  0  0 100 0  0  0
 0  0      0 2985956  1600 254064508 0    0     0     0 3386 4736  0  0 100 0  0  0
 0  0      0 2975984  1600 254064544 0    0     0     0 3145 4091  0  0 100 0  0  0
