procs -----------memory---------- ---swap-- -----io---- -system-- -------cpu-------
 r  b   swpd   free   buff  cache   si   so    bi    bo   in   cs us sy id wa st gu
 0  0      0 119904876 3172 137395692 0   0    65 73951 5091    0  0  0 100 0  0  0
 0  0      0 119894480 3172 137395976 0   0     0     0 3168 4365  0  0 100 0  0  0
 0  0      0 119747956 3172 137383924 0   0     0 16418 6438 10699 1  0 99  0  0  0
 6  0      0 116347436 3172 137419420 0   0     0     0 17692 51091 10 39 51 0 0  0
 2  0      0 116217560 3172 137499652 0   0     0     0 15294 7642 1  0 99  0  0  0
 1  0      0 116171848 3172 137517952 0   0     0     0 21609 11016 1 0 98  0  0  0
 1  0      0 116131996 3172 137526956 0   0     0     0 23238 15926 2 0 98  0  0  0
 2  0      0 116161880 3172 137474572 0   0     0     0 19884 7483 1  0 99  0  0  0
 2  0      0 116068512 3172 137497740 0   0     0     8 19479 8799 1  0 99  0  0  0
 3  0      0 116062840 3172 137489184 0   0     0     0 20673 6568 1  0 98  0  0  0
 1  0      0 116034692 3172 137477552 0   0     0     0 13823 6362 1  0 99  0  0  0
 2  0      0 115960636 3172 137446112 0   0     0    75 9868 4730  1  0 99  0  0  0
 1  0      0 115867100 3172 137497284 0   0     0     0 14571 4768 1  0 99  0  0  0
 1  0      0 115754228 3172 137443572 0   0     0    16 11531 4785 1  0 99  0  0  0
 2  0      0 115657808 3172 137464188 0   0     0     0 15291 6024 1  0 99  0  0  0
 2  0      0 115565468 3172 137488136 0   0     0     0 17263 7913 1  0 99  0  0  0
 1  0      0 115511772 3172 137467808 0   0     0    16 12117 8195 1  0 99  0  0  0
 1  0      0 115458392 3172 137430652 0   0     0     0 10862 5603 1  0 99  0  0  0
 2  0      0 115391204 3172 137453684 0   0     0    16 11523 8140 1  0 99  0  0  0
 2  0      0 115323432 3172 137464136 0   0     0     0 10153 4458 1  0 99  0  0  0
 1  0      0 115246832 3172 137474040 0   0     0     0 12560 5462 1  0 99  0  0  0
procs -----------memory---------- ---swap-- -----io---- -system-- -------cpu-------
 r  b   swpd   free   buff  cache   si   so    bi    bo   in   cs us sy id wa st gu
 1  0      0 115162340 3172 137462676 0   0     0     0 12242 8281 1  0 99  0  0  0
 1  0      0 115187260 3172 137447896 0   0     0     0 11152 5021 1  0 99  0  0  0
 1  0      0 115156960 3172 137452856 0   0     0     0 11051 4439 1  0 99  0  0  0
 1  0      0 115169864 3172 137459624 0   0     0     0 13324 4891 1  0 99  0  0  0
 1  0      0 115171380 3172 137421968 0   0     0     0 11110 7645 1  0 99  0  0  0
 1  0      0 115115628 3172 137427632 0   0     0     0 12747 8289 1  0 99  0  0  0
 2  0      0 115070724 3172 137437480 0   0     0  1084 10999 5077 1  0 99  0  0  0
 2  0      0 115049136 3172 137424008 0   0     0     0 10949 6364 1  0 99  0  0  0
 1  0      0 115141972 3172 137431556 0   0     0     4 12259 4735 1  0 99  0  0  0
 1  0      0 115068184 3172 137433568 0   0     0    12 10729 5714 1  0 99  0  0  0
 1  0      0 115010888 3172 137434224 0   0     0     0 10420 4271 1  0 99  0  0  0
 1  0      0 114988092 3172 137436484 0   0     0 22744 11946 5499 1  0 99  0  0  0
 1  0      0 114965396 3172 137438436 0   0     0     0 11872 4490 1  0 99  0  0  0
 1  0      0 114960812 3172 137420792 0   0     0     0 11671 6658 1  0 99  0  0  0
 2  0      0 114933292 3172 137428860 0   0     0     0 10073 7869 1  0 99  0  0  0
 1  0      0 114925592 3172 137434052 0   0     0     0 12620 11985 1 0 99  0  0  0
 1  0      0 114904600 3172 137440680 0   0     0    12 13725 4732 1  0 99  0  0  0
 2  0      0 114932792 3172 137428376 0   0     0     0 11609 7643 1  0 99  0  0  0
 1  0      0 114915944 3172 137435608 0   0     0     0 10830 4192 1  0 99  0  0  0
 1  0      0 114843680 3172 137421040 0   0     0     0 12787 5120 1  0 99  0  0  0
 1  0      0 114835528 3172 137447320 0   0     0   111 9652 3761  1  0 99  0  0  0
procs -----------memory---------- ---swap-- -----io---- -system-- -------cpu-------
 r  b   swpd   free   buff  cache   si   so    bi    bo   in   cs us sy id wa st gu
 1  0      0 114867248 3172 137434256 0   0     0     0 12974 4798 1  0 99  0  0  0
 1  0      0 114907816 3172 137439680 0   0     0     0 12756 4265 1  0 99  0  0  0
 1  0      0 114960672 3172 137421548 0   0     0     0 13316 4952 1  0 99  0  0  0
 4  0      0 115001940 3172 137427080 0   0     0     0 14681 7259 1  0 99  0  0  0
 1  0      0 115030324 3172 137433792 0   0     0     0 13822 7772 1  0 99  0  0  0
 2  0      0 115055944 3172 137438056 0   0     0     0 9260 4227  1  0 99  0  0  0
 1  0      0 115022280 3172 137423696 0   0     0     0 11937 7653 1  0 99  0  0  0
 2  0      0 115032936 3172 137447740 0   0     0     0 9609 3980  1  0 99  0  0  0
 1  0      0 114987956 3172 137430928 0   0     0     0 11577 5272 1  0 99  0  0  0
 2  0      0 114980336 3172 137434300 0   0     0     0 13337 8114 1  0 99  0  0  0
 1  0      0 115029532 3172 137437336 0   0     0     0 12692 4629 1  0 99  0  0  0
 1  0      0 114951672 3172 137460452 0   0     0     0 10367 4176 1  0 99  0  0  0
 1  0      0 114924148 3172 137443136 0   0     0     0 11298 5748 1  0 99  0  0  0
 1  0      0 114909980 3172 137424172 0   0     0     0 13797 7878 1  0 99  0  0  0
 2  0      0 114962356 3172 137430440 0   0     0     0 12062 8740 1  0 99  0  0  0
 2  0      0 114894176 3172 137436408 0   0     0    32 13097 4959 1  0 99  0  0  0
 2  0      0 114913068 3172 137444424 0   0     0     0 12219 7199 1  0 99  0  0  0
 1  0      0 114867360 3172 137455160 0   0     0     0 13769 4337 1  0 99  0  0  0
 1  0      0 114835680 3172 137422616 0   0     0     0 13086 5375 1  0 99  0  0  0
 1  0      0 114764020 3172 137472384 0   0     0     0 10086 3968 1  0 99  0  0  0
 1  0      0 114787452 3172 137431476 0   0     0     4 10922 5026 1  0 99  0  0  0
procs -----------memory---------- ---swap-- -----io---- -system-- -------cpu-------
 r  b   swpd   free   buff  cache   si   so    bi    bo   in   cs us sy id wa st gu
 2  0      0 114856192 3172 137433060 0   0     0    12 10064 4733 1  0 99  0  0  0
 2  0      0 114935984 3172 137416508 0   0     0    44 12242 5252 1  0 99  0  0  0
 3  0      0 114906028 3172 137424736 0   0     0     0 14074 7376 1  0 99  0  0  0
 2  0      0 114907764 3172 137428220 0   0     0     0 16320 11974 1 0 99  0  0  0
 1  0      0 114897272 3172 137433668 0   0     0     0 9579 4265  1  0 99  0  0  0
 5  0      0 114873896 3172 137436344 0   0     0     0 11980 6352 1  0 99  0  0  0
 1  0      0 114846352 3172 137419228 0   0     0     0 13475 4202 1  0 99  0  0  0
 1  0      0 114829288 3172 137426696 0   0     0     0 11748 5721 1  0 99  0  0  0
 1  0      0 114804504 3172 137433972 0   0     0     1 11429 3633 1  0 99  0  0  0
 1  0      0 114857424 3172 137439832 0   0     0     0 13244 4182 1  0 99  0  0  0
 2  0      0 114816772 3172 137427336 0   0     0     0 9962 4112  1  0 99  0  0  0
 1  0      0 114807020 3172 137453408 0   0     0     0 12166 10838 1 0 99  0  0  0
 1  0      0 114848516 3172 137462048 0   0     0     0 14114 8502 1  0 98  0  0  0
 2  0      0 114771668 3172 137464684 0   0     0     0 10917 5019 1  0 99  0  0  0
 1  0      0 114800760 3172 137450052 0   0     0     0 12958 7414 1  0 99  0  0  0
 1  0      0 114844908 3172 137451884 0   0     0     0 12293 7701 1  0 99  0  0  0
 1  0      0 114859256 3172 137430664 0   0     0     0 11957 4181 1  0 99  0  0  0
 3  0      0 114831612 3172 137434484 0   0     0     4 11873 7037 1  0 99  0  0  0
 1  0      0 114809400 3172 137417336 0   0     0     0 13049 6259 1  0 99  0  0  0
 1  0      0 114879656 3172 137424964 0   0     0     0 13471 4717 1  0 99  0  0  0
 1  0      0 114824768 3172 137434944 0   0     0     0 12492 4783 1  0 99  0  0  0
procs -----------memory---------- ---swap-- -----io---- -system-- -------cpu-------
 r  b   swpd   free   buff  cache   si   so    bi    bo   in   cs us sy id wa st gu
 1  0      0 114992460 3172 137441232 0   0     0     0 13906 4655 1  0 99  0  0  0
 1  0      0 115008220 3172 137442244 0   0     0     0 12282 7407 1  0 99  0  0  0
 1  0      0 114995192 3172 137424492 0   0     0     0 10738 5185 1  0 99  0  0  0
 1  0      0 114982112 3172 137430116 0   0     0   124 10098 7364 1  0 99  0  0  0
 1  0      0 114936868 3172 137475620 0   0     0     0 14007 7145 1  0 99  0  0  0
 2  0      0 115097228 3172 137469472 0   0     0     0 15980 5626 1  0 99  0  0  0
 2  0      0 115441504 3172 137466708 0   0     0     0 18331 6950 1  0 99  0  0  0
 2  0      0 115551688 3172 137442280 0   0     0    16 17316 5611 1  0 99  0  0  0
 1  0      0 115600752 3172 137478708 0   0     0     0 15428 5680 1  0 99  0  0  0
 1  0      0 115694824 3172 137452984 0   0     0    16 16767 5264 1  0 99  0  0  0
 3  0      0 115733464 3172 137470660 0   0     0     0 17473 7413 1  0 99  0  0  0
 2  0      0 115762220 3172 137480892 0   0     0    12 18875 12554 1 0 99  0  0  0
 1  0      0 115817452 3172 137475748 0   0     0    16 18307 8247 1  0 99  0  0  0
 1  0      0 115872320 3172 137468344 0   0     0     0 16656 7533 1  0 99  0  0  0
 2  0      0 115878140 3172 137462552 0   0     0    16 16383 8513 1  0 99  0  0  0
 1  0      0 115910688 3172 137475004 0   0     0    44 18585 5738 1  0 99  0  0  0
 2  0      0 115964080 3172 137448612 0   0     0    16 16954 5967 1  0 99  0  0  0
 2  0      0 115954988 3172 137463632 0   0     0     2 14016 5427 1  0 99  0  0  0
 1  0      0 115925708 3172 137498668 0   0     0    16 16181 6027 1  0 99  0  0  0
 2  0      0 115952860 3172 137471488 0   0     0     0 16416 5417 1  0 99  0  0  0
 2  0      0 115983428 3172 137442708 0   0     0     0 18987 6174 1  0 99  0  0  0
procs -----------memory---------- ---swap-- -----io---- -system-- -------cpu-------
 r  b   swpd   free   buff  cache   si   so    bi    bo   in   cs us sy id wa st gu
 2  0      0 115920236 3172 137502172 0   0     0    16 21055 8704 1  0 99  0  0  0
 1  0      0 115958192 3172 137474116 0   0     0     0 15466 6751 1  0 99  0  0  0
 2  0      0 115969912 3172 137467132 0   0     0     0 19171 8994 1  0 99  0  0  0
 2  0      0 115925740 3172 137505916 0   0     0    16 14932 8073 1  0 99  0  0  0
 1  0      0 115929580 3172 137423160 0   0     0 16384 10869 6448 1  0 99  0  0  0
 2  0      0 115941240 3172 137385800 0   0     0     8 5222 10092 0  0 100 0  0  0
 2  0      0 115873492 3172 137369660 0   0     0 16396 4135 17492 0  0 100 0  0  0
 0  0      0 119690624 3172 137337128 0   0     0     0 8494 45994 0  1 98  0  0  0
 0  0      0 119767568 3172 137315832 0   0     0     0 2362 2854  0  0 100 0  0  0
 0  0      0 119748188 3172 137315832 0   0     0     0 4062 4900  0  0 100 0  0  0
 0  0      0 119813308 3172 137315844 0   0     0     0 4636 7496  0  0 100 0  0  0
 0  0      0 119832184 3172 137315836 0   0     0     0 3291 3985  0  0 100 0  0  0
 0  0      0 119836008 3172 137315836 0   0     0  1688 2776 5236  0  0 100 0  0  0
