procs -----------memory---------- ---swap-- -----io---- -system-- -------cpu-------
 r  b   swpd   free   buff  cache   si   so    bi    bo   in   cs us sy id wa st gu
 0  0      0 120871312 1676 136374816 0   0   133 108018 5989   0  0  0 98  1  0  0
 0  0      0 120859944 1676 136374916 0   0     0     0 3568 4281  0  0 100 0  0  0
 1  0      0 120788860 1676 136391296 0   0     0 16415 8442 12854 0  0 100 0  0  0
 0  0      0 120784088 1676 136391344 0   0     0     0 5902 5650  0  0 100 0  0  0
 0  0      0 120783464 1676 136391344 0   0     0     0 5171 3866  0  0 100 0  0  0
 0  0      0 120796544 1676 136391344 0   0     0     0 6775 5757  0  0 100 0  0  0
 0  0      0 120796916 1676 136391344 0   0     0    24 5393 5316  0  0 100 0  0  0
 0  0      0 120799372 1676 136391344 0   0     0     4 3558 2774  0  0 100 0  0  0
 1  0      0 120806988 1676 136391344 0   0     0     0 6152 5964  0  0 100 0  0  0
 0  0      0 120809996 1676 136391344 0   0     0     0 2948 2476  0  0 100 0  0  0
 0  0      0 120811504 1676 136391344 0   0     0     8 2287 2848  0  0 100 0  0  0
 0  0      0 120813340 1676 136391344 0   0     0     0 2146 2534  0  0 100 0  0  0
 2  0      0 120764200 1676 136391344 0   0     0     0 4772 2586  0  0 99  0  0  0
 0  0      0 120816596 1676 136391340 0   0     0    89 7457 6467  1  0 99  0  0  0
 0  0      0 120815608 1676 136391344 0   0     0     0 5543 3148  0  0 100 0  0  0
 1  0      0 120801864 1676 136391348 0   0     0     0 5516 4847  0  0 100 0  0  0
 2  0      0 120813528 1676 136391348 0   0     0     0 4670 2829  0  0 100 0  0  0
 0  0      0 120816212 1676 136391348 0   0     0     0 4911 5210  0  0 100 0  0  0
 0  0      0 120814288 1676 136391348 0   0     0     0 7219 2481  0  0 100 0  0  0
 1  0      0 120818692 1676 136391348 0   0     0     0 10769 2171 0  0 100 0  0  0
 0  0      0 120819340 1676 136391348 0   0     0     4 10038 2703 0  0 100 0  0  0
procs -----------memory---------- ---swap-- -----io---- -system-- -------cpu-------
 r  b   swpd   free   buff  cache   si   so    bi    bo   in   cs us sy id wa st gu
 0  0      0 120821732 1676 136391348 0   0     0     0 9767 2750  0  0 100 0  0  0
 0  0      0 120820480 1676 136391348 0   0     0     0 9990 2654  0  0 100 0  0  0
 1  0      0 120827860 1676 136391348 0   0     0     0 11842 10367 0 0 100 0  0  0
 0  0      0 120824616 1676 136391348 0   0     0     0 11557 3906 0  0 100 0  0  0
 0  0      0 120816212 1676 136391348 0   0     0     0 9778 5766  0  0 100 0  0  0
 1  0      0 120814088 1676 136391348 0   0     0     0 9060 2726  0  0 100 0  0  0
 0  0      0 120815940 1676 136391384 0   0     0     0 9605 5690  0  0 100 0  0  0
 1  0      0 120817384 1676 136391384 0   0     0     0 8218 2662  0  0 100 0  0  0
 1  0      0 120821132 1676 136391384 0   0     0    32 8514 2647  0  0 100 0  0  0
 0  0      0 120818040 1676 136391384 0   0     0    48 7435 2512  0  0 100 0  0  0
 0  0      0 120818016 1676 136391388 0   0     0     0 3791 2432  0  0 100 0  0  0
 1  0      0 120818912 1676 136391388 0   0     0     0 6549 3018  0  0 100 0  0  0
 0  0      0 120819384 1676 136391388 0   0     0     0 5659 5400  0  0 100 0  0  0
 0  0      0 120817292 1676 136391324 0   0     0     0 3399 3341  0  0 100 0  0  0
 1  0      0 120800988 1676 136391324 0   0     0     0 6236 5264  0  0 100 0  0  0
 0  0      0 120804504 1676 136391324 0   0     0     0 3082 2176  0  0 100 0  0  0
 0  0      0 120805240 1676 136391324 0   0     0     0 3601 5062  0  0 100 0  0  0
 1  0      0 120804392 1676 136391324 0   0     0     0 6625 6300  0  0 100 0  0  0
 0  0      0 120812796 1676 136391324 0   0     0     0 6945 2226  0  0 100 0  0  0
 1  0      0 120813576 1676 136391324 0   0     0     0 5443 2652  0  0 100 0  0  0
 0  0      0 120816588 1676 136391324 0   0     0     4 3380 2764  0  0 100 0  0  0
procs -----------memory---------- ---swap-- -----io---- -system-- -------cpu-------
 r  b   swpd   free   buff  cache   si   so    bi    bo   in   cs us sy id wa st gu
 1  0      0 120817572 1676 136391324 0   0     0     0 4700 2818  0  0 100 0  0  0
 0  0      0 120819140 1676 136391324 0   0     0    78 4750 5557  0  0 100 0  0  0
 1  0      0 120822044 1676 136391324 0   0     0    16 4016 3626  0  0 100 0  0  0
 1  0      0 120819724 1676 136391324 0   0     0     0 5353 5176  0  0 100 0  0  0
 1  0      0 120820720 1676 136391324 0   0     0     0 3335 2288  0  0 100 0  0  0
 1  0      0 120820420 1676 136391324 0   0     0     0 4779 5243  0  0 100 0  0  0
 0  0      0 120823348 1676 136391292 0   0     0     0 3355 1990  0  0 100 0  0  0
 0  0      0 120823812 1676 136391292 0   0     0     0 5023 2478  0  0 100 0  0  0
 0  0      0 120823088 1676 136391292 0   0     0     0 4134 2762  0  0 100 0  0  0
 0  0      0 120822884 1676 136391292 0   0     0     0 4346 2913  0  0 100 0  0  0
 1  0      0 120826060 1676 136391292 0   0     0     4 5082 2848  0  0 100 0  0  0
 1  0      0 120823072 1676 136391292 0   0     0     0 6457 10187 0  0 100 0  0  0
 0  0      0 120827760 1676 136391292 0   0     0     0 3390 3012  0  0 100 0  0  0
 1  0      0 120817432 1676 136391292 0   0     0     0 6338 4870  0  0 100 0  0  0
 0  0      0 120819892 1676 136391292 0   0     0     0 3534 2472  0  0 100 0  0  0
 0  0      0 120819952 1676 136391292 0   0     0     0 7059 4688  0  0 100 0  0  0
 0  0      0 120819848 1676 136391292 0   0     0     0 5387 2292  0  0 100 0  0  0
 0  0      0 120818272 1676 136391292 0   0     0   200 5378 2247  0  0 100 0  0  0
 0  0      0 120820340 1676 136391292 0   0     0     0 5178 2426  0  0 100 0  0  0
 0  0      0 120822368 1676 136391292 0   0     0     4 6236 3038  0  0 100 0  0  0
 0  0      0 120820472 1676 136391292 0   0     0     0 5850 2393  0  0 100 0  0  0
procs -----------memory---------- ---swap-- -----io---- -system-- -------cpu-------
 r  b   swpd   free   buff  cache   si   so    bi    bo   in   cs us sy id wa st gu
 0  0      0 120815920 1676 136391260 0   0     0     0 6490 5274  0  0 100 0  0  0
 0  0      0 120818192 1676 136391260 0   0     0     0 7711 3876  0  0 100 0  0  0
 1  0      0 120820576 1676 136391260 0   0     0     4 8637 6163  0  0 100 0  0  0
 0  0      0 120820244 1676 136391260 0   0     0     0 4988 2349  0  0 100 0  0  0
 0  0      0 120816724 1676 136391260 0   0     0     0 6274 5075  0  0 100 0  0  0
 0  0      0 120824152 1676 136391260 0   0     0     0 6557 5870  0  0 100 0  0  0
 1  0      0 120821660 1676 136391260 0   0     0     0 5036 2794  0  0 100 0  0  0
 0  0      0 120821420 1676 136391260 0   0     0     0 5187 2339  0  0 100 0  0  0
 0  0      0 120823072 1676 136391260 0   0     0     0 6608 3137  0  0 100 0  0  0
 1  0      0 120824268 1676 136391260 0   0     0     0 5330 2659  0  0 100 0  0  0
 0  0      0 120826460 1676 136391260 0   0     0     1 8432 6075  0  0 100 0  0  0
 1  0      0 120828776 1676 136391264 0   0     0     4 10695 3353 0  0 100 0  0  0
 1  0      0 120819240 1676 136391280 0   0     0     0 5701 4644  0  0 100 0  0  0
 0  0      0 120820568 1676 136391280 0   0     0    12 3605 2531  0  0 100 0  0  0
 0  0      0 120818168 1676 136391280 0   0     0     0 5843 5633  0  0 100 0  0  0
 0  0      0 120818428 1676 136391280 0   0     0     0 5431 2150  0  0 100 0  0  0
 0  0      0 120820560 1676 136391280 0   0     0     0 7427 2375  0  0 100 0  0  0
 0  0      0 120820060 1676 136391280 0   0     0     0 7585 3004  0  0 100 0  0  0
 1  0      0 120820672 1676 136391280 0   0     0     0 4766 2935  0  0 100 0  0  0
 0  0      0 120821716 1676 136391280 0   0     0     0 4770 2580  0  0 100 0  0  0
 0  0      0 120819624 1676 136391280 0   0     0     0 5910 9926  0  0 100 0  0  0
procs -----------memory---------- ---swap-- -----io---- -system-- -------cpu-------
 r  b   swpd   free   buff  cache   si   so    bi    bo   in   cs us sy id wa st gu
 0  0      0 120821304 1676 136391280 0   0     0     0 4296 3215  0  0 100 0  0  0
 0  0      0 120819564 1676 136391284 0   0     0     4 7050 5731  0  0 100 0  0  0
 0  0      0 120817972 1676 136391296 0   0     0     0 6498 2316  0  0 100 0  0  0
 0  0      0 120820164 1676 136391332 0   0     0     0 7343 5065  0  0 100 0  0  0
 0  0      0 120821328 1676 136391332 0   0     0     0 6760 2752  0  0 100 0  0  0
 1  0      0 120822460 1676 136391332 0   0     0    16 7360 2581  0  0 100 0  0  0
 0  0      0 120822748 1676 136391332 0   0     0     0 5881 2370  0  0 100 0  0  0
 1  0      0 120825396 1676 136391332 0   0     0     0 6359 2711  0  0 100 0  0  0
 0  0      0 120825224 1676 136391332 0   0     0     0 7084 3111  0  0 100 0  0  0
 0  0      0 120825332 1676 136391356 0   0     0     0 9400 6141  0  0 100 0  0  0
 0  0      0 120825336 1676 136391356 0   0     0     0 7756 3176  0  0 100 0  0  0
 0  0      0 120815460 1676 136391372 0   0     0     0 9700 5492  0  0 100 0  0  0
 0  0      0 120814936 1676 136391372 0   0     0     4 7240 2046  0  0 100 0  0  0
 1  0      0 120815428 1676 136391372 0   0     0     0 7569 5288  0  0 100 0  0  0
 0  0      0 120815936 1676 136391372 0   0     0     0 4391 5839  0  0 100 0  0  0
 0  0      0 120815060 1676 136391372 0   0     0     0 6815 2537  0  0 100 0  0  0
 0  0      0 120815236 1676 136391372 0   0     0    44 5476 2947  0  0 100 0  0  0
 0  0      0 120819332 1676 136391372 0   0     0     0 5075 2790  0  0 100 0  0  0
 1  0      0 120820344 1676 136391372 0   0     0     0 4283 3040  0  0 100 0  0  0
 0  0      0 120814540 1676 136391388 0   0     0     2 6356 5979  0  0 100 0  0  0
 1  0      0 120817312 1676 136391388 0   0     0     0 5128 3322  0  0 100 0  0  0
procs -----------memory---------- ---swap-- -----io---- -system-- -------cpu-------
 r  b   swpd   free   buff  cache   si   so    bi    bo   in   cs us sy id wa st gu
 0  0      0 120813040 1676 136391388 0   0     0     0 6806 5379  0  0 100 0  0  0
 1  0      0 120812308 1676 136391388 0   0     0     0 4715 2422  0  0 100 0  0  0
 0  0      0 120816184 1676 136391388 0   0     0     4 4377 4796  0  0 100 0  0  0
 1  0      0 120814000 1676 136391388 0   0     0     0 4367 2213  0  0 100 0  0  0
 1  0      0 120816784 1676 136391388 0   0     0    12 4651 2431  0  0 100 0  0  0
 1  0      0 120816304 1676 136391388 0   0     0     0 4605 2782  0  0 100 0  0  0
 1  0      0 120814780 1676 136391388 0   0     0     0 5480 3192  0  0 100 0  0  0
 0  0      0 120816444 1676 136391388 0   0     0     0 7798 2531  0  0 100 0  0  0
 0  0      0 120817708 1676 136391388 0   0     0     0 8568 10586 0  0 100 0  0  0
 0  0      0 120819828 1676 136391388 0   0     0     0 7122 2932  0  0 100 0  0  0
 0  0      0 120816468 1676 136391388 0   0     0     0 8843 4971  0  0 100 0  0  0
 0  0      0 120815704 1676 136391388 0   0     0     4 8254 2650  0  0 100 0  0  0
 0  0      0 120816236 1676 136391388 0   0     0     0 8531 4558  0  0 100 0  0  0
 0  0      0 120817368 1676 136391388 0   0     0     0 7996 2231  0  0 100 0  0  0
 0  0      0 120819132 1676 136391388 0   0     0    16 6985 2118  0  0 100 0  0  0
 0  0      0 120817644 1676 136391388 0   0     0     0 8075 2446  0  0 100 0  0  0
 0  0      0 120816840 1676 136391388 0   0     0     0 8323 2975  0  0 100 0  0  0
 0  0      0 120811104 1676 136391388 0   0     0     0 6773 2748  0  0 100 0  0  0
 0  0      0 120812448 1676 136391388 0   0     0     0 9734 5406  0  0 100 0  0  0
 0  0      0 120813204 1676 136391388 0   0     0     0 7987 3971  0  0 100 0  0  0
 1  0      0 120813416 1676 136391388 0   0     0     0 8144 5779  0  0 100 0  0  0
procs -----------memory---------- ---swap-- -----io---- -system-- -------cpu-------
 r  b   swpd   free   buff  cache   si   so    bi    bo   in   cs us sy id wa st gu
 1  0      0 120817516 1676 136391404 0   0     0     0 11495 3044 0  0 100 0  0  0
 0  0      0 120817412 1676 136391404 0   0     0     4 10773 5169 0  0 100 0  0  0
 0  0      0 120816500 1676 136391404 0   0     0     0 11333 5762 0  0 100 0  0  0
 0  0      0 120816544 1676 136391404 0   0     0     0 9772 2459  0  0 100 0  0  0
 0  0      0 120816052 1676 136391404 0   0     0     0 10909 2712 0  0 100 0  0  0
 0  0      0 120816808 1676 136391404 0   0     0     0 9505 2781  0  0 100 0  0  0
 1  0      0 120802456 1676 136391404 0   0     0     0 7434 2956  0  0 100 0  0  0
 0  0      0 120806508 1676 136391408 0   0     0     0 11498 5799 0  0 100 0  0  0
 0  0      0 120807944 1676 136391408 0   0     0     0 10238 3325 0  0 100 0  0  0
 0  0      0 120811836 1676 136391408 0   0     0     8 10906 5043 0  0 100 0  0  0
 0  0      0 120813376 1676 136391408 0   0     0     0 10057 2737 0  0 100 0  0  0
 1  0      0 120817244 1676 136391408 0   0     0     4 5739 5070  0  0 100 0  0  0
 0  0      0 120816056 1676 136391408 0   0     0     0 5871 2472  0  0 100 0  0  0
 1  0      0 120816304 1676 136391408 0   0     0     0 5491 2203  0  0 100 0  0  0
 0  0      0 120816400 1676 136391408 0   0     0     0 4806 2616  0  0 100 0  0  0
 0  0      0 120815020 1676 136391408 0   0     0    12 5549 3020  0  0 100 0  0  0
 1  0      0 120814508 1676 136391408 0   0     0     0 5302 2259  0  0 100 0  0  0
 0  0      0 120816324 1676 136391408 0   0     0     0 7372 10060 0  0 100 0  0  0
 1  0      0 120815432 1676 136391408 0   0     0     0 6152 3125  0  0 99  0  0  0
 0  0      0 120806360 1676 136391404 0   0     0     0 6466 5228  0  0 100 0  0  0
 0  0      0 120807308 1676 136391392 0   0     0     4 5697 3287  0  0 100 0  0  0
procs -----------memory---------- ---swap-- -----io---- -system-- -------cpu-------
 r  b   swpd   free   buff  cache   si   so    bi    bo   in   cs us sy id wa st gu
 0  0      0 120806992 1676 136391428 0   0     0     0 5979 5095  0  0 100 0  0  0
 0  0      0 120806976 1676 136391428 0   0     0     0 5332 2721  0  0 100 0  0  0
 1  0      0 120810684 1676 136391428 0   0     0    16 5077 2691  0  0 100 0  0  0
 0  0      0 120810264 1676 136391428 0   0     0     0 5242 2619  0  0 100 0  0  0
 0  0      0 120811140 1676 136391428 0   0     0     0 5713 3298  1  0 99  0  0  0
 0  0      0 120812920 1676 136391428 0   0     0     0 5076 2648  0  0 100 0  0  0
 0  0      0 120813040 1676 136391428 0   0     0     0 6887 5692  0  0 100 0  0  0
 1  0      0 120812760 1676 136391428 0   0     0     0 5240 3368  0  0 100 0  0  0
 1  0      0 120804032 1676 136391432 0   0     0     0 7230 5380  0  0 100 0  0  0
 0  0      0 120809360 1676 136391428 0   0     0     4 5091 2203  0  0 100 0  0  0
 0  0      0 120809996 1676 136391428 0   0     0     0 6700 5638  0  0 99  0  0  0
 0  0      0 120807204 1676 136391428 0   0     0     0 7058 5781  0  0 100 0  0  0
 0  0      0 120810760 1676 136391428 0   0     0     0 4773 2705  0  0 100 0  0  0
 0  0      0 120811268 1676 136391428 0   0     0     0 5004 2536  0  0 100 0  0  0
 1  0      0 120815584 1676 136391428 0   0     0     0 4878 2935  0  0 100 0  0  0
 0  0      0 120816496 1676 136391428 0   0     0     0 5340 3296  0  0 99  0  0  0
 0  0      0 120810276 1676 136391428 0   0     0     0 5231 5676  0  0 100 0  0  0
 0  0      0 120811232 1676 136391428 0   0     0     0 5498 3824  0  0 100 0  0  0
 0  0      0 120811136 1676 136391428 0   0     0     4 6078 4968  0  0 100 0  0  0
 1  0      0 120812348 1676 136391428 0   0     0     0 4557 2483  0  0 100 0  0  0
 0  0      0 120811968 1676 136391428 0   0     0     0 5638 5305  0  0 100 0  0  0
procs -----------memory---------- ---swap-- -----io---- -system-- -------cpu-------
 r  b   swpd   free   buff  cache   si   so    bi    bo   in   cs us sy id wa st gu
 0  0      0 120814924 1676 136391428 0   0     0     0 5106 2110  0  0 100 0  0  0
 0  0      0 120815416 1676 136391428 0   0     0     4 4988 2510  0  0 100 0  0  0
 0  0      0 120818404 1676 136391428 0   0     0    40 3958 2342  0  0 100 0  0  0
 0  0      0 120816808 1676 136391428 0   0     0     0 5027 3148  1  0 99  0  0  0
 0  0      0 120819676 1676 136391428 0   0     0     0 4398 2339  0  0 100 0  0  0
 0  0      0 120814520 1676 136391428 0   0     0     0 7473 10382 0  0 100 0  0  0
 1  0      0 120815148 1676 136391428 0   0     0    12 4852 3514  0  0 100 0  0  0
 1  0      0 120813684 1676 136391428 0   0     0     0 6117 4706  0  0 100 0  0  0
 0  0      0 120812704 1676 136391428 0   0     0     4 4513 2489  0  0 100 0  0  0
 0  0      0 120816916 1676 136391428 0   0     0     0 5658 4434  0  0 100 0  0  0
 0  0      0 120816608 1676 136391428 0   0     0     0 4720 2207  0  0 100 0  0  0
 1  0      0 120816976 1676 136391428 0   0     0    16 4579 2278  0  0 100 0  0  0
 0  0      0 120820752 1676 136391428 0   0     0     0 4353 2041  0  0 100 0  0  0
 1  0      0 120817896 1676 136391428 0   0     0     0 4109 2776  1  0 99  0  0  0
 1  0      0 120815024 1676 136391428 0   0     0     0 5008 8488  1  0 99  0  0  0
 1  0      0 120818436 1676 136391428 0   0     0     0 5913 5897  1  0 99  0  0  0
 1  0      0 120818280 1676 136391428 0   0     0     0 5172 3612  1  0 99  0  0  0
 1  0      0 120813228 1676 136391436 0   0     0     0 6093 6389  0  0 99  0  0  0
 1  0      0 120814872 1676 136391436 0   0     0     4 4710 2296  1  0 99  0  0  0
 1  0      0 120811952 1676 136391436 0   0     0     4 6668 5035  1  0 99  0  0  0
 1  0      0 120811928 1676 136391436 0   0     0     0 8137 5824  1  0 99  0  0  0
procs -----------memory---------- ---swap-- -----io---- -system-- -------cpu-------
 r  b   swpd   free   buff  cache   si   so    bi    bo   in   cs us sy id wa st gu
 0  0      0 120816488 1676 136391436 0   0     0     0 6077 2527  0  0 99  0  0  0
 1  0      0 120814120 1676 136391436 0   0     0     0 6880 2779  1  0 99  0  0  0
 0  0      0 120816556 1676 136391436 0   0     0     0 7751 2574  1  0 99  0  0  0
 1  0      0 120817800 1676 136391436 0   0     0     4 6606 3258  1  0 99  0  0  0
 1  0      0 120811352 1676 136391436 0   0     0     0 9298 5559  1  0 99  0  0  0
 1  0      0 120813384 1676 136391436 0   0     0     0 4697 3538  1  0 99  0  0  0
 1  0      0 120809564 1676 136391436 0   0     0     0 5852 4871  1  0 99  0  0  0
 1  0      0 120813496 1676 136391436 0   0     0     0 3530 2274  0  0 99  0  0  0
 1  0      0 120817300 1676 136391436 0   0     0     0 5036 5581  1  0 99  0  0  0
 1  0      0 120814384 1676 136391436 0   0     0     0 3399 1978  0  0 99  0  0  0
 2  0      0 120816144 1676 136391436 0   0     0     4 4222 2005  1  0 99  0  0  0
 1  0      0 120829936 1676 136391440 0   0     0     0 4039 3235  1  0 99  0  0  0
 1  0      0 120823104 1676 136391440 0   0     0     0 5103 2911  1  0 99  0  0  0
 0  0      0 120823880 1676 136391440 0   0     0     0 2161 2461  0  0 100 0  0  0
 1  0      0 120818472 1676 136391440 0   0     0     0 5823 10577 0  0 99  0  0  0
 1  0      0 120814652 1676 136391440 0   0     0     0 6063 3666  1  0 99  0  0  0
 0  0      0 120807824 1676 136391440 0   0     0    12 4132 5081  0  0 100 0  0  0
 0  0      0 120808896 1676 136391440 0   0     0    12 1999 2428  0  0 100 0  0  0
 0  0      0 120809148 1676 136391440 0   0     0     0 2894 5071  0  0 100 0  0  0
 0  0      0 120809976 1676 136391476 0   0     0     0 2204 2543  0  0 100 0  0  0
 0  0      0 120811912 1676 136391476 0   0     0    16 2305 2693  0  0 100 0  0  0
procs -----------memory---------- ---swap-- -----io---- -system-- -------cpu-------
 r  b   swpd   free   buff  cache   si   so    bi    bo   in   cs us sy id wa st gu
 1  0      0 120812488 1676 136391476 0   0     0     0 4628 2656  1  0 99  0  0  0
 1  0      0 120814912 1676 136391476 0   0     0     0 3198 2781  1  0 99  0  0  0
 1  0      0 120814508 1676 136391476 0   0     0     0 3530 2743  1  0 99  0  0  0
 1  0      0 120810888 1676 136391476 0   0     0     0 6111 5740  1  0 99  0  0  0
 1  0      0 120813476 1676 136391476 0   0     0     0 6387 3203  1  0 99  0  0  0
 1  0      0 120813716 1676 136391476 0   0     0     0 6182 5187  1  0 99  0  0  0
 1  0      0 120809760 1676 136391476 0   0     0     4 3433 2383  1  0 99  0  0  0
 1  0      0 120809696 1676 136391476 0   0     0     0 5892 5694  1  0 99  0  0  0
 1  0      0 120810260 1676 136391476 0   0     0     0 6138 5861  1  0 99  0  0  0
 0  0      0 120810308 1676 136391476 0   0     0     0 3429 2586  1  0 99  0  0  0
 1  0      0 120810496 1676 136391476 0   0     0     0 6119 2751  1  0 99  0  0  0
 1  0      0 120810108 1676 136391476 0   0     0     0 7626 2908  1  0 99  0  0  0
 1  0      0 120809340 1676 136391476 0   0     0     0 6305 3092  1  0 99  0  0  0
 1  0      0 120813516 1676 136391476 0   0     0     4 9819 6175  1  0 99  0  0  0
 3  0      0 120812124 1676 136391468 0   0     0     0 6693 4037  1  0 99  0  0  0
 1  0      0 120801184 1676 136391468 0   0     0     0 8905 5057  1  0 99  0  0  0
 1  0      0 120800696 1676 136391468 0   0     0     0 4885 2167  0  0 99  0  0  0
 1  0      0 120800928 1676 136391468 0   0     0     0 8184 5347  1  0 99  0  0  0
 0  0      0 120803464 1676 136391468 0   0     0     0 5733 2364  0  0 100 0  0  0
 1  0      0 120803536 1676 136391468 0   0     0     4 6912 2481  1  0 99  0  0  0
 0  0      0 120802908 1676 136391468 0   0     0     0 7908 2994  1  0 99  0  0  0
procs -----------memory---------- ---swap-- -----io---- -system-- -------cpu-------
 r  b   swpd   free   buff  cache   si   so    bi    bo   in   cs us sy id wa st gu
 1  0      0 120801564 1676 136391468 0   0     0     0 5042 2698  1  0 99  0  0  0
 1  0      0 120801540 1676 136391468 0   0     0     0 8188 2533  1  0 99  0  0  0
 1  0      0 120801876 1676 136391468 0   0     0     0 6822 10432 0  0 99  0  0  0
 2  0      0 120804172 1676 136391468 0   0     0     0 8386 3912  1  0 99  0  0  0
 1  0      0 120803480 1676 136391476 0   0     0     0 6820 4777  1  0 99  0  0  0
 0  0      0 120803252 1676 136391476 0   0     0     4 6894 2213  1  0 99  0  0  0
 0  0      0 120804992 1676 136391476 0   0     0    40 7698 4554  1  0 99  0  0  0
 1  0      0 120807600 1676 136391476 0   0     0    12 5218 2170  1  0 99  0  0  0
 0  0      0 120807568 1676 136391476 0   0     0    60 7182 2142  1  0 99  0  0  0
 1  0      0 120807648 1676 136391480 0   0     0     0 5507 2473  0  0 100 0  0  0
 1  0      0 120808100 1676 136391480 0   0     0     0 7784 3261  1  0 99  0  0  0
 1  0      0 120806016 1676 136391480 0   0     0     0 5632 2419  1  0 99  0  0  0
 1  0      0 120804244 1676 136391480 0   0     0     4 7869 5738  1  0 99  0  0  0
 1  0      0 120801408 1676 136391480 0   0     0     0 7054 4231  1  0 99  0  0  0
 1  0      0 120803876 1676 136391480 0   0     0     0 10398 5439 1  0 99  0  0  0
 0  0      0 120801712 1676 136391480 0   0     0     0 6201 2353  1  0 99  0  0  0
 1  0      0 120802472 1676 136391480 0   0     0     0 7871 5545  1  0 99  0  0  0
 1  0      0 120802908 1676 136391480 0   0     0     0 5145 5920  1  0 99  0  0  0
 0  0      0 120804444 1676 136391480 0   0     0     4 3271 2553  0  0 100 0  0  0
 1  0      0 120804588 1676 136391480 0   0     0     0 4064 2606  1  0 99  0  0  0
 1  0      0 120802608 1676 136391480 0   0     0     0 3628 2572  0  0 100 0  0  0
procs -----------memory---------- ---swap-- -----io---- -system-- -------cpu-------
 r  b   swpd   free   buff  cache   si   so    bi    bo   in   cs us sy id wa st gu
 1  0      0 120806300 1676 136391480 0   0     0     0 4217 3344  1  0 99  0  0  0
 2  0      0 120799632 1676 136391488 0   0     0     0 5007 5991  1  0 99  0  0  0
 2  0      0 120800092 1676 136391496 0   0     0     0 4046 3891  0  0 100 0  0  0
 2  0      0 120792600 1676 136391496 0   0     0     0 6003 5185  1  0 99  0  0  0
 1  0      0 120792188 1676 136391496 0   0     0     4 3316 2376  0  0 100 0  0  0
 0  0      0 120797512 1676 136391500 0   0     0     0 4215 5457  1  0 99  0  0  0
 0  0      0 120799556 1676 136391500 0   0     0     0 2891 2320  0  0 100 0  0  0
 1  0      0 120801848 1676 136391500 0   0     0     0 2693 2092  0  0 100 0  0  0
 3  0      0 120803928 1676 136391504 0   0     0     0 3847 2792  1  0 99  0  0  0
 3  0      0 120800920 1676 136391504 0   0     0     4 4044 3028  1  0 99  0  0  0
 3  0      0 120804336 1676 136391504 0   0     0     0 4041 2284  0  0 99  0  0  0
 1  0      0 120802696 1676 136391504 0   0     0     0 6686 10483 1  0 99  0  0  0
 1  0      0 120801724 1676 136391504 0   0     0     0 4304 3621  1  0 99  0  0  0
 1  0      0 120798796 1676 136391504 0   0     0     0 7643 5022  1  0 99  0  0  0
 0  0      0 120798652 1676 136391504 0   0     0     0 7267 2377  1  0 99  0  0  0
 1  0      0 120801384 1676 136391504 0   0     0     0 8690 4995  1  0 99  0  0  0
 0  0      0 120801552 1676 136391540 0   0     0     0 8926 2301  1  0 99  0  0  0
 1  0      0 120803144 1676 136391540 0   0     0    16 7047 2487  1  0 99  0  0  0
 1  0      0 120804740 1676 136391540 0   0     0    44 8882 2131  1  0 99  0  0  0
 1  0      0 120801628 1676 136391540 0   0     0    20 6109 2427  0  0 99  0  0  0
 1  0      0 120802896 1676 136391540 0   0     0     0 8710 2712  1  0 99  0  0  0
procs -----------memory---------- ---swap-- -----io---- -system-- -------cpu-------
 r  b   swpd   free   buff  cache   si   so    bi    bo   in   cs us sy id wa st gu
 1  0      0 120793968 1676 136391540 0   0     0     0 7290 5757  1  0 99  0  0  0
 2  0      0 120795484 1676 136391540 0   0     0     0 8882 3805  1  0 99  0  0  0
 0  0      0 120798888 1676 136391540 0   0     0     0 8631 5407  1  0 99  0  0  0
 1  0      0 120797924 1676 136391540 0   0     0     0 7125 2232  1  0 99  0  0  0
 0  0      0 120800396 1676 136391540 0   0     0     0 8326 5955  1  0 99  0  0  0
 1  0      0 120803128 1676 136391540 0   0     0     0 6139 6097  1  0 99  0  0  0
 1  0      0 120804140 1676 136391540 0   0     0     0 6057 2057  1  0 99  0  0  0
 0  0      0 120804064 1676 136391540 0   0     0     0 4138 2632  0  0 100 0  0  0
 1  0      0 120806492 1676 136391540 0   0     0     0 7562 3046  1  0 99  0  0  0
 0  0      0 120806728 1676 136391540 0   0     0     0 2441 3140  0  0 100 0  0  0
 0  0      0 120805284 1676 136391536 0   0     0     0 3360 5411  0  0 100 0  0  0
 1  0      0 120799400 1676 136391540 0   0     0     0 2796 3934  0  0 100 0  0  0
 0  0      0 120800848 1676 136391540 0   0     0     0 3505 4396  0  0 100 0  0  0
 0  0      0 120800980 1676 136391540 0   0     0     0 1788 2223  0  0 100 0  0  0
 1  0      0 120800560 1676 136391540 0   0     0     0 6793 5731  1  0 99  0  0  0
 1  0      0 120804676 1676 136391540 0   0     0     0 6190 2208  1  0 99  0  0  0
 0  0      0 120804600 1676 136391540 0   0     0     0 7714 2738  1  0 99  0  0  0
 2  0      0 120805100 1676 136391540 0   0     0     0 6669 2861  1  0 99  0  0  0
 0  0      0 120808984 1676 136391540 0   0     0     0 7321 2746  1  0 99  0  0  0
 2  0      0 120809212 1676 136391540 0   0     0     4 5383 2757  1  0 99  0  0  0
 1  0      0 120806304 1676 136391540 0   0     0     0 9511 10376 1  0 99  0  0  0
procs -----------memory---------- ---swap-- -----io---- -system-- -------cpu-------
 r  b   swpd   free   buff  cache   si   so    bi    bo   in   cs us sy id wa st gu
 1  0      0 120801496 1676 136391540 0   0     0     0 6295 3748  1  0 99  0  0  0
 1  0      0 120798456 1676 136391540 0   0     0    20 8703 4970  1  0 99  0  0  0
 1  0      0 120802072 1676 136391540 0   0     0    20 4920 2538  0  0 99  0  0  0
 0  0      0 120802984 1676 136391540 0   0     0     0 5440 4703  1  0 99  0  0  0
 0  0      0 120802620 1676 136391540 0   0     0     0 4101 2116  1  0 99  0  0  0
 1  0      0 120802528 1676 136391540 0   0     0    76 3351 2217  1  0 99  0  0  0
 0  0      0 120800496 1676 136391540 0   0     0     0 3869 2639  1  0 99  0  0  0
 1  0      0 120802588 1676 136391540 0   0     0     0 4638 3367  1  0 99  0  0  0
 1  0      0 120769616 1676 136407916 0   0     0 16384 6072 5840  1  0 99  0  0  0
 1  0      0 120767420 1676 136407916 0   0     0    12 4848 5332  1  0 99  0  0  0
 1  0      0 120759320 1676 136407916 0   0     0     0 5890 4407  1  0 99  0  0  0
 1  0      0 120757248 1676 136407916 0   0     0     4 5860 6040  1  0 99  0  0  0
 1  0      0 120762180 1676 136407916 0   0     0     0 4908 2243  1  0 99  0  0  0
 1  0      0 120757448 1676 136407916 0   0     0     4 4502 5553  0  0 99  0  0  0
 4  0      0 120759048 1676 136407916 0   0     0     0 5182 6120  1  0 99  0  0  0
 1  0      0 120765896 1676 136407916 0   0     0     0 3691 2586  0  0 99  0  0  0
 1  0      0 120771340 1676 136407916 0   0     0     0 4844 2496  1  0 99  0  0  0
 0  0      0 120775684 1676 136407916 0   0     0     0 4525 2506  1  0 99  0  0  0
 1  0      0 120767460 1676 136407916 0   0     0     0 4749 3103  1  0 99  0  0  0
 1  0      0 120776980 1676 136407916 0   0     0    48 6689 5777  1  0 99  0  0  0
 1  0      0 120779320 1676 136407916 0   0     0     0 4920 3274  0  0 99  0  0  0
procs -----------memory---------- ---swap-- -----io---- -system-- -------cpu-------
 r  b   swpd   free   buff  cache   si   so    bi    bo   in   cs us sy id wa st gu
 1  0      0 120782196 1676 136407916 0   0     0     0 6152 4450  1  0 99  0  0  0
 1  0      0 120784148 1676 136407916 0   0     0     0 4401 2088  0  0 99  0  0  0
 1  0      0 120785680 1676 136407916 0   0     0     0 5233 5412  1  0 99  0  0  0
 0  0      0 120789708 1676 136407916 0   0     0     0 4943 2077  1  0 99  0  0  0
 1  0      0 120789532 1676 136407916 0   0     0     0 4117 2543  0  0 100 0  0  0
 1  0      0 120792296 1676 136407920 0   0     0     0 4897 3042  1  0 99  0  0  0
 1  0      0 120793364 1676 136407920 0   0     0     0 5744 3650  1  0 99  0  0  0
 1  0      0 120792868 1676 136407920 0   0     0     0 4898 2618  1  0 99  0  0  0
 1  0      0 120785640 1676 136407920 0   0     0     0 6600 9824  1  0 99  0  0  0
 1  0      0 120778572 1676 136407920 0   0     0     4 6273 3455  1  0 99  0  0  0
 0  0      0 120793608 1676 136407920 0   0     0     0 6754 5537  1  0 99  0  0  0
 1  0      0 120785640 1676 136407920 0   0     0  1016 3527 2396  1  0 99  0  0  0
 1  0      0 120785136 1676 136407956 0   0     0     0 5276 4974  1  0 99  0  0  0
 1  0      0 120793292 1676 136407956 0   0     0     0 3521 2058  1  0 99  0  0  0
 1  0      0 120794356 1676 136407956 0   0     0    16 4630 2611  1  0 99  0  0  0
 0  0      0 120794300 1676 136407956 0   0     0     0 2449 2206  0  0 100 0  0  0
 1  0      0 120794628 1676 136407956 0   0     0     0 2814 2648  0  0 100 0  0  0
 0  0      0 120796456 1676 136407956 0   0     0     0 2541 2738  0  0 100 0  0  0
 0  0      0 120794076 1676 136407956 0   0     0     0 3797 5833  0  0 100 0  0  0
 0  0      0 120791180 1676 136407972 0   0     0     0 2608 3750  0  0 100 0  0  0
 0  0      0 120790300 1676 136407980 0   0     0     0 3725 5076  0  0 100 0  0  0
procs -----------memory---------- ---swap-- -----io---- -system-- -------cpu-------
 r  b   swpd   free   buff  cache   si   so    bi    bo   in   cs us sy id wa st gu
 0  0      0 120794460 1676 136407980 0   0     0    12 2374 2526  0  0 100 0  0  0
 1  0      0 120794948 1676 136407980 0   0     0     0 4838 5193  1  0 99  0  0  0
 1  0      0 120793940 1676 136407980 0   0     0     0 4508 6010  1  0 99  0  0  0
 1  0      0 120798688 1676 136407980 0   0     0     0 4162 2119  1  0 99  0  0  0
 0  0      0 120802088 1676 136407980 0   0     0    44 4476 3095  1  0 99  0  0  0
 1  0      0 120802308 1676 136407980 0   0     0     0 4013 2999  1  0 99  0  0  0
 1  0      0 120802784 1676 136407980 0   0     0     0 4938 2927  1  0 99  0  0  0
 1  0      0 120796980 1676 136407980 0   0     0     1 5257 5965  1  0 99  0  0  0
 1  0      0 120794056 1676 136407980 0   0     0     0 5060 3597  1  0 99  0  0  0
 1  0      0 120786036 1676 136407980 0   0     0     0 5028 5180  0  0 99  0  0  0
 1  0      0 120784944 1676 136407980 0   0     0     0 4252 2383  1  0 99  0  0  0
 1  0      0 120782528 1676 136407980 0   0     0     0 4186 5362  0  0 99  0  0  0
 1  0      0 120782660 1676 136407980 0   0     0     0 3227 2174  1  0 99  0  0  0
 1  0      0 120783956 1676 136407980 0   0     0     0 5180 2784  1  0 99  0  0  0
 1  0      0 120784536 1676 136407980 0   0     0     0 4646 2541  1  0 99  0  0  0
 0  0      0 120790948 1676 136407980 0   0     0     0 5396 3099  1  0 99  0  0  0
 1  0      0 120792208 1676 136407980 0   0     0     0 3265 2213  1  0 99  0  0  0
 1  0      0 120790548 1676 136407988 0   0     0     0 8364 10784 1  0 99  0  0  0
 1  0      0 120778336 1676 136407988 0   0     0     0 6103 3832  1  0 99  0  0  0
 1  0      0 120772044 1676 136407988 0   0     0     0 7356 4543  1  0 99  0  0  0
 1  0      0 120768216 1676 136407988 0   0     0     4 3318 2308  1  0 99  0  0  0
procs -----------memory---------- ---swap-- -----io---- -system-- -------cpu-------
 r  b   swpd   free   buff  cache   si   so    bi    bo   in   cs us sy id wa st gu
 1  0      0 120770384 1676 136407988 0   0     0     0 4659 4988  1  0 99  0  0  0
 0  0      0 120773228 1676 136407988 0   0     0     0 3313 2260  1  0 99  0  0  0
 1  0      0 120773580 1676 136407988 0   0     0    84 6333 2408  1  0 99  0  0  0
 0  0      0 120775840 1676 136407988 0   0     0     0 5715 2258  1  0 99  0  0  0
 0  0      0 120778168 1676 136407988 0   0     0     0 4105 3329  0  0 100 0  0  0
 0  0      0 120779764 1676 136407988 0   0     0     0 3410 2615  0  0 100 0  0  0
 1  0      0 120782796 1676 136408004 0   0     0     0 4080 5255  0  0 100 0  0  0
 1  0      0 120778708 1676 136408004 0   0     0     0 6842 3923  1  0 99  0  0  0
 0  0      0 120776696 1676 136408004 0   0     0     0 6462 5710  0  0 100 0  0  0
 1  0      0 120775332 1676 136408004 0   0     0     0 5526 2140  1  0 99  0  0  0
 1  0      0 120778696 1676 136408004 0   0     0     0 6578 5716  1  0 99  0  0  0
 0  0      0 120764704 1676 136408004 0   0     0    12 3937 5532  0  0 100 0  0  0
 0  0      0 120763532 1676 136408004 0   0     0     0 5616 2748  1  0 99  0  0  0
 0  0      0 120766508 1676 136408004 0   0     0     0 5977 2458  0  0 99  0  0  0
 0  0      0 120762860 1676 136408004 0   0     0     0 4450 2519  0  0 99  0  0  0
 1  0      0 120763268 1676 136408004 0   0     0     0 6082 2450  1  0 99  0  0  0
 1  0      0 120762404 1676 136408004 0   0     0     2 6611 6507  1  0 99  0  0  0
 0  0      0 120759160 1676 136408004 0   0     0     0 6734 3724  1  0 99  0  0  0
 0  0      0 120754340 1676 136408004 0   0     0     4 8879 5178  1  0 99  0  0  0
 0  0      0 120754576 1676 136408004 0   0     0     0 3595 2220  0  0 100 0  0  0
 1  0      0 120756572 1676 136408004 0   0     0     0 5984 5692  0  0 99  0  0  0
procs -----------memory---------- ---swap-- -----io---- -system-- -------cpu-------
 r  b   swpd   free   buff  cache   si   so    bi    bo   in   cs us sy id wa st gu
 1  0      0 120757916 1676 136408004 0   0     0     0 2638 2101  0  0 99  0  0  0
 1  0      0 120764812 1676 136408004 0   0     0     0 3619 2756  0  0 99  0  0  0
 1  0      0 120765288 1676 136408004 0   0     0     0 3733 2472  1  0 99  0  0  0
 2  0      0 120767688 1676 136408004 0   0     0     0 4029 2996  0  0 99  0  0  0
 1  0      0 120767756 1676 136408004 0   0     0     0 6870 2480  1  0 99  0  0  0
 1  0      0 120770032 1676 136408004 0   0     0     0 8237 10487 1  0 99  0  0  0
 1  0      0 120773064 1676 136408004 0   0     0     0 7168 4553  1  0 99  0  0  0
 0  0      0 120779832 1676 136408016 0   0     0     0 8197 4873  1  0 99  0  0  0
 1  0      0 120780204 1676 136408016 0   0     0     4 5736 2407  1  0 99  0  0  0
 1  0      0 120779508 1676 136408052 0   0     0     0 8249 4982  1  0 99  0  0  0
 0  0      0 120780512 1676 136408052 0   0     0     0 3371 1910  0  0 100 0  0  0
 0  0      0 120781668 1676 136408052 0   0     0    32 2192 2554  0  0 100 0  0  0
 0  0      0 120782584 1676 136408052 0   0     0     0 1969 2253  0  0 100 0  0  0
 0  0      0 120782628 1676 136408052 0   0     0     0 2241 2812  0  0 100 0  0  0
 0  0      0 120782704 1676 136408052 0   0     0     0 1975 2364  0  0 100 0  0  0
 1  0      0 120792008 1676 136408060 0   0     0     0 5729 5791  1  0 99  0  0  0
 1  0      0 120788092 1676 136408052 0   0     0     0 7980 3893  1  0 99  0  0  0
 1  0      0 120777740 1676 136408052 0   0     0     0 7471 5552  1  0 99  0  0  0
 1  0      0 120778528 1676 136408052 0   0     0     0 7161 2170  1  0 99  0  0  0
 1  0      0 120780200 1676 136408052 0   0     0     0 5424 6057  1  0 99  0  0  0
 1  0      0 120783556 1676 136408052 0   0     0     0 5362 5867  1  0 99  0  0  0
procs -----------memory---------- ---swap-- -----io---- -system-- -------cpu-------
 r  b   swpd   free   buff  cache   si   so    bi    bo   in   cs us sy id wa st gu
 0  0      0 120788620 1676 136408052 0   0     0     0 4858 2457  1  0 99  0  0  0
 1  0      0 120789308 1676 136408052 0   0     0    12 3992 2773  1  0 99  0  0  0
 0  0      0 120787728 1676 136408052 0   0     0     0 5323 2926  1  0 99  0  0  0
 1  0      0 120791436 1676 136408052 0   0     0     0 4356 2823  0  0 100 0  0  0
 1  0      0 120793616 1676 136408052 0   0     0     0 6599 6107  1  0 99  0  0  0
 1  0      0 120789084 1676 136408052 0   0     0     0 4542 3870  1  0 99  0  0  0
 1  0      0 120791492 1676 136408052 0   0     0     0 5218 4841  0  0 99  0  0  0
 1  0      0 120792008 1676 136408052 0   0     0     0 5313 2551  1  0 99  0  0  0
 1  0      0 120791860 1676 136408052 0   0     0     0 4408 5159  0  0 99  0  0  0
 1  0      0 120792600 1676 136408052 0   0     0     0 5031 2242  1  0 99  0  0  0
 0  0      0 120794052 1676 136408052 0   0     0     0 5133 2826  0  0 100 0  0  0
 1  0      0 120794252 1676 136408052 0   0     0    44 4631 2627  1  0 99  0  0  0
 0  0      0 120795428 1676 136408052 0   0     0     0 5325 2934  0  0 99  0  0  0
 0  0      0 120795996 1676 136408052 0   0     0     0 4291 3336  0  0 100 0  0  0
 1  0      0 120793984 1676 136408052 0   0     0     0 8720 10011 1  0 99  0  0  0
 0  0      0 120790592 1676 136408052 0   0     0     0 6921 3867  1  0 99  0  0  0
 1  0      0 120785872 1676 136408052 0   0     0     0 7939 4637  1  0 99  0  0  0
 1  0      0 120787548 1676 136408052 0   0     0     0 7199 2324  1  0 99  0  0  0
 1  0      0 120790456 1676 136408052 0   0     0     0 6990 4831  0  0 99  0  0  0
 1  0      0 120791620 1676 136408052 0   0     0     4 7888 2180  1  0 99  0  0  0
 1  0      0 120793464 1676 136408052 0   0     0    16 5075 2182  0  0 99  0  0  0
procs -----------memory---------- ---swap-- -----io---- -system-- -------cpu-------
 r  b   swpd   free   buff  cache   si   so    bi    bo   in   cs us sy id wa st gu
 1  0      0 120798644 1676 136408052 0   0     0     0 7670 2495  1  0 99  0  0  0
 1  0      0 120800636 1676 136408052 0   0     0     0 6724 3016  1  0 99  0  0  0
 2  0      0 120802380 1676 136408052 0   0     0     0 7622 2934  1  0 99  0  0  0
 1  0      0 120806104 1676 136408052 0   0     0     0 7040 5201  0  0 99  0  0  0
 1  0      0 120796332 1676 136408052 0   0     0     0 8091 4542  1  0 99  0  0  0
 1  0      0 120801096 1676 136408052 0   0     0     0 9829 5386  1  0 99  0  0  0
 1  0      0 120800700 1676 136408052 0   0     0     0 5906 2869  1  0 99  0  0  0
 1  0      0 120802132 1676 136408052 0   0     0     0 5787 5237  1  0 99  0  0  0
 1  0      0 120800056 1676 136408052 0   0     0     0 4073 5631  0  0 99  0  0  0
 1  0      0 120800752 1676 136408052 0   0     0     0 4286 2534  1  0 99  0  0  0
 1  0      0 120800444 1676 136408052 0   0     0     0 4543 2951  0  0 99  0  0  0
 1  0      0 120799636 1676 136408052 0   0     0     0 4595 2697  1  0 99  0  0  0
 1  0      0 120804060 1676 136408052 0   0     0     0 3420 2727  0  0 100 0  0  0
 1  0      0 120796596 1676 136408052 0   0     0    12 6152 6153  1  0 99  0  0  0
 0  0      0 120788536 1676 136408052 0   0     0     0 5325 3915  1  0 99  0  0  0
 1  0      0 120784924 1676 136408052 0   0     0     0 4111 4591  0  0 99  0  0  0
 1  0      0 120786672 1676 136408052 0   0     0     0 3806 2097  1  0 99  0  0  0
 1  0      0 120787820 1676 136408052 0   0     0     0 5068 5895  1  0 99  0  0  0
 1  0      0 120790192 1676 136408052 0   0     0     0 4289 1876  1  0 99  0  0  0
 1  0      0 120790400 1676 136408052 0   0     0     0 3641 2426  0  0 99  0  0  0
 1  0      0 120790920 1676 136408052 0   0     0     0 5298 3059  1  0 99  0  0  0
procs -----------memory---------- ---swap-- -----io---- -system-- -------cpu-------
 r  b   swpd   free   buff  cache   si   so    bi    bo   in   cs us sy id wa st gu
 1  0      0 120790748 1676 136408052 0   0     0     0 5439 2958  1  0 99  0  0  0
 1  0      0 120784856 1676 136408052 0   0     0     0 7661 2629  1  0 99  0  0  0
 0  0      0 120791704 1676 136408052 0   0     0     0 11068 9306 1  0 99  0  0  0
 1  0      0 120784740 1676 136408052 0   0     0     0 7571 4153  1  0 99  0  0  0
 0  0      0 120797716 1676 136408056 0   0     0     8 10878 5127 1  0 99  0  0  0
 1  0      0 120798296 1676 136408056 0   0     0     0 6020 2414  0  0 100 0  0  0
 1  0      0 120800400 1676 136408092 0   0     0     0 9239 5618  1  0 99  0  0  0
 0  0      0 120800420 1676 136408092 0   0     0     0 6636 2137  1  0 99  0  0  0
 1  0      0 120800980 1676 136408092 0   0     0     4 8769 2589  1  0 99  0  0  0
 0  0      0 120800640 1676 136408092 0   0     0    16 6855 2477  1  0 99  0  0  0
 0  0      0 120801692 1676 136408092 0   0     0     0 10040 2836 0  0 100 0  0  0
 0  0      0 120796948 1676 136408092 0   0     0     0 10640 2902 0  0 100 0  0  0
 1  0      0 120794924 1676 136408092 0   0     0     0 12894 5461 0  0 100 0  0  0
 0  0      0 120796056 1676 136408092 0   0     0     0 7056 4262  0  0 100 0  0  0
 1  0      0 120793680 1676 136408092 0   0     0     0 6543 5130  0  0 100 0  0  0
 0  0      0 120792572 1676 136408092 0   0     0     0 5461 2413  0  0 100 0  0  0
 1  0      0 120797612 1676 136408092 0   0     0     0 7125 5246  0  0 100 0  0  0
 0  0      0 120796348 1676 136408092 0   0     0     0 8578 6182  0  0 99  0  0  0
 1  0      0 120797704 1676 136408092 0   0     0     0 5894 2427  0  0 100 0  0  0
 1  0      0 120796524 1676 136408092 0   0     0     0 5534 3040  0  0 99  0  0  0
 0  0      0 120800560 1676 136408092 0   0     0     0 4705 2932  0  0 100 0  0  0
procs -----------memory---------- ---swap-- -----io---- -system-- -------cpu-------
 r  b   swpd   free   buff  cache   si   so    bi    bo   in   cs us sy id wa st gu
 0  0      0 120803280 1676 136408092 0   0     0     0 3004 3135  0  0 100 0  0  0
 0  0      0 120805664 1676 136408092 0   0     0     0 3909 5975  0  0 100 0  0  0
 0  0      0 120805216 1676 136408092 0   0     0     0 3564 4470  0  0 100 0  0  0
 0  0      0 120797776 1676 136408092 0   0     0    12 3915 5019  0  0 100 0  0  0
 0  0      0 120798204 1676 136408092 0   0     0     0 2116 2518  0  0 100 0  0  0
 0  0      0 120799660 1676 136408092 0   0     0     0 2632 5269  0  0 100 0  0  0
 0  0      0 120800068 1676 136408092 0   0     0     0 2187 2682  0  0 100 0  0  0
 0  0      0 120801072 1676 136408096 0   0     0     4 2377 2666  0  0 100 0  0  0
 0  0      0 120801248 1676 136408096 0   0     0     0 2169 2705  0  0 100 0  0  0
 0  0      0 120805800 1676 136408096 0   0     0     0 3170 3638  0  0 100 0  0  0
 0  0      0 120805800 1676 136408096 0   0     0     0 2284 2708  0  0 100 0  0  0
 0  0      0 120801076 1676 136408104 0   0     0     0 4689 10454 0  0 100 0  0  0
 0  0      0 120803212 1676 136408096 0   0     0     0 3057 4207  0  0 100 0  0  0
 0  0      0 120799264 1676 136408096 0   0     0     0 3480 4567  0  0 100 0  0  0
 0  0      0 120799292 1676 136408096 0   0     0     0 2302 2668  0  0 100 0  0  0
 0  0      0 120799380 1676 136408096 0   0     0    40 3057 5063  0  0 100 0  0  0
 0  0      0 120799884 1676 136408096 0   0     0     0 2190 2587  0  0 100 0  0  0
 0  0      0 120800692 1676 136408096 0   0     0     0 2296 2776  0  0 100 0  0  0
 0  0      0 120800712 1676 136408096 0   0     0    16 2271 2714  0  0 100 0  0  0
 0  0      0 120802480 1676 136408096 0   0     0     4 2930 3524  0  0 100 0  0  0
 1  0      0 120798508 1676 136408096 0   0     0     0 3007 8645  0  0 100 0  0  0
procs -----------memory---------- ---swap-- -----io---- -system-- -------cpu-------
 r  b   swpd   free   buff  cache   si   so    bi    bo   in   cs us sy id wa st gu
 1  0      0 120796144 1676 136408096 0   0     0     0 3986 6021  0  0 100 0  0  0
 0  0      0 120790248 1676 136408096 0   0     0     0 3863 5121  0  0 100 0  0  0
 0  0      0 120796640 1676 136408096 0   0     0     0 4185 5798  0  0 100 0  0  0
 0  0      0 120797936 1676 136408096 0   0     0     0 2185 2685  0  0 100 0  0  0
 0  0      0 120798752 1676 136408096 0   0     0     0 3081 5684  0  0 100 0  0  0
 0  0      0 120800164 1676 136408096 0   0     0     0 3053 6281  0  0 100 0  0  0
 0  0      0 120802288 1676 136408096 0   0     0     0 2418 2778  0  0 100 0  0  0
 0  0      0 120827328 1676 136408096 0   0     0     0 2349 3061  0  0 100 0  0  0
 1  0      0 120802396 1676 136424476 0   0     0 16388 5885 9426  0  0 100 0  0  0
 0  0      0 120802768 1676 136424476 0   0     0     0 2977 4231  0  0 100 0  0  0
 0  0      0 120800360 1676 136424472 0   0     0     0 3892 6072  0  0 100 0  0  0
 0  0      0 120792108 1676 136424476 0   0     0   105 2978 3800  0  0 100 0  0  0
 0  0      0 120788448 1676 136424476 0   0     0     0 3577 4653  0  0 100 0  0  0
