procs -----------memory---------- ---swap-- -----io---- -system-- -------cpu-------
 r  b   swpd   free   buff  cache   si   so    bi    bo   in   cs us sy id wa st gu
 0  0      0 119891680 1600 137209432 0   0  1192 98134 6209    0  0  0 98  1  0  0
 0  0      0 119876160 1600 137209920 0   0     0     0 5147 7712  0  0 100 0  0  0
 0  0      0 119888628 1600 137209920 0   0     0     0 3467 7615  0  0 100 0  0  0
 0  0      0 119891168 1600 137209952 0   0     0     4 2915 4786  0  0 100 0  0  0
 0  0      0 119897432 1600 137209952 0   0     0     0 2321 2585  0  0 100 0  0  0
 1  0      0 119901660 1600 137209952 0   0     0     0 2190 2742  0  0 100 0  0  0
 0  0      0 119906164 1600 137209952 0   0     0   139 2801 3099  0  0 99  0  0  0
 0  0      0 119914000 1600 137209956 0   0   252     0 5416 10253 0  0 100 0  0  0
 0  0      0 119875088 1600 137220836 0   0     0   624 7219 10417 0  0 100 0  0  0
 0  0      0 119833960 1600 137261800 0   0     0     0 4022 5833  0  0 100 0  0  0
 0  0      0 119768232 1600 137329384 0   0     0     0 4585 3691  0  0 100 0  0  0
 0  0      0 119727980 1600 137370344 0   0     0  3504 4092 4298  0  0 100 0  0  0
 0  0      0 119675768 1600 137424616 0   0     0     0 3025 2651  0  0 100 0  0  0
 0  0      0 119635412 1600 137465576 0   0     0    12 3889 6260  0  0 100 0  0  0
 0  0      0 119596140 1600 137506536 0   0     0     0 2976 3090  0  0 100 0  0  0
 0  0      0 119554912 1600 137547496 0   0     0     0 3065 3283  0  0 100 0  0  0
 0  0      0 119502044 1600 137601768 0   0     0     0 3927 3440  0  0 100 0  0  0
 0  0      0 119458868 1600 137642752 0   0     0     0 5546 10949 0  0 100 0  0  0
 0  0      0 119393124 1600 137710344 0   0     0     0 4168 3794  0  0 100 0  0  0
 0  0      0 119352772 1600 137751308 0   0     0     0 4328 5019  0  0 100 0  0  0
 0  0      0 119287756 1600 137818892 0   0     0     0 4626 3640  0  0 100 0  0  0
procs -----------memory---------- ---swap-- -----io---- -system-- -------cpu-------
 r  b   swpd   free   buff  cache   si   so    bi    bo   in   cs us sy id wa st gu
 0  0      0 119228164 1600 137873164 0   0     0   240 5466 7490  0  0 100 0  0  0
 1  0      0 119187160 1600 137915148 0   0   140     0 3154 2980  0  0 100 0  0  0
 0  0      0 119133376 1600 137968520 0   0     0     0 5037 6009  0  0 100 0  0  0
 0  0      0 119080528 1600 138022792 0   0     0     0 3842 3335  0  0 100 0  0  0
 0  0      0 119026216 1600 138078088 0   0     0     0 4105 3943  0  0 100 0  0  0
 0  0      0 118959912 1600 138145672 0   0     0     0 3474 3013  0  0 100 0  0  0
 0  0      0 118908776 1600 138199944 0   0     0     0 4850 5936  0  0 100 0  0  0
 0  0      0 118854732 1600 138254208 0   0     0  2828 5437 4899  0  0 100 0  0  0
 0  0      0 118829796 1600 138282880 0   0     0 1048579 7544 5953 0 0 100 0  0  0
 0  0      0 118816544 1600 138297216 0   0     0     0 2784 2896  0  0 100 0  0  0
 0  0      0 118755180 1600 138351488 0   0     0    20 4907 3472  0  0 100 0  0  0
 0  0      0 118704516 1600 138405760 0   0     0     0 4856 7963  1  0 99  0  0  0
 0  0      0 118623180 1600 138487680 0   0     0     4 5106 5073  0  0 100 0  0  0
 0  0      0 118556492 1600 138555300 0   0     0     4 4209 3166  0  0 100 0  0  0
 0  0      0 118517520 1600 138596260 0   0     0     0 3265 2927  0  0 100 0  0  0
 0  0      0 118464684 1600 138650532 0   0     0  1394 4051 3196  0  0 100 0  0  0
 0  0      0 118428016 1600 138691492 0   0     0     0 4768 6248  0  0 100 0  0  0
 1  0      0 118360844 1600 138759076 0   0     0     4 4042 3276  0  0 100 0  0  0
 0  0      0 118320720 1600 138800036 0   0     0     0 4490 5253  0  0 100 0  0  0
 1  0      0 118262116 1600 138860452 0   0     0     0 5182 3957  0  0 100 0  0  0
 0  0      0 118208508 1600 138908580 0   0     0   152 4301 3709  0  0 100 0  0  0
procs -----------memory---------- ---swap-- -----io---- -system-- -------cpu-------
 r  b   swpd   free   buff  cache   si   so    bi    bo   in   cs us sy id wa st gu
 0  0      0 118141508 1600 138976164 0   0     0     0 3940 2865  0  0 100 0  0  0
 0  0      0 118087560 1600 139031460 0   0     0     0 4815 6819  0  0 100 0  0  0
 1  0      0 118031756 1600 139087820 0   0     0     0 3580 3383  0  0 100 0  0  0
 0  0      0 117980100 1600 139140048 0   0     0     0 3925 3356  0  0 100 0  0  0
 0  0      0 117926652 1600 139194320 0   0     0     4 3589 3210  0  0 100 0  0  0
 0  0      0 117882252 1600 139235280 0   0     0     0 5964 10623 0  0 100 0  0  0
 0  0      0 117818344 1600 139302872 0   0     0     0 5348 4120  0  0 100 0  0  0
 1  0      0 117805768 1600 139316184 0   0     0 1048577 8117 5779 0 0 100 0  0  0
 0  0      0 117736788 1600 139386840 0   0     0     0 5286 3604  0  0 100 0  0  0
 1  0      0 117663976 1600 139451352 0   0     0     0 3481 2945  0  0 100 0  0  0
 0  0      0 117622388 1600 139495384 0   0     0     0 3517 3281  0  0 100 0  0  0
 0  0      0 117570008 1600 139549656 0   0     0    20 3898 5777  0  0 100 0  0  0
 0  0      0 117516252 1600 139603928 0   0     0     4 3473 3070  0  0 100 0  0  0
 0  0      0 117464504 1600 139658200 0   0     0     0 3200 3046  0  0 100 0  0  0
 1  0      0 117419812 1600 139704280 0   0     0     0 3729 3082  0  0 100 0  0  0
 0  0      0 117371708 1600 139753432 0   0     0     0 4579 6111  0  0 100 0  0  0
 0  0      0 117323360 1600 139807704 0   0     0     0 3910 3448  0  0 100 0  0  0
 0  0      0 117256376 1600 139875288 0   0     0     0 4145 4386  0  0 100 0  0  0
 0  0      0 117215792 1600 139916248 0   0     0     0 3569 3301  0  0 100 0  0  0
 0  0      0 117158132 1600 139970520 0   0     0     0 3828 3102  0  0 100 0  0  0
 0  0      0 117096660 1600 140039128 0   0     0     0 4675 7918  0  0 99  0  0  0
procs -----------memory---------- ---swap-- -----io---- -system-- -------cpu-------
 r  b   swpd   free   buff  cache   si   so    bi    bo   in   cs us sy id wa st gu
 0  0      0 117028368 1600 140107164 0   0   452    16 4863 5097  0  0 100 0  0  0
 0  0      0 116961432 1600 140174748 0   0     0     8 4878 3344  0  0 100 0  0  0
 1  0      0 116925636 1600 140211612 0   0     0     0 3101 3005  0  0 100 0  0  0
 0  0      0 116880508 1600 140256668 0   0     0    63 3050 2797  0  0 100 0  0  0
 0  0      0 116809100 1600 140324256 0   0     0     0 5437 6365  0  0 100 0  0  0
 0  0      0 116778156 1600 140357020 0   0     0 1048578 7777 4363 0 0 100 0  0  0
 0  0      0 116723616 1600 140408224 0   0     0     0 4090 5200  0  0 100 0  0  0
 0  0      0 116656060 1600 140475808 0   0     0     0 4680 3693  0  0 100 0  0  0
 0  0      0 116615268 1600 140516768 0   0     0  1148 3316 3564  0  0 100 0  0  0
 0  0      0 116546524 1600 140585376 0   0     0     0 4311 3197  0  0 100 0  0  0
 0  0      0 116492880 1600 140639648 0   0     0     4 3830 5661  0  0 100 0  0  0
 1  0      0 116435248 1600 140698016 0   0     0     0 4215 3330  0  0 100 0  0  0
 0  0      0 116385336 1600 140748192 0   0     0     0 4010 3486  0  0 100 0  0  0
 0  0      0 116318860 1600 140815776 0   0     0     0 3737 3352  0  0 100 0  0  0
 0  0      0 116275200 1600 140856744 0   0     0     0 6253 10971 0  0 100 0  0  0
 0  0      0 116232768 1600 140897696 0   0     0     0 4536 3735  0  0 100 0  0  0
 0  0      0 116179272 1600 140951968 0   0     0     0 3619 4631  0  0 100 0  0  0
 1  0      0 116137696 1600 140994976 0   0     0     0 4159 4306  0  0 100 0  0  0
 0  0      0 116066056 1600 141060512 0   0     0     0 4806 3732  0  0 100 0  0  0
 0  0      0 116012072 1600 141114784 0   0     0     0 3151 2653  0  0 100 0  0  0
 1  0      0 115953280 1600 141174176 0   0     0     0 3942 6109  0  0 100 0  0  0
procs -----------memory---------- ---swap-- -----io---- -system-- -------cpu-------
 r  b   swpd   free   buff  cache   si   so    bi    bo   in   cs us sy id wa st gu
 0  0      0 115905128 1600 141223328 0   0     0     0 4143 3258  0  0 100 0  0  0
 1  0      0 115823208 1600 141305248 0   0     0     0 4276 3686  0  0 100 0  0  0
 0  0      0 115770832 1600 141359520 0   0     0     0 3662 3201  0  0 100 0  0  0
 0  0      0 115731992 1600 141405604 0   0     0 1048579 9018 6638 0 0 100 0  0  0
 0  0      0 115667776 1600 141470116 0   0     0     0 5186 4184  0  0 100 0  0  0
 0  0      0 115612872 1600 141524384 0   0     0     0 4176 4358  0  0 100 0  0  0
 0  0      0 115558668 1600 141578656 0   0     0     0 3535 3515  0  0 100 0  0  0
 0  0      0 115480544 1600 141647264 0   0     0     0 4806 3281  0  0 100 0  0  0
 0  0      0 115430992 1600 141701536 0   0     0     0 4207 7605  0  0 100 0  0  0
 0  0      0 115363660 1600 141769120 0   0     0     4 4460 5132  0  0 100 0  0  0
 2  0      0 115307436 1600 141825440 0   0     0     0 4463 3297  0  0 100 0  0  0
 1  0      0 115256108 1600 141877664 0   0     0     8 4379 3662  0  0 100 0  0  0
 0  0      0 115201952 1600 141932960 0   0     0    12 4452 3344  0  0 100 0  0  0
 0  0      0 115151108 1600 141987232 0   0     0    20 5314 6167  0  0 100 0  0  0
 0  0      0 115095428 1600 142041496 0   0     0     0 5103 3930  0  0 100 0  0  0
 1  0      0 115053780 1600 142083480 0   0     0     0 3583 4515  0  0 100 0  0  0
 0  0      0 114987716 1600 142150044 0   0     0     0 4478 4036  0  0 100 0  0  0
 0  0      0 114945092 1600 142191004 0   0     0    88 3787 3376  0  0 100 0  0  0
 0  0      0 114877844 1600 142258588 0   0     0     0 4328 2832  0  0 100 0  0  0
 0  0      0 114825728 1600 142312860 0   0     0     0 6022 7385  1  0 99  0  0  0
 0  0      0 114759184 1600 142381508 0   0     0     0 4666 3420  0  0 100 0  0  0
procs -----------memory---------- ---swap-- -----io---- -system-- -------cpu-------
 r  b   swpd   free   buff  cache   si   so    bi    bo   in   cs us sy id wa st gu
 0  0      0 114705600 1600 142435780 0   0     0     0 3964 3684  0  0 100 0  0  0
 0  0      0 114679812 1600 142464452 0   0     0 1048577 7220 4285 0 0 100 0  0  0
 0  0      0 114630568 1600 142518724 0   0     0     0 5918 10181 0  0 100 0  0  0
 0  0      0 114561176 1600 142587332 0   0     0     0 4053 3859  0  0 100 0  0  0
 0  0      0 114521568 1600 142627268 0   0     0     0 3239 4410  0  0 100 0  0  0
 0  0      0 114453692 1600 142695876 0   0     0     0 4976 4056  0  0 100 0  0  0
 0  0      0 114396928 1600 142750148 0   0     0     4 3436 3210  0  0 100 0  0  0
 0  0      0 114329364 1600 142817732 0   0     0     0 5247 3310  0  0 100 0  0  0
 1  0      0 114296520 1600 142851524 0   0     0     0 3564 5446  0  0 100 0  0  0
 0  0      0 114252100 1600 142899652 0   0     0     0 2989 2894  0  0 100 0  0  0
 2  0      0 114190420 1600 142961092 0   0     0     0 4335 3649  0  0 100 0  0  0
 0  0      0 114143372 1600 143008196 0   0     0     0 3201 3170  0  0 100 0  0  0
 0  0      0 114083428 1600 143062464 0   0     0     0 5946 6276  0  0 100 0  0  0
 1  0      0 114009856 1600 143134148 0   0     0     0 5189 4084  0  0 100 0  0  0
 0  0      0 113972992 1600 143171012 0   0     0     0 3778 4400  0  0 100 0  0  0
 0  0      0 113932412 1600 143211972 0   0     0     0 3636 3550  0  0 100 0  0  0
 0  0      0 113855412 1600 143280580 0   0     0     0 4913 3642  0  0 100 0  0  0
 0  0      0 113788968 1600 143348164 0   0     0     0 5073 7640  0  0 100 0  0  0
 0  0      0 113734644 1600 143402436 0   0     0     0 5154 5534  0  0 100 0  0  0
 0  0      0 113707540 1600 143430084 0   0     0     0 2917 2822  0  0 100 0  0  0
 0  0      0 113654196 1600 143484356 0   0     0     8 3879 3428  0  0 100 0  0  0
procs -----------memory---------- ---swap-- -----io---- -system-- -------cpu-------
 r  b   swpd   free   buff  cache   si   so    bi    bo   in   cs us sy id wa st gu
 0  0      0 113626196 1600 143513032 0   0     0 1048579 7687 3856 0 0 100 0  0  0
 1  0      0 113559684 1600 143580620 0   0     0    19 5870 6702  0  0 100 0  0  0
 0  0      0 113503572 1600 143635904 0   0     0    12 3906 3897  0  0 100 0  0  0
 0  0      0 113449060 1600 143690176 0   0     0     0 3856 4614  0  0 100 0  0  0
 0  0      0 113381800 1600 143757764 0   0     0     0 4981 4422  0  0 100 0  0  0
 0  0      0 113303700 1600 143825348 0   0     0    20 4992 3680  0  0 100 0  0  0
 0  0      0 113223760 1600 143907268 0   0     0     0 4234 2868  0  0 100 0  0  0
 0  0      0 113177860 1600 143961540 0   0     0     0 3577 5508  0  0 100 0  0  0
 0  0      0 113108764 1600 144030148 0   0     0    44 3441 2997  0  0 100 0  0  0
 0  0      0 113043516 1600 144097732 0   0     0     0 3827 3431  0  0 100 0  0  0
 0  0      0 112976196 1600 144165316 0   0     0     0 4958 3781  0  0 100 0  0  0
 0  0      0 112909780 1600 144233924 0   0     0     0 6762 10172 0  0 100 0  0  0
 0  0      0 112828128 1600 144315844 0   0     0     0 5058 4132  0  0 100 0  0  0
 0  0      0 112773344 1600 144370116 0   0     0     0 3722 4317  0  0 100 0  0  0
 0  0      0 112705816 1600 144437700 0   0     0     0 4536 3911  0  0 100 0  0  0
 0  0      0 112652876 1600 144491972 0   0     0     0 5024 4302  0  0 100 0  0  0
 0  1      0 112594900 1600 144551364 0   0     0 866304 5053 3243 0  0 100 0  0  0
 0  0      0 112555956 1600 144589252 0   0     0 182274 6153 6181 0  0 100 0  0  0
 0  0      0 112501992 1600 144643524 0   0     0     0 3968 3436  0  0 100 0  0  0
 0  0      0 112422160 1600 144724420 0   0     0     0 3763 3654  0  0 100 0  0  0
 0  0      0 112368180 1600 144778692 0   0     0     0 3925 3480  0  0 100 0  0  0
procs -----------memory---------- ---swap-- -----io---- -system-- -------cpu-------
 r  b   swpd   free   buff  cache   si   so    bi    bo   in   cs us sy id wa st gu
 0  0      0 112324660 1600 144819648 0   0     0     0 5369 6408  0  0 100 0  0  0
 0  0      0 112256420 1600 144888260 0   0     0     4 5245 4303  0  0 100 0  0  0
 0  0      0 112175076 1600 144969156 0   0     0     0 4617 4027  0  0 100 0  0  0
 1  0      0 112107036 1600 145037764 0   0     0     0 4077 3250  0  0 100 0  0  0
 0  0      0 112020400 1600 145118664 0   0     0     0 4865 3652  0  0 100 0  0  0
 0  0      0 111981112 1600 145159624 0   0     0     0 4745 8177  0  0 100 0  0  0
 1  0      0 111937876 1600 145203656 0   0     0     0 3822 5170  0  0 100 0  0  0
 0  0      0 111872848 1600 145268168 0   0     0     0 4438 3061  0  0 100 0  0  0
 0  0      0 111820712 1600 145322440 0   0     0     0 5201 3250  0  0 100 0  0  0
 0  0      0 111752792 1600 145391048 0   0     0    12 5624 4110  0  0 100 0  0  0
 0  0      0 111696084 1600 145445320 0   0     0    19 5291 7039  0  0 100 0  0  0
 0  0      0 111668100 1600 145472968 0   0     0     0 3534 3531  0  0 100 0  0  0
 0  0      0 111614960 1600 145527240 0   0     0     0 4293 4713  0  0 100 0  0  0
 0  1      0 111544224 1600 145599944 0   0     0 867328 5878 4215 0  0 100 0  0  0
 0  0      0 111508256 1600 145637832 0   0     0 181281 7466 4932 0  0 100 0  0  0
 0  0      0 111441072 1600 145705416 0   0     0     0 3533 2630  0  0 100 0  0  0
 0  0      0 111403512 1600 145746376 0   0     0     0 3658 6116  0  0 100 0  0  0
 0  0      0 111336336 1600 145814000 0   0     0     0 4008 3194  0  0 100 0  0  0
 1  0      0 111256576 1600 145893872 0   0     0     0 4613 3090  0  0 100 0  0  0
 1  0      0 111187456 1600 145963504 0   0     0    48 4239 3756  0  0 100 0  0  0
 0  0      0 111120060 1600 146032108 0   0     0     0 6699 10806 0  0 100 0  0  0
procs -----------memory---------- ---swap-- -----io---- -system-- -------cpu-------
 r  b   swpd   free   buff  cache   si   so    bi    bo   in   cs us sy id wa st gu
 0  0      0 111052624 1600 146099696 0   0     0     0 4384 3984  0  0 100 0  0  0
 0  0      0 110985312 1600 146167280 0   0     0     0 3945 4574  0  0 100 0  0  0
 0  0      0 110906092 1600 146249200 0   0     0     0 4698 3510  0  0 100 0  0  0
 0  0      0 110832260 1600 146316784 0   0     0     0 3778 3768  0  0 100 0  0  0
 0  0      0 110764468 1600 146385392 0   0     0     0 4078 3185  0  0 100 0  0  0
 0  0      0 110697008 1600 146452976 0   0     0     0 5104 5824  0  0 100 0  0  0
 0  0      0 110629348 1600 146521584 0   0     0     0 5213 3299  0  0 100 0  0  0
 0  0      0 110588436 1600 146562544 0   0     0     0 4139 3348  0  0 100 0  0  0
 0  0      0 110535244 1600 146616820 0   0     0     0 5229 4034  0  0 100 0  0  0
 0  0      0 110486340 1600 146658804 0   0     0 1048579 9006 6878 0 0 100 0  0  0
 0  0      0 110430828 1600 146713068 0   0     0     0 4421 3897  0  0 100 0  0  0
 0  0      0 110362224 1600 146781676 0   0     0     0 5383 4122  0  0 100 0  0  0
 0  0      0 110308024 1600 146835948 0   0     0     0 4429 3716  0  0 100 0  0  0
 0  0      0 110222316 1600 146916844 0   0     0     0 4058 3545  0  0 100 0  0  0
 0  0      0 110171876 1600 146971116 0   0     0     4 4202 7592  0  0 100 0  0  0
 0  0      0 110103320 1600 147039724 0   0     0     0 4553 4578  0  0 100 0  0  0
 0  0      0 110063084 1600 147080684 0   0     0     0 4496 3161  0  0 100 0  0  0
 0  0      0 110010584 1600 147134956 0   0     0     0 3453 3379  0  0 100 0  0  0
 0  0      0 109957264 1600 147189228 0   0     0     8 3548 3592  0  0 100 0  0  0
 0  0      0 109884840 1600 147256812 0   0     0    19 7191 6213  0  0 100 0  0  0
 0  0      0 109830916 1600 147311092 0   0     0     0 4206 3614  0  0 100 0  0  0
procs -----------memory---------- ---swap-- -----io---- -system-- -------cpu-------
 r  b   swpd   free   buff  cache   si   so    bi    bo   in   cs us sy id wa st gu
 1  0      0 109778680 1600 147365356 0   0     0     0 4044 4324  0  0 100 0  0  0
 1  0      0 109714576 1600 147429868 0   0     0     0 4495 3720  0  0 100 0  0  0
 0  0      0 109640400 1600 147501548 0   0     0    16 5587 4057  0  0 100 0  0  0
 0  0      0 109562656 1600 147583468 0   0     0     0 4216 3439  0  0 100 0  0  0
 1  0      0 109492988 1600 147654124 0   0     0    12 3830 5647  0  0 100 0  0  0
 0  0      0 109452016 1600 147697132 0   0     0 1048578 6766 3669 0 0 100 0  0  0
 0  0      0 109359936 1600 147789292 0   0     0     0 3691 3126  0  0 100 0  0  0
 0  0      0 109279732 1600 147870188 0   0     0     0 4555 4054  0  0 100 0  0  0
 0  0      0 109223100 1600 147924460 0   0     0     0 6515 11162 0  0 100 0  0  0
 1  0      0 109168640 1600 147978732 0   0     0     0 4851 3762  0  0 100 0  0  0
 0  0      0 109099868 1600 148047340 0   0     0     4 4452 4457  0  0 100 0  0  0
 1  0      0 109033284 1600 148113900 0   0     0     0 4612 3717  0  0 100 0  0  0
 0  0      0 108987108 1600 148155884 0   0     0     4 4190 3604  0  0 100 0  0  0
 0  0      0 108933148 1600 148210160 0   0     0     0 3829 3157  0  0 100 0  0  0
 0  0      0 108868376 1600 148278768 0   0     0     0 3602 5361  0  0 100 0  0  0
 0  0      0 108829524 1600 148318704 0   0     0     0 3776 3373  0  0 100 0  0  0
 1  0      0 108753248 1600 148395504 0   0     0     0 4300 3537  0  0 100 0  0  0
 0  0      0 108694412 1600 148454896 0   0     0     0 3383 2915  0  0 100 0  0  0
 0  0      0 108611320 1600 148536820 0   0     0     0 6715 6197  0  0 100 0  0  0
 0  0      0 108544968 1600 148604404 0   0     0     0 4758 4264  0  0 100 0  0  0
 1  0      0 108477576 1600 148669936 0   0     0     0 4493 4285  0  0 100 0  0  0
procs -----------memory---------- ---swap-- -----io---- -system-- -------cpu-------
 r  b   swpd   free   buff  cache   si   so    bi    bo   in   cs us sy id wa st gu
 0  0      0 108434980 1600 148712944 0   0     0     0 3118 2887  0  0 100 0  0  0
 1  0      0 108385528 1600 148763120 0   0     0 1048579 8129 4303 0 0 100 0  0  0
 0  0      0 108295624 1600 148839912 0   0     0 16384 7439 11195 0  0 100 0  0  0
 0  0      0 108225608 1600 148908524 0   0     0     0 4389 4858  0  0 100 0  0  0
 0  0      0 108143248 1600 148990444 0   0     0     0 4843 3844  0  0 99  0  0  0
 0  0      0 108092600 1600 149044716 0   0     0     0 3488 3408  0  0 100 0  0  0
 0  0      0 108012036 1600 149125628 0   0    16     4 4253 3689  0  0 100 0  0  0
 0  0      0 107955044 1600 149179896 0   0     0    37 6085 6731  0  0 100 0  0  0
 0  0      0 107857360 1600 149275132 0   0     0     0 5359 3527  0  0 100 0  0  0
 0  0      0 107789596 1600 149343740 0   0     0     0 3843 4303  0  0 100 0  0  0
 0  0      0 107735688 1600 149398012 0   0     0     0 4696 3445  0  0 100 0  0  0
 0  0      0 107642668 1600 149479932 0   0     0    16 4144 3536  0  0 100 0  0  0
 0  0      0 107578776 1600 149547516 0   0     0   848 4309 3309  0  0 100 0  0  0
 0  0      0 107525060 1600 149601788 0   0     0     0 3933 6378  0  0 100 0  0  0
 0  0      0 107458324 1600 149669412 0   0     0     0 3987 3322  0  0 100 0  0  0
 0  0      0 107390696 1600 149738020 0   0     0     0 3250 2983  0  0 100 0  0  0
 1  0      0 107334100 1600 149794340 0   0     0    12 3821 3616  0  0 100 0  0  0
 0  0      0 107290236 1600 149834280 0   0     0 1048578 10115 11673 0 0 100 0 0 0
 0  0      0 107209988 1600 149916204 0   0     0     0 5416 4148  0  0 100 0  0  0
 0  0      0 107155900 1600 149970472 0   0     0     0 4091 4459  0  0 100 0  0  0
 0  0      0 107088192 1600 150039080 0   0     0     0 5617 4022  0  0 100 0  0  0
procs -----------memory---------- ---swap-- -----io---- -system-- -------cpu-------
 r  b   swpd   free   buff  cache   si   so    bi    bo   in   cs us sy id wa st gu
 0  0      0 107016100 1600 150106664 0   0     0     0 3546 3182  0  0 100 0  0  0
 1  0      0 106967760 1600 150160936 0   0     0     4 3854 3656  0  0 100 0  0  0
 0  0      0 106916004 1600 150215208 0   0     0     0 4344 6091  1  0 99  0  0  0
 0  0      0 106861480 1600 150269480 0   0     0     0 4116 3043  0  0 100 0  0  0
 0  0      0 106807624 1600 150323752 0   0     0     0 4012 3519  0  0 100 0  0  0
 0  0      0 106755228 1600 150378024 0   0     0    44 3452 2978  0  0 100 0  0  0
 0  0      0 106681872 1600 150446632 0   0     0     0 5129 6519  0  0 100 0  0  0
 1  0      0 106620256 1600 150508072 0   0     0     0 4504 4160  0  0 100 0  0  0
 0  0      0 106570584 1600 150558248 0   0     0     0 4245 4569  0  0 100 0  0  0
 0  0      0 106507672 1600 150622760 0   0     0     0 4188 3629  0  0 100 0  0  0
 0  0      0 106430904 1600 150704680 0   0     0     0 4253 3450  0  0 100 0  0  0
 0  0      0 106378276 1600 150758952 0   0     0     0 4835 8085  0  0 100 0  0  0
 0  0      0 106311164 1600 150826536 0   0     0     0 5179 5278  0  0 100 0  0  0
 0  0      0 106283704 1600 150859304 0   0     0 1048580 7054 4152 0 0 100 0  0  0
 0  0      0 106216548 1600 150923816 0   0     0     0 3833 3089  0  0 100 0  0  0
 0  0      0 106148652 1600 150992424 0   0     0     0 5045 3118  0  0 100 0  0  0
 0  0      0 106098112 1600 151046696 0   0     0    81 5295 6845  0  0 100 0  0  0
 0  0      0 106044216 1600 151100968 0   0     0     0 5092 4285  0  0 100 0  0  0
 0  0      0 105988736 1600 151155240 0   0     0     4 3913 4428  0  0 100 0  0  0
 2  0      0 105908960 1600 151235112 0   0     0     0 5850 4376  0  0 100 0  0  0
 1  0      0 105849104 1600 151291432 0   0     0    76 4554 3359  0  0 100 0  0  0
procs -----------memory---------- ---swap-- -----io---- -system-- -------cpu-------
 r  b   swpd   free   buff  cache   si   so    bi    bo   in   cs us sy id wa st gu
 1  0      0 105785180 1600 151354920 0   0     0     8 4462 3425  0  0 100 0  0  0
 1  0      0 105748532 1600 151392812 0   0     0     0 3405 5632  0  0 100 0  0  0
 0  0      0 105674120 1600 151467564 0   0     0     0 4980 3273  0  0 100 0  0  0
 0  0      0 105619628 1600 151521836 0   0     0     0 3288 2968  0  0 100 0  0  0
 0  0      0 105571112 1600 151576108 0   0     0     0 5188 3582  0  0 100 0  0  0
 0  0      0 105507024 1600 151630384 0   0     0     0 7036 14430 0  0 100 0  0  0
 0  0      0 105438508 1600 151698992 0   0     0    12 4911 6071  0  0 100 0  0  0
 1  0      0 105368748 1600 151766576 0   0     0     0 4552 4605  0  0 100 0  0  0
 1  0      0 105313184 1600 151820848 0   0     0     0 4333 4181  0  0 100 0  0  0
 0  0      0 105238716 1600 151889456 0   0     0     0 4096 3317  0  0 100 0  0  0
 0  0      0 105225744 1600 151907888 0   0     0 1048586 7781 3721 0 0 100 0  0  0
 0  0      0 105173800 1600 151959088 0   0     0     0 5640 6994  0  0 100 0  0  0
 0  0      0 105104152 1600 152029744 0   0     0     0 3881 3031  0  0 100 0  0  0
 1  0      0 105039140 1600 152096304 0   0     0     0 4972 3505  0  0 100 0  0  0
 0  0      0 104972948 1600 152162864 0   0     0   840 4895 3827  0  0 100 0  0  0
 0  0      0 104904848 1600 152230452 0   0     0     0 7658 7229  0  0 100 0  0  0
 1  0      0 104859620 1600 152275504 0   0     0     4 5565 4580  0  0 100 0  0  0
 0  0      0 104782896 1600 152353328 0   0     0     0 4464 4175  0  0 100 0  0  0
 2  0      0 104729052 1600 152407600 0   0     0     0 4467 3596  0  0 100 0  0  0
 0  0      0 104671292 1600 152461872 0   0     0     4 3888 2973  0  0 100 0  0  0
 0  0      0 104604592 1600 152530480 0   0     0     0 4836 7785  0  0 100 0  0  0
procs -----------memory---------- ---swap-- -----io---- -system-- -------cpu-------
 r  b   swpd   free   buff  cache   si   so    bi    bo   in   cs us sy id wa st gu
 0  0      0 104537608 1600 152598064 0   0     0     0 4975 5551  0  0 100 0  0  0
 0  0      0 104470376 1600 152665648 0   0     0     0 3898 2924  0  0 100 0  0  0
 0  0      0 104403376 1600 152734256 0   0     0     0 4034 3039  0  0 100 0  0  0
 0  0      0 104336436 1600 152801840 0   0     0     0 4180 3386  0  0 100 0  0  0
 0  0      0 104293820 1600 152850992 0   0     0    19 5547 6734  0  0 100 0  0  0
 0  0      0 104245796 1600 152897076 0   0     0     0 5208 4600  0  0 100 0  0  0
 0  1      0 104186744 1600 152956468 0   0     0 237568 5957 4579 0  0 100 0  0  0
 1  0      0 104146504 1600 152994356 0   0     0 811010 7235 4440 0  0 100 0  0  0
 0  0      0 104112280 1600 153034292 0   0     0    72 3583 3186  0  0 100 0  0  0
 0  0      0 104057980 1600 153089588 0   0     0     0 3245 2436  0  0 100 0  0  0
 1  0      0 103992164 1600 153157172 0   0     0    12 4426 5905  0  0 100 0  0  0
 1  0      0 103937320 1600 153212508 0   0     0     0 5044 4419  0  0 100 0  0  0
 0  0      0 103870556 1600 153279068 0   0     0     4 3605 2821  0  0 100 0  0  0
 0  0      0 103829640 1600 153320028 0   0     0     0 4645 3822  0  0 100 0  0  0
 0  0      0 103746408 1600 153401944 0   0     0     0 8582 11154 0  0 100 0  0  0
 1  0      0 103688596 1600 153458268 0   0     0     0 5028 4955  0  0 100 0  0  0
 1  0      0 103623096 1600 153523804 0   0     0     0 5859 4342  0  0 100 0  0  0
 2  0      0 103580260 1600 153565788 0   0     0    12 4751 3523  0  0 100 0  0  0
 0  0      0 103524336 1600 153619036 0   0     0     0 3752 3084  0  0 100 0  0  0
 0  0      0 103469064 1600 153673308 0   0     0     0 4547 3319  0  0 100 0  0  0
 1  0      0 103387220 1600 153755228 0   0     0    20 5303 3764  0  0 100 0  0  0
procs -----------memory---------- ---swap-- -----io---- -system-- -------cpu-------
 r  b   swpd   free   buff  cache   si   so    bi    bo   in   cs us sy id wa st gu
 1  0      0 103333592 1600 153809500 0   0     0    20 4133 5979  0  0 100 0  0  0
 2  0      0 103265792 1600 153877084 0   0     0     0 4448 3424  0  0 100 0  0  0
 0  0      0 103212740 1600 153931356 0   0     0     0 3945 3189  0  0 100 0  0  0
 0  0      0 103152312 1600 153986648 0   0     0     0 5649 6094  0  0 100 0  0  0
 0  0      0 103120224 1600 154015292 0   0     0 1049443 8415 5412 0 0 100 0  0  0
 1  0      0 103072800 1600 154066492 0   0     0     0 6047 5002  0  0 100 0  0  0
 1  0      0 103009208 1600 154123836 0   0     0     0 5559 3835  0  0 100 0  0  0
 1  0      0 102956296 1600 154178108 0   0     0     0 4285 2712  0  0 100 0  0  0
 0  0      0 102914788 1600 154219068 0   0     0     0 5815 8011  0  0 100 0  0  0
 0  0      0 102845456 1600 154287676 0   0     0     4 5465 3826  0  0 100 0  0  0
 1  0      0 102798872 1600 154335808 0   0     0     0 5680 5305  0  0 100 0  0  0
 0  0      0 102753356 1600 154381888 0   0     0     0 4435 3012  0  0 100 0  0  0
 0  0      0 102686148 1600 154450496 0   0     0    44 5123 3348  0  0 100 0  0  0
 0  0      0 102627296 1600 154504768 0   0     0    20 6292 6689  0  0 100 0  0  0
 0  0      0 102572872 1600 154559040 0   0     0     0 5873 4536  0  0 100 0  0  0
 0  0      0 102519524 1600 154613312 0   0     0     0 3594 3876  0  0 100 0  0  0
 1  0      0 102458316 1600 154667584 0   0     0     0 4599 3895  0  0 100 0  0  0
 0  0      0 102388224 1600 154736192 0   0     0     0 3723 2757  0  0 100 0  0  0
 0  0      0 102307428 1600 154817088 0   0     0    44 4588 3397  0  0 100 0  0  0
 0  0      0 102254336 1600 154871360 0   0     0     8 4455 2801  0  0 100 0  0  0
 0  0      0 102173632 1600 154953280 0   0     0     0 6100 6551  0  0 100 0  0  0
procs -----------memory---------- ---swap-- -----io---- -system-- -------cpu-------
 r  b   swpd   free   buff  cache   si   so    bi    bo   in   cs us sy id wa st gu
 0  0      0 102119864 1600 155007552 0   0     0     0 4315 2982  0  0 100 0  0  0
 0  1      0 102076864 1600 155053632 0   0     0 867328 6843 4027 0  0 100 0  0  0
 2  0      0 101834872 1600 155299392 0   0     0 181249 8329 11005 0 0 100 0  0  0
 0  0      0 101456284 1600 155679296 0   0     0     0 4007 3700  0  0 100 0  0  0
 1  0      0 101121856 1600 156016192 0   0     0     0 4522 4992  0  0 100 0  0  0
 3  0      0 100891316 1600 156244544 0   0     0 1048581 7915 4862 0 0 99  0  0  0
 1  0      0 100532424 1600 156601920 0   0     0     0 4573 3158  0  0 99  0  0  0
 1  0      0 100199132 1600 156936768 0   0     0     4 3586 2537  0  0 100 0  0  0
 0  0      0 99921616 1600 157214272 0    0     0 1048593 7291 3522 0 0 99  0  0  0
 0  0      0 99601868 1600 157535808 0    0     0     0 5946 6363  0  0 100 0  0  0
 1  0      0 99293724 1600 157844032 0    0     0     0 3755 3266  0  0 100 0  0  0
 0  1      0 98942184 1600 158199360 0    0     0 866304 4682 3214 0  0 100 0  0  0
 0  0      0 98713064 1600 158423616 0    0     0 182276 7558 6074 0  0 100 0  0  0
 0  0      0 98392356 1600 158744088 0    0     0   952 4480 4267  0  0 100 0  0  0
 0  0      0 97990952 1600 159145496 0    0     0     0 5104 4676  1  0 99  0  0  0
 1  0      0 97880976 1600 159250968 0    0     0 1048580 7044 4305 0 0 100 0  0  0
 0  0      0 97579276 1600 159552024 0    0     0     0 3023 2428  0  0 100 0  0  0
 1  0      0 97337704 1600 159797784 0    0     0     0 4641 7729  0  0 100 0  0  0
 0  1      0 96838480 1600 160296472 0    0     0 868352 5240 3076 0  0 99  0  0  0
 1  0      0 96612696 1600 160521756 0    0     0 180228 5875 5760 0  0 100 0  0  0
 0  0      0 96213728 1600 160921116 0    0     0     4 4560 3001  0  0 100 0  0  0
procs -----------memory---------- ---swap-- -----io---- -system-- -------cpu-------
 r  b   swpd   free   buff  cache   si   so    bi    bo   in   cs us sy id wa st gu
 0  0      0 95813572 1600 161322524 0    0     0     0 5119 3040  0  0 100 0  0  0
 1  0      0 95637876 1600 161504788 0    0     0 1048609 8675 6650 0 0 100 0  0  0
 0  0      0 95252100 1600 161889820 0    0     0     0 4212 3385  0  0 100 0  0  0
 1  0      0 94969040 1600 162173468 0    0     0     0 5266 5439  0  0 100 0  0  0
 0  0      0 94744320 1600 162393628 0    0     0 1048578 7307 4600 0 0 99  0  0  0
 0  0      0 94440132 1600 162697756 0    0     0     4 3727 3527  0  0 100 0  0  0
 1  0      0 94263032 1600 162874908 0    0     0    80 2901 2623  0  0 100 0  0  0
 0  0      0 93962340 1600 163179036 0    0     0     0 3377 3025  0  0 100 0  0  0
 0  1      0 93700196 1600 163442244 0    0     0 891152 7573 7396 0  0 99  0  0  0
 0  0      0 93390692 1600 163746372 0    0     0 157436 4019 3317 0  0 100 0  0  0
 2  0      0 93026088 1600 164111940 0    0     0     4 3893 3097  0  0 100 0  0  0
 0  1      0 92651656 1600 164490816 0    0     0 642148 7877 10817 0 0 99  0  0  0
 1  0      0 92466108 1600 164672068 0    0     0 406432 8015 5294 0  0 99  0  0  0
 0  0      0 92103604 1600 165035588 0    0     0     0 5324 5479  1  0 99  0  0  0
 1  0      0 91748244 1600 165389892 0    0     0     4 4149 4077  0  0 100 0  0  0
 0  0      0 91452440 1600 165682756 0    0     0 1048580 7813 3644 0 0 99  0  0  0
 0  0      0 91131120 1600 166004292 0    0     0     0 3651 3119  0  0 100 0  0  0
 1  0      0 90826200 1600 166309476 0    0     0     0 3124 2818  0  0 100 0  0  0
 0  1      0 90547940 1600 166588004 0    0     0 866304 5240 6391 0  0 100 0  0  0
 0  0      0 90243808 1600 166892132 0    0     0 182280 6769 3737 0  0 99  0  0  0
 1  0      0 89855540 1600 167281284 0    0     0     4 4885 3137  0  0 100 0  0  0
procs -----------memory---------- ---swap-- -----io---- -system-- -------cpu-------
 r  b   swpd   free   buff  cache   si   so    bi    bo   in   cs us sy id wa st gu
 0  0      0 89519940 1600 167615108 0    0     0     0 5083 5729  0  0 100 0  0  0
 1  0      0 89334832 1600 167798404 0    0     0 1048580 8488 5134 0 0 99  0  0  0
 0  0      0 88951364 1600 168181412 0    0     0     0 4249 4725  0  0 100 0  0  0
 0  0      0 88630076 1600 168502952 0    0     0     0 4279 3788  0  0 100 0  0  0
 1  0      0 88440336 1600 168696488 0    0     0 1048580 7788 3707 0 0 99  0  0  0
 0  0      0 88212296 1600 168924840 0    0     0     0 4127 7382  0  0 100 0  0  0
 0  0      0 87908488 1600 169229992 0    0     0     4 3307 2252  0  0 100 0  0  0
 1  0      0 87664316 1600 169475752 0    0     0     0 5377 5955  0  0 100 0  0  0
 0  1      0 87406524 1600 169733800 0    0     0 869376 6429 3734 0  0 100 0  0  0
 0  0      0 87185928 1600 169958088 0    0     0 179204 5269 3181 0  0 100 0  0  0
 0  0      0 86778820 1600 170358468 0    0     0    30 6099 6042  0  0 100 0  0  0
 1  0      0 86500864 1600 170635976 0    0     0     0 4477 3589  0  0 100 0  0  0
 0  1      0 86355900 1600 170782408 0    0     0 866304 6290 5498 0  0 100 0  0  0
 0  0      0 86130760 1600 171006664 0    0     0 182273 5804 4416 0  0 100 0  0  0
 0  0      0 85729572 1600 171408072 0    0     0     4 4402 3012  0  0 100 0  0  0
 0  0      0 85330480 1600 171808456 0    0     0    36 4207 3076  0  0 100 0  0  0
 0  0      0 85164088 1600 171975400 0    0     0 1048581 6697 3781 0 0 100 0  0  0
 0  0      0 84843024 1600 172295912 0    0     0    52 4118 5705  0  0 100 0  0  0
 1  0      0 84519380 1600 172620520 0    0     0     8 4210 3271  0  0 100 0  0  0
 1  0      0 84203952 1600 172935944 0    0     0 1048580 8490 4387 0 0 99  0  0  0
 0  0      0 83952496 1600 173183752 0    0     0     0 6570 10664 0  0 99  0  0  0
procs -----------memory---------- ---swap-- -----io---- -system-- -------cpu-------
 r  b   swpd   free   buff  cache   si   so    bi    bo   in   cs us sy id wa st gu
 1  0      0 83712132 1600 173424392 0    0     0     4 3426 3572  0  0 100 0  0  0
 0  0      0 83388588 1600 173745928 0    0     0     0 4791 4713  0  0 99  0  0  0
 0  0      0 83207388 1600 173928200 0    0     0 1048581 8046 5171 0 0 99  0  0  0
 0  0      0 82820004 1600 174313256 0    0     0     0 3687 3172  0  0 100 0  0  0
 1  0      0 82552744 1600 174581544 0    0     0     0 3783 2461  0  0 100 0  0  0
 2  0      0 82162956 1600 174976840 0    0     0 1048580 7098 3547 0 0 99  0  0  0
 1  0      0 81838556 1600 175297352 0    0     0     0 4122 5961  0  0 100 0  0  0
 0  0      0 81535424 1600 175602504 0    0     0     4 4308 3546  0  0 100 0  0  0
 0  0      0 81216148 1600 175923052 0    0     0     0 3240 3085  0  0 100 0  0  0
 4  0      0 80962236 1600 176169840 0    0     0 1048581 8816 7006 0 0 99  0  0  0
 1  0      0 80499064 1600 176632716 0    0     0     0 4149 3812  0  0 100 0  0  0
 0  0      0 80161172 1600 176971660 0    0     0     0 3800 4107  0  0 100 0  0  0
 1  0      0 79970760 1600 177163180 0    0     0 1048584 8942 4800 0 0 99  0  0  0
 0  0      0 79598684 1600 177538988 0    0     0     0 3940 2821  0  0 100 0  0  0
 1  0      0 79272720 1600 177861580 0    0     0     4 4695 7910  0  0 100 0  0  0
 0  0      0 79018236 1600 178122700 0    0     0 1048582 7599 3766 0 0 99  0  0  0
 1  0      0 78605444 1600 178507724 0    0     0     0 5397 4941  0  0 99  0  0  0
 1  0      0 78139140 1600 178980844 0    0     0     0 4522 3604  1  0 99  0  0  0
 0  1      0 77949440 1600 179171308 0    0     0 865280 6084 4265 0  0 100 0  0  0
 0  0      0 77730620 1600 179395600 0    0     0 183356 6351 6281 0  0 100 0  0  0
 1  0      0 77237252 1600 179889164 0    0     0     4 3981 2949  0  0 100 0  0  0
procs -----------memory---------- ---swap-- -----io---- -system-- -------cpu-------
 r  b   swpd   free   buff  cache   si   so    bi    bo   in   cs us sy id wa st gu
 0  1      0 76906592 1600 180219948 0    0     0 866304 5821 4781 0  0 100 0  0  0
 1  0      0 76597884 1600 180519980 0    0     0 182273 7009 5403 1  0 99  0  0  0
 1  0      0 76186816 1600 180931628 0    0     0     0 4903 3195  0  0 100 0  0  0
 0  1      0 75849700 1600 181268556 0    0     0 867360 6815 2989 0  0 99  0  0  0
 1  0      0 75565164 1600 181557324 0    0     0 181253 5525 3257 0  0 100 0  0  0
 1  0      0 75291088 1600 181832852 0    0     0     0 4705 6920  0  0 100 0  0  0
 1  1      0 74810940 1600 182317204 0    0     0 868364 3996 3538 0  0 100 0  0  0
 1  0      0 74732892 1600 182399124 0    0     0 180272 6889 3736 0  0 100 0  0  0
 0  0      0 74349400 1600 182782136 0    0     0     0 7261 10844 0  0 100 0  0  0
 0  0      0 73950088 1600 183183540 0    0     0     0 4136 3773  0  0 100 0  0  0
 1  0      0 73723616 1600 183411892 0    0     0 1048581 9248 5552 0 0 99  0  0  0
 0  0      0 73471404 1600 183667928 0    0     0     0 3999 4252  0  0 100 0  0  0
 1  0      0 73126376 1600 184017112 0    0     0     4 3944 3251  0  0 100 0  0  0
 0  1      0 72732952 1600 184414456 0    0     0 866304 6254 3439 0  0 99  0  0  0
 0  0      0 72509520 1600 184637688 0    0     0 182276 5310 3303 0  0 100 0  0  0
 1  0      0 72058108 1600 185090328 0    0     0     0 3779 5399  0  0 100 0  0  0
 0  0      0 71713540 1600 185434392 0    0     0     0 3981 3669  0  0 100 0  0  0
 0  0      0 71465200 1600 185685272 0    0     0 1048581 7338 3985 0 0 99  0  0  0
 0  0      0 71067072 1600 186083636 0    0     0     0 5418 6461  0  0 100 0  0  0
 0  1      0 70637620 1600 186511672 0    0     0 865284 7292 4081 0  0 99  0  0  0
 0  0      0 70337396 1600 186813784 0    0     0 183301 5478 4135 0  0 100 0  0  0
procs -----------memory---------- ---swap-- -----io---- -system-- -------cpu-------
 r  b   swpd   free   buff  cache   si   so    bi    bo   in   cs us sy id wa st gu
 0  0      0 70098184 1600 187053400 0    0     0     8 4455 3912  0  0 100 0  0  0
 0  0      0 69781640 1600 187371896 0    0     0     0 3370 2474  0  0 100 0  0  0
 0  0      0 69593184 1600 187560312 0    0     0 1048580 7965 8117 0 0 100 0  0  0
 0  0      0 69290636 1600 187862392 0    0     0     0 3056 2626  0  0 100 0  0  0
 0  0      0 69051524 1600 188102008 0    0     0     4 4213 5149  0  0 100 0  0  0
 1  0      0 68689896 1600 188464536 0    0     0     0 4159 3660  0  0 100 0  0  0
 0  0      0 68481996 1600 188672408 0    0     0 1048581 7749 3766 0 0 99  0  0  0
 1  0      0 68160528 1600 188989880 0    0     0    30 5613 6205  0  0 100 0  0  0
 1  0      0 67718412 1600 189431224 0    0     0     0 4943 3696  0  0 100 0  0  0
 0  1      0 67492924 1600 189657528 0    0     0 876544 3913 4135 0  0 100 0  0  0
 0  0      0 67265968 1600 189881816 0    0     0 172033 8464 4837 0  0 100 0  0  0
 0  0      0 66787960 1600 190361048 0    0     0     4 4946 2906  0  0 100 0  0  0
 0  0      0 66468036 1600 190679544 0    0     0    16 4936 3418  0  0 100 0  0  0
 0  0      0 66298492 1600 190849528 0    0     0 1048581 7175 3360 0 0 100 0  0  0
 0  0      0 65815580 1600 191331832 0    0     0     0 5772 5951  0  0 99  0  0  0
 0  1      0 65392344 1600 191754776 0    0     0 870408 5907 3472 0  0 99  0  0  0
 0  0      0 65168164 1600 191979036 0    0     0 178185 5638 3749 0  0 100 0  0  0
 0  0      0 64922780 1600 192219668 0    0     0     0 6225 10617 0  0 100 0  0  0
 0  0      0 64600672 1600 192540220 0    0     0     4 3922 3856  0  0 100 0  0  0
 0  0      0 64338744 1600 192803388 0    0     0 1048581 7358 4852 0 0 99  0  0  0
 0  0      0 64035424 1600 193107548 0    0     0     0 4487 4461  0  0 100 0  0  0
procs -----------memory---------- ---swap-- -----io---- -system-- -------cpu-------
 r  b   swpd   free   buff  cache   si   so    bi    bo   in   cs us sy id wa st gu
 1  0      0 63740268 1600 193403484 0    0     0     4 4902 3854  0  0 100 0  0  0
 0  1      0 63292096 1600 193851996 0    0     0 868352 4140 2641 0  0 100 0  0  0
 0  0      0 63148940 1600 193996412 0    0     0 180230 6623 3500 0  0 100 0  0  0
 1  0      0 62807448 1600 194338428 0    0     0     4 5184 5863  0  0 100 0  0  0
 0  0      0 62427392 1600 194717308 0    0     0     0 4669 3475  0  0 100 0  0  0
 0  1      0 62242452 1600 194900636 0    0     0 1048576 6648 3957 0 0 100 0  0  0
 0  0      0 61862256 1600 195285652 0    0     0     5 5886 5980  0  0 100 0  0  0
 1  0      0 61564900 1600 195581628 0    0     0     0 4524 3910  0  0 100 0  0  0
 0  1      0 61197044 1600 195949244 0    0     0 866304 5223 4621 0  0 100 0  0  0
 0  0      0 60970332 1600 196173500 0    0     0 182277 6912 3913 0  0 100 0  0  0
 0  0      0 60650000 1600 196494044 0    0     0     0 3905 3150  0  0 100 0  0  0
 1  0      0 60273160 1600 196872924 0    0     0     4 4842 8264  0  0 100 0  0  0
 0  0      0 60087392 1600 197061340 0    0     0 1048581 7004 3366 0 0 100 0  0  0
 0  0      0 59765704 1600 197382908 0    0     0     0 4370 4847  0  0 100 0  0  0
 1  0      0 59409352 1600 197739264 0    0     0     0 4813 3035  0  0 100 0  0  0
 0  0      0 59103928 1600 198046496 0    0     0 1048593 7408 4423 0 0 99  0  0  0
 1  0      0 58794324 1600 198346532 0    0     0    30 6034 6193  0  0 100 0  0  0
 1  0      0 58465368 1600 198676256 0    0     0     4 4188 3470  0  0 100 0  0  0
 0  1      0 58046804 1600 199095104 0    0     0 865280 6869 4706 0  0 99  0  0  0
 0  0      0 57733336 1600 199399232 0    0     0 183298 6347 4124 0  0 100 0  0  0
 0  0      0 57413672 1600 199719780 0    0     0     0 4237 3488  0  0 100 0  0  0
procs -----------memory---------- ---swap-- -----io---- -system-- -------cpu-------
 r  b   swpd   free   buff  cache   si   so    bi    bo   in   cs us sy id wa st gu
 1  0      0 57012604 1600 200121188 0    0     0    16 3589 2581  0  0 100 0  0  0
 0  0      0 56897856 1600 200330652 0    0    12 1048581 6598 3210 0 0 99  0  0  0
 0  0      0 56573504 1600 200651164 0    0     0     0 4274 6635  1  0 99  0  0  0
 0  0      0 56324932 1600 200892976 0    0     0     4 3225 3105  0  0 100 0  0  0
 0  1      0 56100580 1600 201130440 0    0     0 1048588 7272 3807 0 0 99  0  0  0
 1  0      0 55677420 1600 201515908 0    0    12     5 7440 10398 0  0 100 0  0  0
 1  0      0 55229884 1600 201957284 0    0     0     0 5682 3771  0  0 100 0  0  0
 0  0      0 55056280 1600 202132388 0    0     0 1048581 8247 5027 0 0 100 0  0  0
 1  0      0 54669984 1600 202516388 0    0     0     0 4317 3765  0  0 100 0  0  0
 3  0      0 54269484 1600 202917828 0    0     0     4 3807 3563  0  0 100 0  0  0
 0  1      0 54005788 1600 203180996 0    0     0 867332 4725 3393 0  0 100 0  0  0
 0  0      0 53779796 1600 203405284 0    0     0 181253 5054 2841 0  0 100 0  0  0
 0  0      0 53380456 1600 203806692 0    0     0     0 4572 5887  0  0 100 0  0  0
 0  1      0 52956564 1600 204229636 0    0     0 868352 5695 3689 0  0 100 0  0  0
 1  0      0 52677760 1600 204510212 0    0     0 180274 6209 3650 0  0 100 0  0  0
 0  0      0 52321808 1600 204855312 0    0     0     0 5189 5836  0  0 100 0  0  0
 0  0      0 52001692 1600 205175844 0    0     0     4 3719 3656  0  0 99  0  0  0
 1  0      0 51903528 1600 205270196 0    0     0 1048581 6740 4722 0 0 100 0  0  0
 0  0      0 51451204 1600 205776452 0    0     0     0 5004 3646  0  0 100 0  0  0
 0  0      0 51048356 1600 206177892 0    0     0     0 3816 2789  0  0 100 0  0  0
 0  0      0 50892300 1600 206319092 0    0     0 1048581 7837 8276 0 0 99  0  0  0
procs -----------memory---------- ---swap-- -----io---- -system-- -------cpu-------
 r  b   swpd   free   buff  cache   si   so    bi    bo   in   cs us sy id wa st gu
 0  0      0 50462896 1600 206750932 0    0     0     0 3553 2561  0  0 100 0  0  0
 0  0      0 50139876 1600 207072500 0    0     0     4 4433 5519  0  0 100 0  0  0
 1  0      0 49962880 1600 207248612 0    0     0 1048583 6761 3760 0 0 100 0  0  0
 1  0      0 49562272 1600 207648996 0    0     0     0 3551 2962  0  0 100 0  0  0
 1  0      0 49194724 1600 208005340 0    0     0    70 5538 6254  0  0 100 0  0  0
 0  0      0 49021952 1600 208222392 0    0     0 1048578 7811 3779 0 0 99  0  0  0
 1  0      0 48595028 1600 208638568 0    0     0     0 4644 4834  0  0 100 0  0  0
 1  0      0 48194540 1600 209030792 0    0     0     4 5045 3604  0  0 100 0  0  0
 1  0      0 48088512 1600 209133176 0    0     0 1048582 6821 3629 0 0 100 0  0  0
 1  0      0 47715980 1600 209503848 0    0     0    16 3981 3038  0  0 100 0  0  0
 1  0      0 47378296 1600 209840808 0    0     0     0 3909 2908  0  0 100 0  0  0
 0  1      0 47124840 1600 210087592 0    0     0 1048576 7355 6548 0 0 99  0  0  0
 1  0      0 46877680 1600 210333288 0    0     0     5 6112 3751  0  0 100 0  0  0
 0  0      0 46515604 1600 210694792 0    0     0    12 3869 3321  0  0 100 0  0  0
 1  0      0 46187224 1600 211013240 0    0    12 585728 9413 11546 0 0 99  0  0  0
 0  0      0 45979432 1600 211212948 0    0     0 462854 5311 4073 0  0 100 0  0  0
 0  0      0 45578788 1600 211613332 0    0     0     0 3902 3994  0  0 100 0  0  0
 1  0      0 45216008 1600 211971732 0    0     0     0 4392 3731  0  0 100 0  0  0
 0  0      0 45008180 1600 212180628 0    0     0 1048589 6870 3736 0 0 100 0  0  0
 0  0      0 44685188 1600 212502164 0    0     0     0 3276 2834  0  0 100 0  0  0
 1  0      0 44230860 1600 212955796 0    0     0     4 4057 2707  0  0 100 0  0  0
procs -----------memory---------- ---swap-- -----io---- -system-- -------cpu-------
 r  b   swpd   free   buff  cache   si   so    bi    bo   in   cs us sy id wa st gu
 0  0      0 44103960 1600 213085844 0    0     0 1048582 7465 6965 0 0 100 0  0  0
 1  0      0 43789216 1600 213389972 0    0     0     0 3572 3190  0  0 100 0  0  0
 1  0      0 43357104 1600 213822100 0    0     0     0 5210 2839  0  0 100 0  0  0
 0  0      0 43137328 1600 214032016 0    0    96     0 5972 6885  1  0 99  0  0  0
 0  0      0 42972124 1600 214197904 0    0     0 1048583 7606 4383 0 0 100 0  0  0
 1  0      0 42612240 1600 214556404 0    0     0     4 4694 4154  0  0 100 0  0  0
 0  0      0 42247300 1600 214919924 0    0     0     0 3986 3068  0  0 100 0  0  0
 0  0      0 41985984 1600 215183092 0    0     0 1048586 6725 3293 0 0 99  0  0  0
 1  0      0 41703700 1600 215456404 0    0     0     0 5770 8137  0  0 100 0  0  0
 0  0      0 41450752 1600 215710360 0    0     0     0 3852 3062  0  0 100 0  0  0
 0  0      0 41130016 1600 216030872 0    0     0     0 4255 4643  0  0 100 0  0  0
 1  0      0 40900192 1600 216261304 0    0     0 1048581 6876 3671 0 0 99  0  0  0
 1  0      0 40553488 1600 216608440 0    0     0     4 4099 2926  0  0 100 0  0  0
 0  0      0 40255668 1600 216894112 0    0     0     0 5412 6753  0  0 100 0  0  0
 1  0      0 39991244 1600 217157288 0    0     0 820263 6523 3845 0  0 100 0  0  0
 0  0      0 39796296 1600 217356952 0    0     0 228353 5128 4283 0  0 100 0  0  0
 1  0      0 39461908 1600 217692808 0    0     0     0 4260 3634  0  0 100 0  0  0
 0  0      0 39182052 1600 217974444 0    0     0     8 3032 2687  0  0 100 0  0  0
 0  0      0 39003116 1600 218156716 0    0     0 1048610 6870 3656 0 0 100 0  0  0
 0  0      0 38742736 1600 218411660 0    0     0     0 3553 3070  0  0 100 0  0  0
 0  0      0 38341412 1600 218813136 0    0     0     4 4982 6362  0  0 100 0  0  0
procs -----------memory---------- ---swap-- -----io---- -system-- -------cpu-------
 r  b   swpd   free   buff  cache   si   so    bi    bo   in   cs us sy id wa st gu
 0  0      0 38021180 1600 219133648 0    0     0     0 3830 2938  0  0 100 0  0  0
 1  0      0 37960364 1600 219194004 0    0     0 1048581 7308 3883 1 0 99  0  0  0
 1  0      0 37543524 1600 219606676 0    0     0     8 7017 11786 0  0 100 0  0  0
 1  0      0 37187656 1600 219961012 0    0     0     0 4296 3857  0  0 100 0  0  0
 1  0      0 36916728 1600 220225204 0    0     0 1048582 7761 5356 0 0 99  0  0  0
 1  0      0 36721044 1600 220421812 0    0     0     0 3228 3334  0  0 100 0  0  0
 1  0      0 36285184 1600 220857012 0    0     0     4 3872 2633  0  0 100 0  0  0
 2  0      0 35994000 1600 221146836 0    0     0     0 3527 3099  0  0 100 0  0  0
 1  0      0 35738600 1600 221401844 0    0     0 1048581 7132 4012 0 0 99  0  0  0
 0  0      0 35484168 1600 221657300 0    0     0     0 3299 5274  0  0 100 0  0  0
 0  0      0 35082692 1600 222058708 0    0     0     0 4484 3255  0  0 100 0  0  0
 1  0      0 34864512 1600 222281940 0    0     0 1048591 8225 3380 0 0 99  0  0  0
 1  0      0 34545732 1600 222592212 0    0     0     0 4991 6207  0  0 100 0  0  0
 1  0      0 34162252 1600 222976244 0    0     0     4 4258 3837  0  0 100 0  0  0
 1  0      0 33883336 1600 223254772 0    0     0 1048582 7066 4758 0 0 99  0  0  0
 1  0      0 33502136 1600 223633684 0    0     0     0 3863 3309  0  0 100 0  0  0
 0  0      0 33061916 1600 224076052 0    0     0     0 3273 2461  0  0 100 0  0  0
 0  0      0 32883724 1600 224258324 0    0     0 1048582 7470 8001 0 0 99  0  0  0
 1  0      0 32468240 1600 224673080 0    0     0     0 3952 3159  0  0 100 0  0  0
 0  0      0 32092156 1600 225043768 0    0     0     4 4078 4994  0  0 100 0  0  0
 0  0      0 31832320 1600 225306936 0    0     0 1048582 6796 3563 0 0 99  0  0  0
procs -----------memory---------- ---swap-- -----io---- -system-- -------cpu-------
 r  b   swpd   free   buff  cache   si   so    bi    bo   in   cs us sy id wa st gu
 0  0      0 31526052 1600 225611096 0    0     0    44 3799 2982  0  0 100 0  0  0
 0  0      0 31033836 1600 226092372 0    0     0     0 6703 6195  0  0 100 0  0  0
 0  0      0 30792236 1600 226333048 0    0     0    30 4109 3964  0  0 100 0  0  0
 1  0      0 30622896 1600 226508152 0    0     0 1048577 7570 5553 0 0 100 0  0  0
 0  0      0 30295784 1600 226820504 0    0     0     4 4025 3821  0  0 100 0  0  0
 1  0      0 29958428 1600 227162520 0    0     0     0 4857 2858  0  0 100 0  0  0
 0  0      0 29724408 1600 227404184 0    0     0 1048602 8413 3289 0 0 99  0  0  0
 0  0      0 29340248 1600 227789240 0    0     0     0 4602 3116  0  0 100 0  0  0
 1  0      0 28881708 1600 228251064 0    0     0     0 5465 5246  0  0 100 0  0  0
 0  0      0 28682396 1600 228452824 0    0     0 1048582 6880 3974 0 0 100 0  0  0
 1  0      0 28230124 1600 228908504 0    0     0     0 3777 3108  0  0 100 0  0  0
 1  0      0 27845452 1600 229293560 0    0     0     4 7376 14260 0  0 100 0  0  0
 0  1      0 27640712 1600 229501432 0    0     0 1048584 7351 6940 0 0 99  0  0  0
 1  0      0 27321516 1600 229822968 0    0     0     7 4447 4298  0  0 100 0  0  0
 0  0      0 27014680 1600 230127096 0    0     0     0 3954 3426  0  0 100 0  0  0
 0  1      0 26591744 1600 230550040 0    0     0 868352 4380 3588 0  0 100 0  0  0
 0  0      0 26447600 1600 230694424 0    0     0 180234 6279 3116 0  0 100 0  0  0
 1  0      0 26032272 1600 231112248 0    0     0     0 3945 3104  0  0 100 0  0  0
 1  0      0 25685624 1600 231461432 0    0     0     4 5204 5833  0  0 100 0  0  0
 0  0      0 25485132 1600 231662136 0    0     0 1048582 7490 3982 0 0 100 0  0  0
 1  0      0 25143076 1600 232005208 0    0     0     0 3516 2525  0  0 100 0  0  0
procs -----------memory---------- ---swap-- -----io---- -system-- -------cpu-------
 r  b   swpd   free   buff  cache   si   so    bi    bo   in   cs us sy id wa st gu
 0  0      0 24841920 1600 232304220 0    0     0     4 5465 6227  0  0 100 0  0  0
 1  0      0 24499708 1600 232646264 0    0     0     0 4667 4180  0  0 100 0  0  0
 1  0      0 24305200 1600 232837756 0    0     0 1048582 7181 4983 0 0 100 0  0  0
 0  0      0 23789472 1600 233352860 0    0     0     4 4001 3231  0  0 100 0  0  0
 0  1      0 23449308 1600 233695900 0    0     0 867328 3544 2518 0  0 100 0  0  0
 1  0      0 23149096 1600 234000028 0    0     0 181254 9810 9023 0  0 99  0  0  0
 0  0      0 22745704 1600 234401468 0    0     0     0 3993 3084  0  0 100 0  0  0
 1  0      0 22533872 1600 234614460 0    0     0     0 3994 4880  0  0 100 0  0  0
 0  0      0 22341072 1600 234807996 0    0     0 1048582 7418 4045 0 0 100 0  0  0
 0  0      0 22103960 1600 235046620 0    0     0     4 3610 3014  0  0 100 0  0  0
 1  0      0 21712408 1600 235429596 0    0     0     4 5967 6266  0  0 100 0  0  0
 0  1      0 21350396 1600 235793148 0    0     0 869407 4824 3905 0  0 100 0  0  0
 1  0      0 21091968 1600 236052220 0    0     0 179202 6400 4683 0  0 100 0  0  0
 1  0      0 20692040 1600 236443420 0    0     0     0 4134 3696  0  0 100 0  0  0
 0  0      0 20402300 1600 236733212 0    0     0     4 3324 2815  0  0 100 0  0  0
 1  0      0 20280136 1600 236857116 0    0     0 1048618 6331 3068 0 0 100 0  0  0
 0  0      0 19995956 1600 237143868 0    0     0     0 3730 3696  0  0 100 0  0  0
 0  0      0 19759784 1600 237383520 0    0     0     4 4261 6727  0  0 100 0  0  0
 1  0      0 19528236 1600 237614944 0    0     0     0 3606 3217  0  0 100 0  0  0
 0  1      0 19253304 1600 237890400 0    0     0 867328 4048 3073 0  0 100 0  0  0
 1  0      0 19010556 1600 238121832 0    0     0 181254 9050 10519 0 0 100 0  0  0
procs -----------memory---------- ---swap-- -----io---- -system-- -------cpu-------
 r  b   swpd   free   buff  cache   si   so    bi    bo   in   cs us sy id wa st gu
 0  0      0 18606508 1600 238527364 0    0     0     8 5131 4069  0  0 100 0  0  0
 0  1      0 18196332 1600 238939012 0    0     0 868352 5621 5194 0  0 100 0  0  0
 0  0      0 18049716 1600 239082372 0    0     0 180230 5371 4001 0  0 100 0  0  0
 1  0      0 17759928 1600 239373220 0    0     0     0 3506 2882  0  0 100 0  0  0
 0  0      0 17337456 1600 239799204 0    0     0     4 4963 3065  0  0 100 0  0  0
 0  0      0 17157612 1600 239987652 0    0     0 1048583 8641 3534 0 0 100 0  0  0
 0  0      0 16849764 1600 240291784 0    0     0    20 4354 5791  0  0 100 0  0  0
 0  0      0 16529828 1600 240612296 0    0     0     0 3489 3110  0  0 100 0  0  0
 0  0      0 16132380 1600 241011688 0    0     0     0 4659 2905  0  0 99  0  0  0
 1  0      0 15930156 1600 241205212 0    0     0 1048582 8344 6609 0 0 100 0  0  0
 0  0      0 15547108 1600 241581052 0    0     0     4 3581 3202  0  0 100 0  0  0
 1  0      0 15297988 1600 241830920 0    0     0     0 4696 5261  0  0 100 0  0  0
 0  1      0 15042308 1600 242084872 0    0     0 879622 7215 4235 0  0 100 0  0  0
 0  0      0 14817928 1600 242309160 0    0     0 168962 3575 2475 0  0 100 0  0  0
 1  0      0 14342884 1600 242788392 0    0     0     4 5356 7464  0  0 100 0  0  0
 0  1      0 13997332 1600 243133512 0    0     0 879616 4003 3134 0  0 100 0  0  0
 1  0      0 13787932 1600 243351624 0    0     0 168967 7778 6120 0  0 100 0  0  0
 1  0      0 13352076 1600 243789928 0    0     0     0 4826 3564  0  0 100 0  0  0
 0  0      0 13061776 1600 244079720 0    0     0     4 3002 2405  0  0 100 0  0  0
 0  0      0 12880964 1600 244245612 0    0     0 1048582 8731 6516 0 0 100 0  0  0
 0  0      0 12558260 1600 244567144 0    0     0    57 3481 3303  0  0 100 0  0  0
procs -----------memory---------- ---swap-- -----io---- -system-- -------cpu-------
 r  b   swpd   free   buff  cache   si   so    bi    bo   in   cs us sy id wa st gu
 1  0      0 12193340 1600 244933768 0    0     0     0 4362 5311  0  0 100 0  0  0
 1  1      0 11879940 1600 245230728 0    0     0 880640 6724 4388 0  0 100 0  0  0
 0  0      0 11577460 1600 245534888 0    0     0 167937 4663 3195 0  0 100 0  0  0
 0  0      0 11178796 1600 245936296 0    0     0    52 3686 2601  0  0 100 0  0  0
 1  0      0 10887348 1600 246227112 0    0     0     0 3322 2657  0  0 100 0  0  0
 0  0      0 10694728 1600 246423720 0    0     0 1048627 8695 6774 0 0 99  0  0  0
 0  0      0 10374960 1600 246744232 0    0     0     0 3520 3212  0  0 100 0  0  0
 1  0      0 9908596  1600 247214312 0    0     0     0 4133 3036  0  0 100 0  0  0
 1  0      0 9736968  1600 247391476 0    0     0 1048590 9435 10682 0 0 99 0  0  0
 1  0      0 9366668  1600 247760104 0    0     0     0 5078 3714  0  0 100 0  0  0
 1  0      0 8906996  1600 248219912 0    0     0    12 5203 4662  0  0 100 0  0  0
 0  0      0 8602672  1600 248520972 0    0     0 1048583 8145 4765 0 0 99  0  0  0
 0  0      0 8287072  1600 248841516 0    0     0     0 3440 2982  0  0 100 0  0  0
 0  0      0 7966748  1600 249162028 0    0     0     0 4003 2665  0  0 100 0  0  0
 0  0      0 7708348  1600 249425196 0    0     0 1048582 7233 3920 0 0 99  0  0  0
 0  0      0 7241100  1600 249890124 0    0     0     0 5566 6131  0  0 100 0  0  0
 0  0      0 6922256  1600 250210636 0    0     0     4 3599 3266  0  0 100 0  0  0
 0  1      0 6660720  1600 250473836 0    0     0 1048576 7134 3420 0 0 99  0  0  0
 0  0      0 6351408  1600 250777964 0    0     0     7 6393 6631  0  0 100 0  0  0
 1  0      0 5970656  1600 251160492 0    0     0     0 4924 3679  0  0 100 0  0  0
 0  1      0 5602752  1600 251523532 0    0     0 309896 5881 5061 0  0 100 0  0  0
procs -----------memory---------- ---swap-- -----io---- -system-- -------cpu-------
 r  b   swpd   free   buff  cache   si   so    bi    bo   in   cs us sy id wa st gu
 1  0      0 5298068  1600 251826700 0    0     0 738687 6416 4570 0  0 100 0  0  0
 1  0      0 4886992  1600 252239660 0    0     0     0 3981 2450  0  0 100 0  0  0
 0  1      0 4560816  1600 252572492 0    0     0 309020 5433 8496 0  0 100 0  0  0
 0  0      0 4418556  1600 252716908 0    0     0 739566 8065 3600 0  0 100 0  0  0
 0  0      0 4019024  1600 253117292 0    0     0     4 4364 4820  0  0 100 0  0  0
 1  0      0 3617744  1600 253518732 0    0     0     0 3715 2939  0  0 100 0  0  0
 1  0      0 3449620  1600 253684620 0    0     0 1048583 7316 4055 0 0 100 0  0  0
 0  0      0 3211228  1600 253925260 0    0     0     0 6013 6317  0  0 100 0  0  0
 1  0      0 2904620  1600 254230444 0    0     0    36 4482 3332  0  0 100 0  0  0
 1  0      0 2907152  1600 254235216 0    0     0     0 5469 5230  0  0 100 0  0  0
 2  0      0 2903792  1600 254237072 0    0     0 1048577 8082 4860 0 0 99  0  0  0
 1  0      0 2974520  1600 254171900 0    0     0     0 5101 3569  0  0 100 0  0  0
 0  1      0 2998660  1600 254148516 0    0     0 1048592 5978 2650 0 0 99  0  0  0
 0  0      0 3010308  1600 254138028 0    0     0     7 4820 2686  0  0 100 0  0  0
 1  0      0 3122160  1600 254028928 0    0     0     0 6192 7283  0  0 100 0  0  0
 1  0      0 2964680  1600 254185948 0    0     0     4 4390 3611  0  0 100 0  0  0
 0  0      0 2947176  1600 254202620 0    0     0 1048631 6838 3760 0 0 99  0  0  0
 0  0      0 2995824  1600 254149280 0    0     0     4 7556 10364 0  0 100 0  0  0
 0  0      0 3053288  1600 254091016 0    0     0     0 5319 3610  0  0 100 0  0  0
 1  0      0 3083356  1600 254065640 0    0     0 1048584 7702 5502 0 0 100 0  0  0
 0  0      0 3072844  1600 254073968 0    0     0     0 4208 3534  0  0 100 0  0  0
procs -----------memory---------- ---swap-- -----io---- -system-- -------cpu-------
 r  b   swpd   free   buff  cache   si   so    bi    bo   in   cs us sy id wa st gu
 1  0      0 3031104  1600 254120284 0    0     0     4 4816 2852  0  0 100 0  0  0
 1  0      0 2957852  1600 254192988 0    0     0 1048583 8495 3764 0 0 100 0  0  0
 1  0      0 2962584  1600 254190064 0    0     0     0 3708 2931  0  0 100 0  0  0
 0  0      0 3064816  1600 254087712 0    0     0    12 5096 6013  0  0 100 0  0  0
 0  0      0 3112016  1600 254040132 0    0     0 1048583 7117 4120 0 0 99  0  0  0
 0  0      0 2945468  1600 254207720 0    0     0     0 4200 3312  0  0 99  0  0  0
 0  0      0 2986892  1600 254160684 0    0     0     4 5340 6267  0  0 100 0  0  0
 0  1      0 2950568  1600 254197000 0    0     0 1048576 6936 3997 0 0 99  0  0  0
 2  0      0 3102228  1600 254041256 0    0     0     7 4634 4379  0  0 100 0  0  0
 0  0      0 3148644  1600 253998248 0    0     0     0 4781 4113  0  0 100 0  0  0
 0  1      0 3031512  1600 254114788 0    0     0 804864 4624 3238 0  0 100 0  0  0
 1  0      0 2935008  1600 254211044 0    0     0 243731 6325 7678 0  0 100 0  0  0
 0  0      0 3105364  1600 254040512 0    0     0     0 3814 2752  0  0 100 0  0  0
 1  0      0 2991364  1600 254153964 0    0     0     4 4497 4552  0  0 100 0  0  0
 0  1      0 3074288  1600 254071284 0    0     0 833536 5686 4033 0  0 100 0  0  0
 0  0      0 3068540  1600 254074624 0    0     0 215047 5496 3032 0  0 100 0  0  0
 2  0      0 2896584  1600 254232348 0    0     0     0 5955 6458  0  0 100 0  0  0
 0  1      0 2895320  1600 254234672 0    0     0 328248 4158 3735 0  0 100 0  0  0
 0  0      0 2899576  1600 254235008 0    0     0 720362 7267 4920 0  0 99  0  0  0
 0  0      0 2895228  1600 254235828 0    0     0     0 5246 4868  0  0 100 0  0  0
 0  0      0 2896928  1600 254236244 0    0     0     4 3950 3299  0  0 100 0  0  0
procs -----------memory---------- ---swap-- -----io---- -system-- -------cpu-------
 r  b   swpd   free   buff  cache   si   so    bi    bo   in   cs us sy id wa st gu
 1  0      0 2900416  1600 254236756 0    0     0 1048615 8377 3767 0 0 100 0  0  0
 2  0      0 2901992  1600 254232644 0    0     0     0 4035 3110  0  0 100 0  0  0
 0  0      0 2898208  1600 254235396 0    0     0     0 4268 5809  0  0 100 0  0  0
 0  0      0 2902060  1600 254236088 0    0     0 1048583 7478 4586 0 0 99  0  0  0
 1  0      0 2906528  1600 254236176 0    0     0     0 4826 4400  0  0 100 0  0  0
 0  0      0 2913068  1600 254223788 0    0     0     4 6809 11283 0  0 100 0  0  0
 0  0      0 3130928  1600 254006040 0    0   416     0 4509 4017  0  0 100 0  0  0
 0  0      0 3062668  1600 254074648 0    0     0     0 5187 4920  0  0 100 0  0  0
 0  0      0 3003632  1600 254128920 0    0     0     0 4671 4923  0  0 100 0  0  0
 0  0      0 2937680  1600 254196504 0    0     0     4 4161 3820  0  0 100 0  0  0
 0  0      0 3120504  1600 254015612 0    0     0     4 4293 3619  0  0 100 0  0  0
 0  0      0 3081956  1600 254055412 0    0     0     0 4446 3936  0  0 99  0  0  0
 0  0      0 3015900  1600 254124020 0    0     0     0 4987 6297  0  0 100 0  0  0
 0  0      0 2949940  1600 254191604 0    0     0     8 4286 4304  0  0 100 0  0  0
 0  0      0 3133644  1600 254008900 0    0     0     0 3310 2954  0  0 100 0  0  0
 0  0      0 3064272  1600 254077504 0    0     0     0 6907 7053  0  0 100 0  0  0
 0  0      0 3022840  1600 254118468 0    0     0     0 3814 3812  0  0 100 0  0  0
 0  0      0 2956124  1600 254186052 0    0     0     0 3764 4282  0  0 100 0  0  0
 0  0      0 2912560  1600 254232232 0    0     0     0 4313 4140  0  0 100 0  0  0
 0  0      0 3063992  1600 254082908 0    0     0     0 3677 2696  0  0 100 0  0  0
 0  0      0 2997760  1600 254148444 0    0     0     0 6118 8589  0  0 100 0  0  0
procs -----------memory---------- ---swap-- -----io---- -system-- -------cpu-------
 r  b   swpd   free   buff  cache   si   so    bi    bo   in   cs us sy id wa st gu
 2  0      0 2912460  1600 254227884 0    0     0 1038481 7382 3973 0 0 100 0  0  0
 0  0      0 3025312  1600 254115620 0    0     0     0 4540 5325  0  0 100 0  0  0
 0  0      0 3092188  1600 254049644 0    0     0 626928 5650 4418 0  0 100 0  0  0
 0  0      0 3085024  1600 254057208 0    0     0  7425 2879 3125  0  0 100 0  0  0
 0  0      0 3074764  1600 254060784 0    0     0  3528 4674 5976  0  0 100 0  0  0
 3  0      0 3072652  1600 254062664 0    0     0  2503 3003 3438  0  0 100 0  0  0
 0  0      0 3070360  1600 254064936 0    0     0  2475 3100 4280  0  0 100 0  0  0
 0  0      0 3063656  1600 254066464 0    0     0  1359 3399 3951  0  0 100 0  0  0
 0  0      0 3065340  1600 254067576 0    0     0  1258 2736 3132  0  0 100 0  0  0
 0  0      0 3064540  1600 254068616 0    0     0   970 2455 2717  0  0 100 0  0  0
 0  0      0 3064252  1600 254069272 0    0     0   814 2836 3277  0  0 100 0  0  0
 0  0      0 3066288  1600 254070052 0    0     0   739 3889 7294  0  0 100 0  0  0
 0  0      0 3066632  1600 254070468 0    0     0   544 3117 3921  0  0 100 0  0  0
 0  0      0 3068088  1600 254070828 0    0     0   548 2471 2915  0  0 100 0  0  0
 0  0      0 3060280  1600 254071220 0    0     0   628 5397 10399 0  0 100 0  0  0
 1  0      0 3057344  1600 254072356 0    0   336   637 3160 4101  0  0 100 0  0  0
 0  0      0 3057508  1600 254073012 0    0     0   683 2789 3942  0  0 100 0  0  0
 0  0      0 3049268  1600 254073532 0    0     0   692 3273 4168  0  0 100 0  0  0
 0  0      0 3048464  1600 254074184 0    0     0   747 3026 3426  0  0 100 0  0  0
 0  0      0 3051552  1600 254074792 0    0     0   655 2858 3259  0  0 100 0  0  0
 0  0      0 3051976  1600 254075264 0    0     0   480 2618 3327  0  0 100 0  0  0
procs -----------memory---------- ---swap-- -----io---- -system-- -------cpu-------
 r  b   swpd   free   buff  cache   si   so    bi    bo   in   cs us sy id wa st gu
 1  0      0 3052084  1600 254075616 0    0     0   482 3006 5895  0  0 100 0  0  0
 0  0      0 3051968  1600 254076040 0    0     0   640 3297 4134  0  0 100 0  0  0
 0  0      0 3052432  1600 254076512 0    0     0   607 2511 2825  0  0 100 0  0  0
 0  0      0 3043800  1600 254076992 0    0     0   549 4268 6575  0  0 100 0  0  0
 2  0      0 3042344  1600 254077336 0    0     0   453 2936 4162  0  0 100 0  0  0
 0  0      0 3042612  1600 254077624 0    0     0   374 3055 3946  0  0 100 0  0  0
 0  0      0 3037204  1600 254077968 0    0     0   442 3340 4104  0  0 100 0  0  0
 0  0      0 3048612  1600 254078324 0    0     0   563 2724 3298  0  0 100 0  0  0
 0  0      0 3048640  1600 254078580 0    0     0   627 3647 7902  0  0 100 0  0  0
 0  0      0 3048120  1600 254078876 0    0     0   596 2708 3361  0  0 100 0  0  0
 0  0      0 3049600  1600 254079236 0    0     0   525 3348 5225  0  0 100 0  0  0
 0  0      0 3051180  1600 254079548 0    0     0   584 3200 3973  0  0 100 0  0  0
 0  0      0 3052372  1600 254079764 0    0     0   519 3040 3868  0  0 100 0  0  0
 0  0      0 3052184  1600 254080156 0    0     0   498 4730 6504  0  0 100 0  0  0
 1  0      0 3052192  1600 254080156 0    0     0  1279 3431 4991  0  0 100 0  0  0
 0  0      0 3051080  1600 254080772 0    0    64   560 3662 4653  0  0 100 0  0  0
 0  0      0 3042224  1600 254081324 0    0     0   541 3328 4312  0  0 100 0  0  0
 0  0      0 3041760  1600 254081764 0    0     0   499 3231 3906  0  0 100 0  0  0
 0  0      0 3041352  1600 254082172 0    0     0   594 2678 3130  0  0 100 0  0  0
 0  0      0 3041780  1600 254082252 0    0     0   546 2851 3552  0  0 100 0  0  0
 1  0      0 2972280  1600 254121732 0    0   708 23793 3715 8881  0  0 100 0  0  0
procs -----------memory---------- ---swap-- -----io---- -system-- -------cpu-------
 r  b   swpd   free   buff  cache   si   so    bi    bo   in   cs us sy id wa st gu
 1  0      0 2893956  1600 254153724 0    0  4560 82038 8409 14707 0  0 100 0  0  0
 0  0      0 2864428  1600 254174268 0    0  1576 32885 7290 11212 0  0 100 0  0  0
 0  0      0 2864264  1600 254174760 0    0     0     0 5345 10158 0  0 100 0  0  0
 1  0      0 2869420  1600 254174764 0    0     0     0 3174 4943  0  0 100 0  0  0
 0  0      0 2874240  1600 254174236 0    0     0     0 2139 2455  0  0 100 0  0  0
 0  0      0 2873308  1600 254174036 0    0     0     0 2979 3621  0  0 100 0  0  0
 0  0      0 2881436  1600 254174100 0    0     0 16451 3275 4264  0  0 100 0  0  0
 0  0      0 2886876  1600 254174104 0    0     0     0 2155 2382  0  0 100 0  0  0
 0  0      0 2895668  1600 254174104 0    0     0     0 2247 2706  0  0 100 0  0  0
 0  0      0 2878036  1600 254190944 0    0     0 33026 4178 7132  0  0 100 0  0  0
 0  0      0 2886656  1600 254191024 0    0     0     0 2553 3091  0  0 100 0  0  0
 0  0      0 2890096  1600 254191024 0    0     0     8 2357 2861  0  0 100 0  0  0
 3  0      0 2940200  1600 254173372 0    0    64  1653 6496 9501  0  0 100 0  0  0
 3  0      0 2951728  1600 254172708 0    0     0  4656 6202 10629 0  0 100 0  0  0
 0  0      0 2954640  1600 254172712 0    0     0     0 2769 3630  0  0 100 0  0  0
 0  0      0 3000160  1600 254129132 0    0     0    20 3553 5409  0  0 100 0  0  0
 0  0      0 3004416  1600 254129124 0    0     0     0 2680 3403  0  0 100 0  0  0
 1  0      0 2988004  1600 254129156 0    0     0   748 11314 21739 0 0 100 0  0  0
 0  0      0 2918872  1600 254189264 0    0     0 64340 5699 8550  0  0 100 0  0  0
 0  0      0 2907208  1600 254189804 0    0   436   288 6290 11730 0  0 100 0  0  0
 0  0      0 2909564  1600 254189804 0    0     0     0 3231 4301  0  0 100 0  0  0
procs -----------memory---------- ---swap-- -----io---- -system-- -------cpu-------
 r  b   swpd   free   buff  cache   si   so    bi    bo   in   cs us sy id wa st gu
 0  0      0 2912968  1600 254189808 0    0     0     0 2471 3078  0  0 100 0  0  0
 0  0      0 2919848  1600 254189800 0    0     0     0 4413 6379  0  0 100 0  0  0
 0  0      0 2923340  1600 254189808 0    0     0   741 2861 4543  0  0 100 0  0  0
 2  0      0 2925932  1600 254189808 0    0     0     0 2818 3670  0  0 100 0  0  0
 0  0      0 2926788  1600 254189744 0    0     0     0 3106 3803  0  0 100 0  0  0
 0  0      0 2928104  1600 254189744 0    0     0     0 2377 3113  0  0 100 0  0  0
 0  0      0 2923752  1600 254190204 0    0   456     0 5117 7609  0  0 100 0  0  0
 2  0      0 2859160  1600 254201040 0    0     0  4201 10166 18860 0 0 99  0  0  0
 1  0      0 2824068  1600 254193924 0    0   408     0 9035 14218 0  0 100 0  0  0
 0  0      0 2828840  1600 254193844 0    0     0     0 3737 6889  0  0 100 0  0  0
 0  0      0 2832968  1600 254193848 0    0     0     0 3329 3886  0  0 100 0  0  0
 0  0      0 2846720  1600 254193860 0    0     0     0 6403 11935 0  0 100 0  0  0
 0  0      0 2840680  1600 254193908 0    0     0     4 3710 5978  0  0 100 0  0  0
 0  0      0 2838016  1600 254193908 0    0     0     0 2811 3704  0  0 100 0  0  0
 0  0      0 2839036  1600 254193908 0    0     0     8 3633 4637  0  0 100 0  0  0
 0  0      0 2849060  1600 254193912 0    0     0     0 2847 3735  0  0 100 0  0  0
 0  0      0 2832772  1600 254193912 0    0     0     0 3899 5222  0  0 100 0  0  0
