Linux 6.12.88-119.157.amzn2023.x86_64 (ip-192-168-45-226.us-west-2.compute.internal) 	06/04/26 	_x86_64_	(128 CPU)

03:02:29      UID       PID    %usr %system  %guest   %wait    %CPU   CPU  Command
03:02:30        0     10676   11.65    0.00    0.00    0.00   11.65    47  containerd
03:02:30        0     10742    1.94    0.00    0.00    0.00    1.94    84  kubelet
03:02:30        0     10857    0.97    0.00    0.00    0.00    0.97    18  containerd-shim
03:02:30    10001     39866    0.97    0.00    0.00    0.00    0.97    66  manager
03:02:30       26    338082    0.97    0.00    0.00    0.00    0.97    73  manager
03:02:30       26    338220    0.97    0.00    0.00    0.00    0.97    49  manager
03:02:30        0    349535    0.00    2.91    0.00    0.00    2.91    99  pidstat
03:02:30       26    349635    4.85    0.00    0.00    0.00    4.85    15  pgbackrest

03:02:30      UID       PID    %usr %system  %guest   %wait    %CPU   CPU  Command
03:02:31    65532     13841    1.00    0.00    0.00    0.00    1.00   117  coredns
03:02:31        0    349535    1.00    0.00    0.00    0.00    1.00    99  pidstat
03:02:31       26    349650    6.00    0.00    0.00    0.00    6.00     2  pgbackrest
03:02:31       26    349651    1.00    0.00    0.00    0.00    1.00    25  postgres

03:02:31      UID       PID    %usr %system  %guest   %wait    %CPU   CPU  Command
03:02:32        0      2187    0.00    1.00    0.00    1.00    1.00     9  kworker/9:1-events
03:02:32        0     10676    1.00    0.00    0.00    0.00    1.00    47  containerd
03:02:32        0     10742    2.00    0.00    0.00    0.00    2.00    84  kubelet
03:02:32        0     11324    1.00    0.00    0.00    0.00    1.00   102  aws-k8s-agent
03:02:32    65532     13838    6.00    0.00    0.00    0.00    6.00    90  coredns
03:02:32    65532     13841    0.00    6.00    0.00    0.00    6.00    45  coredns
03:02:32     1000     18234    0.00    1.00    0.00    0.00    1.00    93  metrics-server
03:02:32        0     18596    1.00    0.00    0.00    0.00    1.00    22  xfsaild/nvme0n1
03:02:32        0    349535    2.00    2.00    0.00    0.00    4.00    99  pidstat
03:02:32       26    349650    1.00    7.00    0.00    1.00    8.00    68  pgbackrest
03:02:32       26    349676   12.00    5.00    0.00    2.00   17.00    88  pgbackrest
03:02:32       26    349677   15.00    1.00    0.00    2.00   16.00    68  pgbackrest
03:02:32       26    349678   17.00    1.00    0.00    3.00   18.00    71  pgbackrest
03:02:32       26    349679   12.00    2.00    0.00    3.00   14.00    78  pgbackrest
03:02:32       26    349680   13.00    1.00    0.00    2.00   14.00    53  pgbackrest
03:02:32       26    349681   16.00    3.00    0.00    3.00   19.00    72  pgbackrest
03:02:32       26    349682   15.00    4.00    0.00    2.00   19.00     7  pgbackrest
03:02:32       26    349683   12.00    0.00    0.00   13.00   12.00    73  pgbackrest
03:02:32       26    349684   15.00    2.00    0.00    3.00   17.00    14  pgbackrest
03:02:32       26    349685   13.00    2.00    0.00    3.00   15.00    60  pgbackrest
03:02:32       26    349686   15.00    0.00    0.00    3.00   15.00   120  pgbackrest
03:02:32       26    349687   15.00    1.00    0.00    2.00   16.00    97  pgbackrest
03:02:32       26    349688   16.00    1.00    0.00    3.00   17.00    77  pgbackrest
03:02:32       26    349689   16.00    1.00    0.00    2.00   17.00    11  pgbackrest
03:02:32       26    349690   17.00    1.00    0.00    2.00   18.00    85  pgbackrest
03:02:32       26    349691   19.00    1.00    0.00    4.00   20.00    19  pgbackrest
03:02:32       26    349692   14.00    3.00    0.00    6.00   17.00    15  pgbackrest
03:02:32       26    349693   21.00    3.00    0.00    0.00   24.00    24  pgbackrest
03:02:32       26    349694   22.00    2.00    0.00    2.00   24.00    44  pgbackrest
03:02:32       26    349695   20.00    3.00    0.00    2.00   23.00    64  pgbackrest
03:02:32       26    349696   22.00    2.00    0.00    0.00   24.00   119  pgbackrest
03:02:32       26    349697   21.00    3.00    0.00    0.00   24.00     2  pgbackrest
03:02:32       26    349698   19.00    3.00    0.00    3.00   22.00    28  pgbackrest
03:02:32       26    349699   21.00    4.00    0.00    0.00   25.00    63  pgbackrest
03:02:32       26    349700   22.00    2.00    0.00    0.00   24.00    57  pgbackrest
03:02:32       26    349701   22.00    3.00    0.00    0.00   25.00    25  pgbackrest
03:02:32       26    349702   23.00    2.00    0.00    0.00   25.00   123  pgbackrest
03:02:32       26    349703   22.00    0.00    0.00    3.00   22.00    65  pgbackrest
03:02:32       26    349704   23.00    1.00    0.00    0.00   24.00    61  pgbackrest
03:02:32       26    349705   23.00    1.00    0.00    0.00   24.00    21  pgbackrest
03:02:32       26    349706   25.00    0.00    0.00    2.00   25.00    36  pgbackrest
03:02:32       26    349707   21.00    4.00    0.00    0.00   25.00    48  pgbackrest
03:02:32       26    349708   23.00    1.00    0.00    2.00   24.00    90  pgbackrest
03:02:32       26    349709   20.00    5.00    0.00    2.00   25.00    95  pgbackrest
03:02:32       26    349710   22.00    0.00    0.00    2.00   22.00   102  pgbackrest
03:02:32       26    349711   22.00    3.00    0.00    0.00   25.00    39  pgbackrest
03:02:32       26    349712   20.00    4.00    0.00    0.00   24.00    17  pgbackrest
03:02:32       26    349713   22.00    2.00    0.00    0.00   24.00   105  pgbackrest
03:02:32       26    349714   21.00    3.00    0.00    0.00   24.00   103  pgbackrest
03:02:32       26    349715   20.00    2.00    0.00    3.00   22.00    69  pgbackrest
03:02:32       26    349716   21.00    2.00    0.00    2.00   23.00     4  pgbackrest
03:02:32       26    349717   23.00    1.00    0.00    0.00   24.00    44  pgbackrest
03:02:32       26    349718   23.00    2.00    0.00    0.00   25.00    48  pgbackrest
03:02:32       26    349719   25.00    0.00    0.00    0.00   25.00   110  pgbackrest
03:02:32       26    349720   21.00    3.00    0.00    0.00   24.00    88  pgbackrest
03:02:32       26    349721   21.00    3.00    0.00    0.00   24.00     9  pgbackrest
03:02:32       26    349722   21.00    2.00    0.00    0.00   23.00    60  pgbackrest
03:02:32       26    349723   23.00    0.00    0.00    2.00   23.00    80  pgbackrest
03:02:32       26    349724   23.00    2.00    0.00    0.00   25.00    25  pgbackrest
03:02:32       26    349725   22.00    2.00    0.00    0.00   24.00    91  pgbackrest
03:02:32       26    349726   24.00    1.00    0.00    0.00   25.00   122  pgbackrest
03:02:32       26    349727   22.00    2.00    0.00    0.00   24.00    16  pgbackrest
03:02:32       26    349728   20.00    3.00    0.00    2.00   23.00     5  pgbackrest
03:02:32       26    349729   22.00    3.00    0.00    0.00   25.00   118  pgbackrest
03:02:32       26    349730   20.00    5.00    0.00    0.00   25.00   105  pgbackrest
03:02:32       26    349731   25.00    1.00    0.00    0.00   26.00   117  pgbackrest
03:02:32       26    349732   21.00    3.00    0.00    0.00   24.00    58  pgbackrest
03:02:32       26    349733   18.00    2.00    0.00    5.00   20.00   127  pgbackrest
03:02:32       26    349734   19.00    4.00    0.00    0.00   23.00    16  pgbackrest
03:02:32       26    349735   22.00    3.00    0.00    0.00   25.00    17  pgbackrest
03:02:32       26    349736   22.00    1.00    0.00    0.00   23.00    33  pgbackrest
03:02:32       26    349737   21.00    3.00    0.00    0.00   24.00    78  pgbackrest
03:02:32       26    349738   20.00    3.00    0.00    2.00   23.00   125  pgbackrest
03:02:32       26    349739   20.00    3.00    0.00    1.00   23.00    12  pgbackrest
03:02:32       26    349740   20.00    3.00    0.00    2.00   23.00    80  pgbackrest
03:02:32       26    349741   23.00    2.00    0.00    2.00   25.00    74  pgbackrest
03:02:32       26    349742   19.00    3.00    0.00    0.00   22.00    25  pgbackrest
03:02:32       26    349743   22.00    1.00    0.00    2.00   23.00    39  pgbackrest
03:02:32       26    349744   21.00    3.00    0.00    2.00   24.00    12  pgbackrest
03:02:32       26    349745   19.00    4.00    0.00    2.00   23.00    87  pgbackrest
03:02:32       26    349746   22.00    2.00    0.00    2.00   24.00    89  pgbackrest
03:02:32       26    349747   24.00    1.00    0.00    2.00   25.00    42  pgbackrest
03:02:32       26    349748   22.00    2.00    0.00    2.00   24.00    58  pgbackrest
03:02:32       26    349749   20.00    5.00    0.00    2.00   25.00    82  pgbackrest
03:02:32       26    349750   19.00    5.00    0.00    2.00   24.00    20  pgbackrest
03:02:32       26    349751   20.00    3.00    0.00    2.00   23.00     0  pgbackrest
03:02:32       26    349752   25.00    0.00    0.00    2.00   25.00    12  pgbackrest
03:02:32       26    349753   22.00    1.00    0.00    2.00   23.00    29  pgbackrest
03:02:32       26    349754   22.00    2.00    0.00    2.00   24.00   113  pgbackrest
03:02:32       26    349755   18.00    3.00    0.00    0.00   21.00   112  pgbackrest
03:02:32       26    349756   19.00    2.00    0.00    0.00   21.00     2  pgbackrest
03:02:32       26    349757   20.00    2.00    0.00    0.00   22.00     0  pgbackrest
03:02:32       26    349758   21.00    1.00    0.00    0.00   22.00     1  pgbackrest
03:02:32       26    349759   21.00    2.00    0.00    1.00   23.00   106  pgbackrest
03:02:32       26    349760   20.00    3.00    0.00    0.00   23.00    75  pgbackrest
03:02:32       26    349761   22.00    1.00    0.00    0.00   23.00     6  pgbackrest
03:02:32       26    349762   20.00    1.00    0.00    0.00   21.00    91  pgbackrest
03:02:32       26    349763   20.00    3.00    0.00    3.00   23.00    26  pgbackrest
03:02:32       26    349764   20.00    1.00    0.00    0.00   21.00    16  pgbackrest
03:02:32       26    349765   22.00    1.00    0.00    0.00   23.00   125  pgbackrest
03:02:32       26    349766   22.00    2.00    0.00    3.00   24.00    93  pgbackrest
03:02:32       26    349767   19.00    5.00    0.00    1.00   24.00   124  pgbackrest
03:02:32       26    349768   22.00    3.00    0.00    2.00   25.00    61  pgbackrest
03:02:32       26    349769   21.00    1.00    0.00    1.00   22.00     1  pgbackrest
03:02:32       26    349770   20.00    4.00    0.00    1.00   24.00    56  pgbackrest
03:02:32       26    349771   19.00    4.00    0.00    3.00   23.00    96  pgbackrest
03:02:32       26    349772   22.00    1.00    0.00    2.00   23.00     2  pgbackrest
03:02:32       26    349773   20.00    3.00    0.00    1.00   23.00    20  pgbackrest
03:02:32       26    349774   20.00    3.00    0.00    3.00   23.00    31  pgbackrest
03:02:32       26    349775   20.00    3.00    0.00    3.00   23.00    10  pgbackrest
03:02:32       26    349776   18.00    3.00    0.00    0.00   21.00    38  pgbackrest
03:02:32       26    349777   21.00    2.00    0.00    3.00   23.00   106  pgbackrest
03:02:32       26    349778   19.00    3.00    0.00    3.00   22.00   102  pgbackrest
03:02:32       26    349779   23.00    2.00    0.00    2.00   25.00    86  pgbackrest
03:02:32       26    349780   21.00    3.00    0.00    3.00   24.00    86  pgbackrest
03:02:32       26    349781   19.00    4.00    0.00    3.00   23.00   109  pgbackrest
03:02:32       26    349782   20.00    4.00    0.00    3.00   24.00    46  pgbackrest
03:02:32       26    349783   22.00    1.00    0.00    3.00   23.00    64  pgbackrest
03:02:32       26    349784   23.00    0.00    0.00    3.00   23.00    83  pgbackrest
03:02:32       26    349785   19.00    4.00    0.00    3.00   23.00   112  pgbackrest
03:02:32       26    349786   21.00    4.00    0.00    2.00   25.00    18  pgbackrest
03:02:32       26    349787   22.00    3.00    0.00    2.00   25.00     3  pgbackrest
03:02:32       26    349788   22.00    2.00    0.00    2.00   24.00    81  pgbackrest
03:02:32       26    349789   22.00    0.00    0.00    0.00   22.00   106  pgbackrest
03:02:32       26    349790   23.00    2.00    0.00    2.00   25.00    81  pgbackrest
03:02:32       26    349791   22.00    2.00    0.00    2.00   24.00    17  pgbackrest
03:02:32       26    349792   24.00    1.00    0.00    2.00   25.00    64  pgbackrest
03:02:32       26    349793   21.00    3.00    0.00    3.00   24.00   103  pgbackrest
03:02:32       26    349794   23.00    0.00    0.00    3.00   23.00   121  pgbackrest
03:02:32       26    349795   19.00    4.00    0.00    3.00   23.00   107  pgbackrest
03:02:32       26    349796   22.00    2.00    0.00    3.00   24.00    79  pgbackrest
03:02:32       26    349797   19.00    3.00    0.00    4.00   22.00    37  pgbackrest
03:02:32       26    349798   24.00    0.00    0.00    3.00   24.00    41  pgbackrest
03:02:32       26    349799   23.00    1.00    0.00    2.00   24.00    27  pgbackrest
03:02:32       26    349800   14.00    4.00    0.00    3.00   18.00    94  pgbackrest
03:02:32       26    349801   23.00    2.00    0.00    2.00   25.00    20  pgbackrest
03:02:32       26    349802   11.00    1.00    0.00    2.00   12.00   106  pgbackrest
03:02:32       26    349803    9.00    0.00    0.00    2.00    9.00    77  pgbackrest

03:02:32      UID       PID    %usr %system  %guest   %wait    %CPU   CPU  Command
03:02:33        0        65    0.00    4.00    0.00    0.00    4.00     9  ksoftirqd/9
03:02:33        0        75    0.00    6.00    0.00    0.00    6.00    11  ksoftirqd/11
03:02:33        0       126    0.00    2.00    0.00    0.00    2.00    21  ksoftirqd/21
03:02:33        0       414    0.00   12.00    0.00    0.00   12.00    78  ksoftirqd/78
03:02:33        0       465    0.00    2.00    0.00    1.00    2.00    88  ksoftirqd/88
03:02:33        0       505    0.00    2.00    0.00    0.00    2.00    96  ksoftirqd/96
03:02:33        0       556    0.00   20.00    0.00    1.00   20.00   106  ksoftirqd/106
03:02:33        0       647    0.00   31.00    0.00    5.00   31.00   124  ksoftirqd/124
03:02:33        0      2126    0.00    1.00    0.00    1.00    1.00   124  kworker/124:1-events
03:02:33        0      2142    0.00    1.00    0.00    1.00    1.00    88  kworker/88:1-events
03:02:33        0     10676    1.00    0.00    0.00    0.00    1.00    47  containerd
03:02:33        0     10742    0.00    1.00    0.00    0.00    1.00    84  kubelet
03:02:33    65532     13838    2.00    0.00    0.00    0.00    2.00    90  coredns
03:02:33    65532     13841    0.00    2.00    0.00    0.00    2.00    45  coredns
03:02:33        0    331047    0.00    1.00    0.00    0.00    1.00     3  kworker/u513:21-kvfree_rcu_reclaim
03:02:33        0    335728    0.00    1.00    0.00    0.00    1.00    21  kworker/21:2-events
03:02:33        0    344090    0.00    1.00    0.00    0.00    1.00    96  kworker/96:0-events
03:02:33        0    349375    1.00    0.00    0.00    0.00    1.00    29  containerd-shim
03:02:33        0    349535    2.00    4.00    0.00    0.00    6.00    99  pidstat
03:02:33        0    349554    1.00    0.00    0.00    0.00    1.00    37  iostat
03:02:33       26    349650    1.00    1.00    0.00    8.00    2.00    14  pgbackrest
03:02:33       26    349676   41.00    9.00    0.00    1.00   50.00    81  pgbackrest
03:02:33       26    349677   45.00   13.00    0.00    2.00   58.00   127  pgbackrest
03:02:33       26    349678   45.00   19.00    0.00    1.00   64.00    84  pgbackrest
03:02:33       26    349679   50.00   12.00    0.00    0.00   62.00    24  pgbackrest
03:02:33       26    349680   43.00    5.00    0.00    0.00   48.00   118  pgbackrest
03:02:33       26    349681   55.00   12.00    0.00    1.00   67.00    74  pgbackrest
03:02:33       26    349682   52.00    6.00    0.00    0.00   58.00    22  pgbackrest
03:02:33       26    349683   68.00   10.00    0.00    0.00   78.00    72  pgbackrest
03:02:33       26    349684   48.00   25.00    0.00    1.00   73.00    14  pgbackrest
03:02:33       26    349685   42.00   15.00    0.00    2.00   57.00    60  pgbackrest
03:02:33       26    349686   43.00    4.00    0.00    0.00   47.00    18  pgbackrest
03:02:33       26    349687   43.00    7.00    0.00    0.00   50.00    61  pgbackrest
03:02:33       26    349688   53.00    9.00    0.00    0.00   62.00     9  pgbackrest
03:02:33       26    349689   38.00   14.00    0.00    1.00   52.00   110  pgbackrest
03:02:33       26    349690   44.00    4.00    0.00    1.00   48.00    19  pgbackrest
03:02:33       26    349691   56.00    6.00    0.00    0.00   62.00    83  pgbackrest
03:02:33       26    349692   51.00   10.00    0.00    1.00   61.00    79  pgbackrest
03:02:33       26    349693   70.00   19.00    0.00    1.00   89.00    87  pgbackrest
03:02:33       26    349694   76.00   11.00    0.00    0.00   87.00    50  pgbackrest
03:02:33       26    349695   82.00   11.00    0.00    0.00   93.00    64  pgbackrest
03:02:33       26    349696   74.00    8.00    0.00    0.00   82.00    41  pgbackrest
03:02:33       26    349697   80.00   17.00    0.00    0.00   97.00    58  pgbackrest
03:02:33       26    349698   61.00   22.00    0.00    0.00   83.00    21  pgbackrest
03:02:33       26    349699   68.00   13.00    0.00    0.00   81.00   126  pgbackrest
03:02:33       26    349700   84.00   12.00    0.00    0.00   96.00    57  pgbackrest
03:02:33       26    349701   82.00   13.00    0.00    0.00   95.00    30  pgbackrest
03:02:33       26    349702   74.00   14.00    0.00    0.00   88.00    31  pgbackrest
03:02:33       26    349703   86.00    7.00    0.00    0.00   93.00    68  pgbackrest
03:02:33       26    349704   73.00   12.00    0.00    0.00   85.00   124  pgbackrest
03:02:33       26    349705   79.00   16.00    0.00    0.00   95.00    42  pgbackrest
03:02:33       26    349706   67.00   17.00    0.00    2.00   84.00    81  pgbackrest
03:02:33       26    349707   66.00   10.00    0.00    0.00   76.00    53  pgbackrest
03:02:33       26    349708   70.00   11.00    0.00    0.00   81.00    13  pgbackrest
03:02:33       26    349709   80.00   14.00    0.00    0.00   94.00    15  pgbackrest
03:02:33       26    349710   74.00   10.00    0.00    1.00   84.00     8  pgbackrest
03:02:33       26    349711   79.00   10.00    0.00    0.00   89.00    49  pgbackrest
03:02:33       26    349712   84.00   14.00    0.00    0.00   98.00    17  pgbackrest
03:02:33       26    349713   76.00    8.00    0.00    0.00   84.00   111  pgbackrest
03:02:33       26    349714   77.00   11.00    0.00    0.00   88.00   116  pgbackrest
03:02:33       26    349715   80.00   13.00    0.00    0.00   93.00    69  pgbackrest
03:02:33       26    349716   81.00   11.00    0.00    0.00   92.00    76  pgbackrest
03:02:33       26    349717   67.00    6.00    0.00    1.00   73.00    38  pgbackrest
03:02:33       26    349718   78.00   13.00    0.00    0.00   91.00    48  pgbackrest
03:02:33       26    349719   84.00   10.00    0.00    0.00   94.00    59  pgbackrest
03:02:33       26    349720   88.00    9.00    0.00    0.00   97.00     1  pgbackrest
03:02:33       26    349721   71.00   23.00    0.00    0.00   94.00    71  pgbackrest
03:02:33       26    349722   70.00    8.00    0.00    0.00   78.00    46  pgbackrest
03:02:33       26    349723   74.00   10.00    0.00    0.00   84.00    12  pgbackrest
03:02:33       26    349724   87.00   12.00    0.00    0.00   99.00    23  pgbackrest
03:02:33       26    349725   67.00   16.00    0.00    0.00   83.00    88  pgbackrest
03:02:33       26    349726   73.00   11.00    0.00    0.00   84.00   122  pgbackrest
03:02:33       26    349727   81.00   13.00    0.00    0.00   94.00     5  pgbackrest
03:02:33       26    349728   81.00   12.00    0.00    0.00   93.00    16  pgbackrest
03:02:33       26    349729   76.00    8.00    0.00    0.00   84.00    33  pgbackrest
03:02:33       26    349730   87.00    9.00    0.00    0.00   96.00    70  pgbackrest
03:02:33       26    349731   83.00    8.00    0.00    0.00   91.00    90  pgbackrest
03:02:33       26    349732   69.00    6.00    0.00    0.00   75.00    51  pgbackrest
03:02:33       26    349733   63.00   12.00    0.00    1.00   75.00   106  pgbackrest
03:02:33       26    349734   86.00   12.00    0.00    0.00   98.00    40  pgbackrest
03:02:33       26    349735   69.00    7.00    0.00    0.00   76.00   117  pgbackrest
03:02:33       26    349736   73.00   20.00    0.00    0.00   93.00    97  pgbackrest
03:02:33       26    349737   79.00   10.00    0.00    0.00   89.00    43  pgbackrest
03:02:33       26    349738   71.00   19.00    0.00    1.00   90.00   115  pgbackrest
03:02:33       26    349739   85.00   13.00    0.00    0.00   98.00    95  pgbackrest
03:02:33       26    349740   70.00   15.00    0.00    0.00   85.00     3  pgbackrest
03:02:33       26    349741   83.00   10.00    0.00    0.00   93.00    98  pgbackrest
03:02:33       26    349742   82.00    9.00    0.00    0.00   91.00    65  pgbackrest
03:02:33       26    349743   74.00   12.00    0.00    0.00   86.00   121  pgbackrest
03:02:33       26    349744   82.00   10.00    0.00    0.00   92.00    80  pgbackrest
03:02:33       26    349745   82.00    5.00    0.00    0.00   87.00    67  pgbackrest
03:02:33       26    349746   83.00    4.00    0.00    0.00   87.00   119  pgbackrest
03:02:33       26    349747   75.00    9.00    0.00    0.00   84.00    55  pgbackrest
03:02:33       26    349748   76.00   11.00    0.00    1.00   87.00   125  pgbackrest
03:02:33       26    349749   63.00   11.00    0.00    0.00   74.00    54  pgbackrest
03:02:33       26    349750   80.00   13.00    0.00    0.00   93.00    89  pgbackrest
03:02:33       26    349751   72.00   10.00    0.00    0.00   82.00     0  pgbackrest
03:02:33       26    349752   61.00   25.00    0.00    0.00   86.00    82  pgbackrest
03:02:33       26    349753   77.00   13.00    0.00    0.00   90.00   123  pgbackrest
03:02:33       26    349754   77.00    7.00    0.00    0.00   84.00    26  pgbackrest
03:02:33       26    349755   82.00   14.00    0.00    0.00   96.00   112  pgbackrest
03:02:33       26    349756   88.00    8.00    0.00    1.00   96.00   104  pgbackrest
03:02:33       26    349757   84.00   12.00    0.00    0.00   96.00    44  pgbackrest
03:02:33       26    349758   86.00    7.00    0.00    0.00   93.00    28  pgbackrest
03:02:33       26    349759   85.00   12.00    0.00    0.00   97.00   113  pgbackrest
03:02:33       26    349760   84.00   13.00    0.00    1.00   97.00    32  pgbackrest
03:02:33       26    349761   80.00   10.00    0.00    0.00   90.00    92  pgbackrest
03:02:33       26    349762   90.00   10.00    0.00    1.00  100.00    91  pgbackrest
03:02:33       26    349763   85.00   12.00    0.00    0.00   97.00    20  pgbackrest
03:02:33       26    349764   82.00    9.00    0.00    0.00   91.00     7  pgbackrest
03:02:33       26    349765   87.00   10.00    0.00    0.00   97.00    45  pgbackrest
03:02:33       26    349766   85.00   10.00    0.00    0.00   95.00    93  pgbackrest
03:02:33       26    349767   80.00    7.00    0.00    0.00   87.00    77  pgbackrest
03:02:33       26    349768   69.00    8.00    0.00    1.00   77.00    66  pgbackrest
03:02:33       26    349769   74.00    8.00    0.00    1.00   82.00    94  pgbackrest
03:02:33       26    349770   79.00   16.00    0.00    0.00   95.00    56  pgbackrest
03:02:33       26    349771   76.00   14.00    0.00    0.00   90.00    75  pgbackrest
03:02:33       26    349772   83.00   10.00    0.00    0.00   93.00    10  pgbackrest
03:02:33       26    349773   91.00    3.00    0.00    0.00   94.00    25  pgbackrest
03:02:33       26    349774   88.00    5.00    0.00    0.00   93.00    34  pgbackrest
03:02:33       26    349775   78.00   17.00    0.00    0.00   95.00    35  pgbackrest
03:02:33       26    349776   84.00   15.00    0.00    0.00   99.00    36  pgbackrest
03:02:33       26    349777   78.00    7.00    0.00    0.00   85.00    47  pgbackrest
03:02:33       26    349778   73.00   11.00    0.00    0.00   84.00    37  pgbackrest
03:02:33       26    349779   84.00    7.00    0.00    0.00   91.00    86  pgbackrest
03:02:33       26    349780   81.00   10.00    0.00    0.00   91.00   107  pgbackrest
03:02:33       26    349781   82.00    7.00    0.00    0.00   89.00    73  pgbackrest
03:02:33       26    349782   73.00    5.00    0.00    0.00   78.00    39  pgbackrest
03:02:33       26    349783   76.00    9.00    0.00    0.00   85.00    27  pgbackrest
03:02:33       26    349784   80.00   10.00    0.00    0.00   90.00    52  pgbackrest
03:02:33       26    349785   73.00    6.00    0.00    1.00   79.00   100  pgbackrest
03:02:33       26    349786   78.00   11.00    0.00    0.00   89.00   108  pgbackrest
03:02:33       26    349787   84.00    6.00    0.00    0.00   90.00    29  pgbackrest
03:02:33       26    349788   72.00   12.00    0.00    0.00   84.00     4  pgbackrest
03:02:33       26    349789   16.00    4.00    0.00    0.00   20.00    42  pgbackrest
03:02:33       26    349790   63.00   15.00    0.00    0.00   78.00    78  pgbackrest
03:02:33       26    349791   77.00   11.00    0.00    0.00   88.00    11  pgbackrest
03:02:33       26    349792   71.00   14.00    0.00    0.00   85.00   101  pgbackrest
03:02:33       26    349793   82.00    8.00    0.00    0.00   90.00   114  pgbackrest
03:02:33       26    349794   78.00   13.00    0.00    0.00   91.00    62  pgbackrest
03:02:33       26    349795   77.00   12.00    0.00    0.00   89.00   109  pgbackrest
03:02:33       26    349796   80.00   15.00    0.00    0.00   95.00   103  pgbackrest
03:02:33       26    349797   76.00   11.00    0.00    0.00   87.00   120  pgbackrest
03:02:33       26    349798   62.00   15.00    0.00    2.00   77.00    85  pgbackrest
03:02:33       26    349799   83.00   15.00    0.00    0.00   98.00   105  pgbackrest
03:02:33       26    349800   57.00    6.00    0.00    0.00   63.00     6  pgbackrest
03:02:33       26    349801   71.00   13.00    0.00    1.00   84.00    84  pgbackrest
03:02:33       26    349802    3.00    2.00    0.00    1.00    5.00    14  pgbackrest
03:02:33       26    349803    5.00    2.00    0.00    1.00    7.00    96  pgbackrest

03:02:33      UID       PID    %usr %system  %guest   %wait    %CPU   CPU  Command
03:02:34        0        18    1.00    0.00    0.00   10.00    1.00   121  rcu_preempt
03:02:34        0        65    0.00    3.00    0.00    1.00    3.00     9  ksoftirqd/9
03:02:34        0        75    0.00    3.00    0.00    0.00    3.00    11  ksoftirqd/11
03:02:34        0       126    0.00    1.00    0.00    0.00    1.00    21  ksoftirqd/21
03:02:34        0       414    0.00    3.00    0.00    1.00    3.00    78  ksoftirqd/78
03:02:34        0       465    0.00    1.00    0.00    1.00    1.00    88  ksoftirqd/88
03:02:34        0       505    0.00    3.00    0.00    2.00    3.00    96  ksoftirqd/96
03:02:34        0       556    0.00    5.00    0.00    3.00    5.00   106  ksoftirqd/106
03:02:34        0       647    0.00   26.00    0.00    6.00   26.00   124  ksoftirqd/124
03:02:34        0      2126    0.00    1.00    0.00    6.00    1.00   124  kworker/124:1-events
03:02:34        0      2226    0.00    1.00    0.00    3.00    1.00   106  kworker/106:1-events
03:02:34        0     10676    2.00    0.00    0.00    0.00    2.00    47  containerd
03:02:34        0     10742    7.00    0.00    0.00    0.00    7.00    84  kubelet
03:02:34        0     11164    0.00    1.00    0.00    3.00    1.00    11  kworker/11:2-events
03:02:34    65532     13841    0.00    1.00    0.00    0.00    1.00    45  coredns
03:02:34    10001     39866    1.00    0.00    0.00    0.00    1.00    66  manager
03:02:34    10001     44757    1.00    0.00    0.00    0.00    1.00    41  manager
03:02:34        0    337978    1.00    0.00    0.00    0.00    1.00    84  containerd-shim
03:02:34        0    349499    1.00    0.00    0.00    0.00    1.00    28  vmstat
03:02:34        0    349535    3.00    3.00    0.00    1.00    6.00    99  pidstat
03:02:34       26    349650    0.00    3.00    0.00   15.00    3.00    96  pgbackrest
03:02:34       26    349676   44.00   11.00    0.00    2.00   55.00   105  pgbackrest
03:02:34       26    349677   47.00   19.00    0.00    1.00   66.00   106  pgbackrest
03:02:34       26    349678   47.00   24.00    0.00    1.00   71.00    21  pgbackrest
03:02:34       26    349679   51.00   10.00    0.00    1.00   61.00    24  pgbackrest
03:02:34       26    349680   50.00    6.00    0.00    1.00   56.00    46  pgbackrest
03:02:34       26    349681   64.00   10.00    0.00    0.00   74.00    74  pgbackrest
03:02:34       26    349682   48.00   15.00    0.00    1.00   63.00    24  pgbackrest
03:02:34       26    349683   55.00    9.00    0.00    0.00   64.00    72  pgbackrest
03:02:34       26    349684   62.00   10.00    0.00    1.00   72.00     6  pgbackrest
03:02:34       26    349685   46.00   15.00    0.00    6.00   61.00    37  pgbackrest
03:02:34       26    349686   52.00    3.00    0.00    0.00   55.00    18  pgbackrest
03:02:34       26    349687   52.00   17.00    0.00    2.00   69.00    52  pgbackrest
03:02:34       26    349688   57.00   23.00    0.00    2.00   80.00    67  pgbackrest
03:02:34       26    349689   56.00    3.00    0.00    1.00   59.00   119  pgbackrest
03:02:34       26    349690   47.00   10.00    0.00    0.00   57.00    11  pgbackrest
03:02:34       26    349691   52.00    4.00    0.00    0.00   56.00    85  pgbackrest
03:02:34       26    349692   55.00    4.00    0.00    0.00   59.00     2  pgbackrest
03:02:34       26    349693   89.00    8.00    0.00    0.00   97.00    81  pgbackrest
03:02:34       26    349694   92.00    9.00    0.00    0.00  101.00    50  pgbackrest
03:02:34       26    349695   85.00   13.00    0.00    0.00   98.00    64  pgbackrest
03:02:34       26    349696   81.00   19.00    0.00    0.00  100.00    60  pgbackrest
03:02:34       26    349697   89.00   11.00    0.00    0.00  100.00    58  pgbackrest
03:02:34       26    349698   71.00   29.00    0.00    2.00  100.00    13  pgbackrest
03:02:34       26    349699   91.00    6.00    0.00    0.00   97.00   105  pgbackrest
03:02:34       26    349700   85.00   15.00    0.00    0.00  100.00    57  pgbackrest
03:02:34       26    349701   82.00   16.00    0.00    0.00   98.00    62  pgbackrest
03:02:34       26    349702   83.00   12.00    0.00    0.00   95.00    49  pgbackrest
03:02:34       26    349703   96.00    5.00    0.00    0.00  101.00    68  pgbackrest
03:02:34       26    349704   81.00    9.00    0.00    2.00   90.00    39  pgbackrest
03:02:34       26    349705   93.00    9.00    0.00    0.00  102.00    42  pgbackrest
03:02:34       26    349706   89.00   10.00    0.00    0.00   99.00    77  pgbackrest
03:02:34       26    349707   93.00    9.00    0.00    0.00  102.00   117  pgbackrest
03:02:34       26    349708   89.00    7.00    0.00    1.00   96.00   126  pgbackrest
03:02:34       26    349709   90.00   12.00    0.00    0.00  102.00    15  pgbackrest
03:02:34       26    349710   82.00   14.00    0.00    1.00   96.00   102  pgbackrest
03:02:34       26    349711   88.00   10.00    0.00    0.00   98.00   115  pgbackrest
03:02:34       26    349712   88.00   14.00    0.00    0.00  102.00    17  pgbackrest
03:02:34       26    349713   91.00    8.00    0.00    0.00   99.00    63  pgbackrest
03:02:34       26    349714   93.00    9.00    0.00    0.00  102.00   116  pgbackrest
03:02:34       26    349715   87.00   16.00    0.00    0.00  103.00    69  pgbackrest
03:02:34       26    349716   90.00   10.00    0.00    0.00  100.00    76  pgbackrest
03:02:34       26    349717   72.00   13.00    0.00    2.00   85.00    86  pgbackrest
03:02:34       26    349718   86.00   14.00    0.00    0.00  100.00    35  pgbackrest
03:02:34       26    349719   84.00   11.00    0.00    0.00   95.00    59  pgbackrest
03:02:34       26    349720   85.00   15.00    0.00    0.00  100.00     1  pgbackrest
03:02:34       26    349721   90.00   10.00    0.00    0.00  100.00    71  pgbackrest
03:02:34       26    349722   79.00   11.00    0.00    1.00   90.00   100  pgbackrest
03:02:34       26    349723   90.00    8.00    0.00    0.00   98.00    12  pgbackrest
03:02:34       26    349724   81.00   19.00    0.00    0.00  100.00    23  pgbackrest
03:02:34       26    349725   71.00   13.00    0.00    2.00   84.00    88  pgbackrest
03:02:34       26    349726   80.00   16.00    0.00    0.00   96.00   122  pgbackrest
03:02:34       26    349727   91.00   10.00    0.00    0.00  101.00     5  pgbackrest
03:02:34       26    349728   93.00    8.00    0.00    0.00  101.00    16  pgbackrest
03:02:34       26    349729   86.00   14.00    0.00    0.00  100.00    94  pgbackrest
03:02:34       26    349730   97.00    4.00    0.00    0.00  101.00    70  pgbackrest
03:02:34       26    349731   94.00    7.00    0.00    0.00  101.00    90  pgbackrest
03:02:34       26    349732   73.00   19.00    0.00    1.00   92.00   118  pgbackrest
03:02:34       26    349733   75.00   21.00    0.00    1.00   96.00    47  pgbackrest
03:02:34       26    349734   97.00    4.00    0.00    0.00  101.00    40  pgbackrest
03:02:34       26    349735   75.00   12.00    0.00    2.00   87.00    78  pgbackrest
03:02:34       26    349736   76.00   19.00    0.00    1.00   95.00     8  pgbackrest
03:02:34       26    349737   90.00   10.00    0.00    0.00  100.00    43  pgbackrest
03:02:34       26    349738   86.00    9.00    0.00    0.00   95.00    51  pgbackrest
03:02:34       26    349739   86.00   13.00    0.00    0.00   99.00    95  pgbackrest
03:02:34       26    349740   89.00    9.00    0.00    1.00   98.00    19  pgbackrest
03:02:34       26    349741   88.00   12.00    0.00    0.00  100.00    98  pgbackrest
03:02:34       26    349742   94.00    7.00    0.00    0.00  101.00    65  pgbackrest
03:02:34       26    349743   89.00   11.00    0.00    0.00  100.00   121  pgbackrest
03:02:34       26    349744   77.00   17.00    0.00    1.00   94.00    73  pgbackrest
03:02:34       26    349745   84.00    9.00    0.00    1.00   93.00    61  pgbackrest
03:02:34       26    349746   85.00    7.00    0.00    0.00   92.00    33  pgbackrest
03:02:34       26    349747   92.00    8.00    0.00    0.00  100.00    55  pgbackrest
03:02:34       26    349748   85.00   12.00    0.00    0.00   97.00   125  pgbackrest
03:02:34       26    349749   81.00   12.00    0.00    2.00   93.00    44  pgbackrest
03:02:34       26    349750   92.00    7.00    0.00    0.00   99.00    89  pgbackrest
03:02:34       26    349751   89.00   11.00    0.00    1.00  100.00     0  pgbackrest
03:02:34       26    349752   92.00    9.00    0.00    0.00  101.00    82  pgbackrest
03:02:34       26    349753   87.00   14.00    0.00    0.00  101.00   123  pgbackrest
03:02:34       26    349754   91.00    8.00    0.00    0.00   99.00    26  pgbackrest
03:02:34       26    349755   84.00    7.00    0.00    0.00   91.00   112  pgbackrest
03:02:34       26    349756   74.00    9.00    0.00    0.00   83.00   104  pgbackrest
03:02:34       26    349757   87.00    9.00    0.00    0.00   96.00    79  pgbackrest
03:02:34       26    349758   85.00   11.00    0.00    1.00   96.00    38  pgbackrest
03:02:34       26    349759   90.00   11.00    0.00    0.00  101.00   113  pgbackrest
03:02:34       26    349760   77.00   20.00    0.00    0.00   97.00    54  pgbackrest
03:02:34       26    349761   73.00   21.00    0.00    0.00   94.00    32  pgbackrest
03:02:34       26    349762   87.00   14.00    0.00    0.00  101.00    91  pgbackrest
03:02:34       26    349763   93.00    7.00    0.00    0.00  100.00    84  pgbackrest
03:02:34       26    349764   90.00    9.00    0.00    0.00   99.00     7  pgbackrest
03:02:34       26    349765   89.00   12.00    0.00    0.00  101.00    45  pgbackrest
03:02:34       26    349766   89.00   10.00    0.00    0.00   99.00    93  pgbackrest
03:02:34       26    349767   65.00    5.00    0.00    0.00   70.00   108  pgbackrest
03:02:34       26    349768   69.00   16.00    0.00    1.00   85.00     9  pgbackrest
03:02:34       26    349769   79.00   15.00    0.00    0.00   94.00    92  pgbackrest
03:02:34       26    349770   77.00    7.00    0.00    0.00   84.00    48  pgbackrest
03:02:34       26    349771   91.00   10.00    0.00    0.00  101.00    75  pgbackrest
03:02:34       26    349772   88.00   13.00    0.00    0.00  101.00    10  pgbackrest
03:02:34       26    349773   92.00    8.00    0.00    0.00  100.00    25  pgbackrest
03:02:34       26    349774   90.00   10.00    0.00    0.00  100.00    34  pgbackrest
03:02:34       26    349775   78.00   14.00    0.00    2.00   92.00    20  pgbackrest
03:02:34       26    349776   88.00   12.00    0.00    0.00  100.00    36  pgbackrest
03:02:34       26    349777   80.00   12.00    0.00    1.00   92.00   101  pgbackrest
03:02:34       26    349778   84.00   10.00    0.00    1.00   94.00   103  pgbackrest
03:02:34       26    349779   93.00    4.00    0.00    0.00   97.00    56  pgbackrest
03:02:34       26    349780   88.00   11.00    0.00    0.00   99.00   107  pgbackrest
03:02:34       26    349781   80.00   17.00    0.00    0.00   97.00    30  pgbackrest
03:02:34       26    349782   86.00    8.00    0.00    0.00   94.00    31  pgbackrest
03:02:34       26    349783   88.00   13.00    0.00    0.00  101.00    27  pgbackrest
03:02:34       26    349784   87.00   12.00    0.00    0.00   99.00    66  pgbackrest
03:02:34       26    349785   86.00    8.00    0.00    1.00   94.00    37  pgbackrest
03:02:34       26    349786   74.00    6.00    0.00    0.00   80.00    53  pgbackrest
03:02:34       26    349787   84.00   12.00    0.00    0.00   96.00    22  pgbackrest
03:02:34       26    349788   83.00   14.00    0.00    0.00   97.00   110  pgbackrest
03:02:34       26    349790   83.00   10.00    0.00    2.00   93.00    28  pgbackrest
03:02:34       26    349791   79.00   14.00    0.00    0.00   93.00   114  pgbackrest
03:02:34       26    349792   85.00   15.00    0.00    0.00  100.00     4  pgbackrest
03:02:34       26    349793   82.00   15.00    0.00    1.00   97.00    83  pgbackrest
03:02:34       26    349794   85.00   11.00    0.00    0.00   96.00     3  pgbackrest
03:02:34       26    349795   78.00    8.00    0.00    0.00   86.00   109  pgbackrest
03:02:34       26    349796   81.00   18.00    0.00    1.00   99.00    96  pgbackrest
03:02:34       26    349797   79.00   21.00    0.00    0.00  100.00    80  pgbackrest
03:02:34       26    349798   68.00   23.00    0.00    1.00   91.00    14  pgbackrest
03:02:34       26    349799   86.00   14.00    0.00    0.00  100.00   127  pgbackrest
03:02:34       26    349800   54.00    7.00    0.00    0.00   61.00    29  pgbackrest
03:02:34       26    349801   66.00   13.00    0.00   15.00   79.00    11  pgbackrest
03:02:34       26    349802    2.00    4.00    0.00    7.00    6.00    26  pgbackrest
03:02:34       26    349803    2.00    3.00    0.00    3.00    5.00   106  pgbackrest

03:02:34      UID       PID    %usr %system  %guest   %wait    %CPU   CPU  Command
03:02:35        0        65    0.00    2.00    0.00    1.00    2.00     9  ksoftirqd/9
03:02:35        0        75    0.00    4.00    0.00    2.00    4.00    11  ksoftirqd/11
03:02:35        0       414    0.00    4.00    0.00    0.00    4.00    78  ksoftirqd/78
03:02:35        0       465    0.00    2.00    0.00    0.00    2.00    88  ksoftirqd/88
03:02:35        0       505    0.00    3.00    0.00    0.00    3.00    96  ksoftirqd/96
03:02:35        0       556    0.00    4.00    0.00    2.00    4.00   106  ksoftirqd/106
03:02:35        0       647    0.00   15.00    0.00    3.00   15.00   124  ksoftirqd/124
03:02:35        0      2141    0.00    1.00    0.00    0.00    1.00    25  kworker/25:1-mm_percpu_wq
03:02:35        0      2177    1.00    0.00    0.00    0.00    1.00   100  kworker/100:1-mm_percpu_wq
03:02:35        0      2187    0.00    1.00    0.00    1.00    1.00     9  kworker/9:1-events
03:02:35        0      2219    1.00    0.00    0.00    0.00    1.00    80  kworker/80:1-mm_percpu_wq
03:02:35        0     10676    2.00    0.00    0.00    0.00    2.00    47  containerd
03:02:35        0     10742    1.00    3.00    0.00    0.00    4.00    84  kubelet
03:02:35    65532     13838    1.00    0.00    0.00    0.00    1.00    90  coredns
03:02:35    10001     39866    0.00    1.00    0.00    0.00    1.00    66  manager
03:02:35    65532     43446    1.00    0.00    0.00    0.00    1.00    69  webhook
03:02:35        0     45884    1.00    0.00    0.00    0.00    1.00    52  containerd-shim
03:02:35        0    334636    0.00    1.00    0.00    0.00    1.00    78  kworker/78:0-events
03:02:35        0    335728    0.00    1.00    0.00    0.00    1.00    21  kworker/21:2-events
03:02:35        0    349535    1.00    5.00    0.00    0.00    6.00    99  pidstat
03:02:35       26    349650    4.00    2.00    0.00    9.00    6.00    99  pgbackrest
03:02:35       26    349676   43.00    8.00    0.00    1.00   51.00    40  pgbackrest
03:02:35       26    349677   45.00    8.00    0.00    2.00   53.00    35  pgbackrest
03:02:35       26    349678   43.00   26.00    0.00    1.00   69.00    26  pgbackrest
03:02:35       26    349679   47.00   11.00    0.00    0.00   58.00    84  pgbackrest
03:02:35       26    349680   46.00    5.00    0.00    0.00   51.00    41  pgbackrest
03:02:35       26    349681   52.00    4.00    0.00    0.00   56.00     9  pgbackrest
03:02:35       26    349682   46.00   10.00    0.00    0.00   56.00    74  pgbackrest
03:02:35       26    349683   46.00   13.00    0.00    1.00   59.00    18  pgbackrest
03:02:35       26    349684   47.00    8.00    0.00    1.00   55.00    87  pgbackrest
03:02:35       26    349685   42.00   11.00    0.00    3.00   53.00    57  pgbackrest
03:02:35       26    349686   55.00    7.00    0.00    0.00   62.00    14  pgbackrest
03:02:35       26    349687   43.00   12.00    0.00    0.00   55.00    96  pgbackrest
03:02:35       26    349688   56.00    8.00    0.00    0.00   64.00    73  pgbackrest
03:02:35       26    349689   38.00   15.00    0.00    1.00   53.00    35  pgbackrest
03:02:35       26    349690   45.00    9.00    0.00    1.00   54.00    77  pgbackrest
03:02:35       26    349691   48.00   16.00    0.00    1.00   64.00   107  pgbackrest
03:02:35       26    349692   47.00    5.00    0.00    0.00   52.00     2  pgbackrest
03:02:35       26    349693   69.00   24.00    0.00    2.00   93.00   118  pgbackrest
03:02:35       26    349694   69.00    5.00    0.00    0.00   74.00    50  pgbackrest
03:02:35       26    349695   72.00    7.00    0.00    0.00   79.00    38  pgbackrest
03:02:35       26    349696   67.00    8.00    0.00    0.00   75.00    60  pgbackrest
03:02:35       26    349697   58.00    8.00    0.00    0.00   66.00    19  pgbackrest
03:02:35       26    349698   82.00   11.00    0.00    0.00   93.00    13  pgbackrest
03:02:35       26    349699   77.00    7.00    0.00    0.00   84.00   105  pgbackrest
03:02:35       26    349700   59.00    7.00    0.00    0.00   66.00    98  pgbackrest
03:02:35       26    349701   72.00    9.00    0.00    1.00   81.00    24  pgbackrest
03:02:35       26    349702   79.00   14.00    0.00    0.00   93.00    29  pgbackrest
03:02:35       26    349703   68.00    8.00    0.00    0.00   76.00    68  pgbackrest
03:02:35       26    349704   73.00    7.00    0.00    0.00   80.00    39  pgbackrest
03:02:35       26    349705   56.00    2.00    0.00    1.00   58.00    23  pgbackrest
03:02:35       26    349706   84.00    5.00    0.00    0.00   89.00    81  pgbackrest
03:02:35       26    349707   75.00    7.00    0.00    0.00   82.00   117  pgbackrest
03:02:35       26    349708   65.00   17.00    0.00    0.00   82.00    12  pgbackrest
03:02:35       26    349709   62.00    7.00    0.00    0.00   69.00    64  pgbackrest
03:02:35       26    349710   71.00   12.00    0.00    1.00   83.00   115  pgbackrest
03:02:35       26    349711   68.00    9.00    0.00    0.00   77.00    49  pgbackrest
03:02:35       26    349712   59.00    4.00    0.00    0.00   63.00    17  pgbackrest
03:02:35       26    349713   77.00   13.00    0.00    0.00   90.00    63  pgbackrest
03:02:35       26    349714   65.00   13.00    0.00    0.00   78.00   116  pgbackrest
03:02:35       26    349715   75.00    5.00    0.00    0.00   80.00    69  pgbackrest
03:02:35       26    349716   71.00    6.00    0.00    0.00   77.00    76  pgbackrest
03:02:35       26    349717   80.00   10.00    0.00    0.00   90.00    86  pgbackrest
03:02:35       26    349718   56.00   23.00    0.00    1.00   79.00    62  pgbackrest
03:02:35       26    349719   59.00    4.00    0.00    0.00   63.00   100  pgbackrest
03:02:35       26    349720   70.00    5.00    0.00    0.00   75.00     1  pgbackrest
03:02:35       26    349721   77.00    7.00    0.00    0.00   84.00    71  pgbackrest
03:02:35       26    349722   78.00   11.00    0.00    0.00   89.00    49  pgbackrest
03:02:35       26    349723   80.00    8.00    0.00    0.00   88.00    12  pgbackrest
03:02:35       26    349724   60.00    8.00    0.00    0.00   68.00    23  pgbackrest
03:02:35       26    349725   78.00   14.00    0.00    0.00   92.00     4  pgbackrest
03:02:35       26    349726   69.00   10.00    0.00    0.00   79.00   122  pgbackrest
03:02:35       26    349727   72.00    7.00    0.00    0.00   79.00     5  pgbackrest
03:02:35       26    349728   69.00    7.00    0.00    0.00   76.00    12  pgbackrest
03:02:35       26    349729   74.00   12.00    0.00    0.00   86.00    94  pgbackrest
03:02:35       26    349730   60.00    6.00    0.00    0.00   66.00    70  pgbackrest
03:02:35       26    349731   72.00    9.00    0.00    0.00   81.00    90  pgbackrest
03:02:35       26    349732   76.00   16.00    0.00    1.00   92.00    51  pgbackrest
03:02:35       26    349733   67.00   23.00    0.00    1.00   90.00    33  pgbackrest
03:02:35       26    349734   55.00   13.00    0.00    1.00   68.00    24  pgbackrest
03:02:35       26    349735   59.00   25.00    0.00    1.00   84.00   114  pgbackrest
03:02:35       26    349736   78.00    5.00    0.00    0.00   83.00    30  pgbackrest
03:02:35       26    349737   71.00    8.00    0.00    0.00   79.00    43  pgbackrest
03:02:35       26    349738   60.00   12.00    0.00    1.00   72.00    32  pgbackrest
03:02:35       26    349739   68.00    9.00    0.00    0.00   77.00    95  pgbackrest
03:02:35       26    349740   83.00    7.00    0.00    0.00   90.00     3  pgbackrest
03:02:35       26    349741   67.00    4.00    0.00    0.00   71.00    98  pgbackrest
03:02:35       26    349742   60.00   15.00    0.00    0.00   75.00    65  pgbackrest
03:02:35       26    349743   69.00    9.00    0.00    0.00   78.00   121  pgbackrest
03:02:35       26    349744   81.00    5.00    0.00    1.00   86.00     6  pgbackrest
03:02:35       26    349745   76.00   10.00    0.00    0.00   86.00    61  pgbackrest
03:02:35       26    349746   65.00   15.00    0.00    1.00   80.00    25  pgbackrest
03:02:35       26    349747   65.00   15.00    0.00    0.00   80.00    55  pgbackrest
03:02:35       26    349748   64.00    8.00    0.00    0.00   72.00   125  pgbackrest
03:02:35       26    349749   67.00   19.00    0.00    0.00   86.00    14  pgbackrest
03:02:35       26    349750   67.00   10.00    0.00    0.00   77.00    89  pgbackrest
03:02:35       26    349751   72.00   13.00    0.00    0.00   85.00    47  pgbackrest
03:02:35       26    349752   70.00   11.00    0.00    0.00   81.00    18  pgbackrest
03:02:35       26    349753   68.00    6.00    0.00    0.00   74.00    75  pgbackrest
03:02:35       26    349754   80.00    9.00    0.00    0.00   89.00    26  pgbackrest
03:02:35       26    349755   74.00    8.00    0.00    0.00   82.00   107  pgbackrest
03:02:35       26    349756   78.00   10.00    0.00    0.00   88.00    10  pgbackrest
03:02:35       26    349757   63.00    8.00    0.00    1.00   71.00    12  pgbackrest
03:02:35       26    349758   57.00   16.00    0.00    0.00   73.00    19  pgbackrest
03:02:35       26    349759   60.00    9.00    0.00    1.00   69.00   113  pgbackrest
03:02:35       26    349760   68.00    9.00    0.00    0.00   77.00    54  pgbackrest
03:02:35       26    349761   70.00   15.00    0.00    1.00   85.00     0  pgbackrest
03:02:35       26    349762   59.00    7.00    0.00    0.00   66.00    91  pgbackrest
03:02:35       26    349763   67.00    7.00    0.00    0.00   74.00    89  pgbackrest
03:02:35       26    349764   65.00    4.00    0.00    1.00   69.00    79  pgbackrest
03:02:35       26    349765   59.00   11.00    0.00    0.00   70.00    45  pgbackrest
03:02:35       26    349766   65.00    7.00    0.00    0.00   72.00    93  pgbackrest
03:02:35       26    349767   88.00    8.00    0.00    0.00   96.00   112  pgbackrest
03:02:35       26    349768   88.00    6.00    0.00    1.00   94.00    72  pgbackrest
03:02:35       26    349769   66.00   10.00    0.00    1.00   76.00    92  pgbackrest
03:02:35       26    349770   68.00   13.00    0.00    0.00   81.00    48  pgbackrest
03:02:35       26    349771   59.00   11.00    0.00    0.00   70.00    75  pgbackrest
03:02:35       26    349772   65.00    7.00    0.00    0.00   72.00     8  pgbackrest
03:02:35       26    349773   59.00    9.00    0.00    1.00   68.00    27  pgbackrest
03:02:35       26    349774   64.00    9.00    0.00    0.00   73.00    34  pgbackrest
03:02:35       26    349775   69.00    6.00    0.00    0.00   75.00    97  pgbackrest
03:02:35       26    349776   53.00    6.00    0.00    0.00   59.00    12  pgbackrest
03:02:35       26    349777   75.00    8.00    0.00    0.00   83.00    67  pgbackrest
03:02:35       26    349778   66.00   11.00    0.00    0.00   77.00    52  pgbackrest
03:02:35       26    349779   67.00   14.00    0.00    1.00   81.00    11  pgbackrest
03:02:35       26    349780   56.00   14.00    0.00    0.00   70.00   108  pgbackrest
03:02:35       26    349781   79.00   10.00    0.00    0.00   89.00   107  pgbackrest
03:02:35       26    349782   84.00    9.00    0.00    0.00   93.00    31  pgbackrest
03:02:35       26    349783   75.00    7.00    0.00    0.00   82.00    27  pgbackrest
03:02:35       26    349784   68.00   10.00    0.00    0.00   78.00    44  pgbackrest
03:02:35       26    349785   77.00   16.00    0.00    0.00   93.00   106  pgbackrest
03:02:35       26    349786   78.00   12.00    0.00    0.00   90.00    53  pgbackrest
03:02:35       26    349787   75.00   10.00    0.00    1.00   85.00   119  pgbackrest
03:02:35       26    349788   81.00   13.00    0.00    0.00   94.00    66  pgbackrest
03:02:35       26    349790   76.00   14.00    0.00    0.00   90.00    28  pgbackrest
03:02:35       26    349791   82.00    7.00    0.00    1.00   89.00    15  pgbackrest
03:02:35       26    349792   69.00   15.00    0.00    1.00   84.00   110  pgbackrest
03:02:35       26    349793   65.00    7.00    0.00    0.00   72.00    83  pgbackrest
03:02:35       26    349794   76.00   16.00    0.00    1.00   92.00     7  pgbackrest
03:02:35       26    349795   77.00   12.00    0.00    0.00   89.00   109  pgbackrest
03:02:35       26    349796   73.00   13.00    0.00    0.00   86.00     8  pgbackrest
03:02:35       26    349797   70.00   14.00    0.00    1.00   84.00    80  pgbackrest
03:02:35       26    349798   80.00   13.00    0.00    1.00   93.00   123  pgbackrest
03:02:35       26    349799   53.00    9.00    0.00    0.00   62.00   127  pgbackrest
03:02:35       26    349800   59.00    2.00    0.00    0.00   61.00    88  pgbackrest
03:02:35       26    349801    3.00    1.00    0.00    9.00    4.00   104  pgbackrest
03:02:35       26    349802    1.00    2.00    0.00    2.00    3.00   113  pgbackrest
03:02:35       26    349803    2.00    3.00    0.00    4.00    5.00    97  pgbackrest

03:02:35      UID       PID    %usr %system  %guest   %wait    %CPU   CPU  Command
03:02:36        0       414    0.00    1.00    0.00    0.00    1.00    78  ksoftirqd/78
03:02:36        0     10676    1.00    0.00    0.00    0.00    1.00    47  containerd
03:02:36        0     10730    0.00    1.00    0.00    0.00    1.00   119  ssm-agent-worke
03:02:36        0     10742    1.00    1.00    0.00    0.00    2.00    84  kubelet
03:02:36        0     11043    2.00    0.00    0.00    0.00    2.00    71  kube-proxy
03:02:36     1000     18237    1.00    0.00    0.00    0.00    1.00    40  metrics-server
03:02:36    65532     45947    1.00    0.00    0.00    0.00    1.00    89  manager
03:02:36        0    349375    1.00    0.00    0.00    0.00    1.00    29  containerd-shim
03:02:36        0    349535    1.00    2.00    0.00    0.00    3.00    99  pidstat
03:02:36       26    349650    3.00    5.00    0.00    0.00    8.00     3  pgbackrest
03:02:36       26    349676   35.00    4.00    0.00    0.00   39.00   104  pgbackrest
03:02:36       26    349677   40.00    5.00    0.00    0.00   45.00    35  pgbackrest
03:02:36       26    349678   40.00   10.00    0.00    0.00   50.00    21  pgbackrest
03:02:36       26    349679   34.00    5.00    0.00    0.00   39.00    84  pgbackrest
03:02:36       26    349680   37.00    3.00    0.00    0.00   40.00    40  pgbackrest
03:02:36       26    349681   39.00    5.00    0.00    0.00   44.00   122  pgbackrest
03:02:36       26    349682   39.00    3.00    0.00    0.00   42.00    74  pgbackrest
03:02:36       26    349683   24.00    2.00    0.00    0.00   26.00    18  pgbackrest
03:02:36       26    349684   34.00    7.00    0.00    0.00   41.00    87  pgbackrest
03:02:36       26    349685   35.00    2.00    0.00    0.00   37.00   103  pgbackrest
03:02:36       26    349686   36.00    3.00    0.00    0.00   39.00    14  pgbackrest
03:02:36       26    349687   34.00    3.00    0.00    0.00   37.00    32  pgbackrest
03:02:36       26    349688   35.00    1.00    0.00    0.00   36.00    73  pgbackrest
03:02:36       26    349689   35.00    3.00    0.00    0.00   38.00   124  pgbackrest
03:02:36       26    349690   19.00    0.00    0.00    0.00   19.00    77  pgbackrest
03:02:36       26    349691   30.00    1.00    0.00    0.00   31.00    79  pgbackrest
03:02:36       26    349692   42.00    1.00    0.00    0.00   43.00     2  pgbackrest
03:02:36       26    349693    9.00    0.00    0.00    0.00    9.00    11  pgbackrest
03:02:36       26    349695    1.00    0.00    0.00    0.00    1.00    11  pgbackrest
03:02:36       26    349696    0.00    1.00    0.00    0.00    1.00     5  pgbackrest
03:02:36       26    349698   14.00    3.00    0.00    0.00   17.00     1  pgbackrest
03:02:36       26    349702    9.00    1.00    0.00    0.00   10.00    88  pgbackrest
03:02:36       26    349705    1.00    0.00    0.00    0.00    1.00    42  pgbackrest
03:02:36       26    349709    1.00    0.00    0.00    0.00    1.00    15  pgbackrest
03:02:36       26    349710    1.00    0.00    0.00    0.00    1.00    16  pgbackrest
03:02:36       26    349713    1.00    1.00    0.00    0.00    2.00    18  pgbackrest
03:02:36       26    349715    1.00    0.00    0.00    0.00    1.00    20  pgbackrest
03:02:36       26    349717    3.00    2.00    0.00    0.00    5.00   118  pgbackrest
03:02:36       26    349720    1.00    0.00    0.00    0.00    1.00    27  pgbackrest
03:02:36       26    349721    1.00    0.00    0.00    0.00    1.00    46  pgbackrest
03:02:36       26    349722    5.00    0.00    0.00    0.00    5.00    30  pgbackrest
03:02:36       26    349723    1.00    0.00    0.00    0.00    1.00    31  pgbackrest
03:02:36       26    349725   11.00    2.00    0.00    0.00   13.00    57  pgbackrest
03:02:36       26    349726    0.00    1.00    0.00    0.00    1.00    59  pgbackrest
03:02:36       26    349730    1.00    1.00    0.00    0.00    2.00    12  pgbackrest
03:02:36       26    349731    1.00    0.00    0.00    0.00    1.00    34  pgbackrest
03:02:36       26    349732   17.00    1.00    0.00    0.00   18.00    51  pgbackrest
03:02:36       26    349733   15.00    1.00    0.00    0.00   16.00    19  pgbackrest
03:02:36       26    349734    1.00    0.00    0.00    0.00    1.00    22  pgbackrest
03:02:36       26    349735   27.00    1.00    0.00    0.00   28.00    80  pgbackrest
03:02:36       26    349738    1.00    0.00    0.00    0.00    1.00     6  pgbackrest
03:02:36       26    349739    1.00    0.00    0.00    0.00    1.00   121  pgbackrest
03:02:36       26    349741    1.00    0.00    0.00    0.00    1.00     4  pgbackrest
03:02:36       26    349742    1.00    0.00    0.00    0.00    1.00   110  pgbackrest
03:02:36       26    349744    1.00    0.00    0.00    0.00    1.00    11  pgbackrest
03:02:36       26    349747    1.00    0.00    0.00    0.00    1.00   119  pgbackrest
03:02:36       26    349748    1.00    0.00    0.00    0.00    1.00     4  pgbackrest
03:02:36       26    349749    1.00    0.00    0.00    0.00    1.00    20  pgbackrest
03:02:36       26    349751    1.00    0.00    0.00    0.00    1.00    88  pgbackrest
03:02:36       26    349757    1.00    1.00    0.00    0.00    2.00    62  pgbackrest
03:02:36       26    349758    1.00    0.00    0.00    0.00    1.00    64  pgbackrest
03:02:36       26    349761    1.00    0.00    0.00    0.00    1.00    36  pgbackrest
03:02:36       26    349767    2.00    0.00    0.00    0.00    2.00   108  pgbackrest
03:02:36       26    349768   10.00    1.00    0.00    0.00   11.00     9  pgbackrest
03:02:36       26    349769    1.00    0.00    0.00    0.00    1.00    22  pgbackrest
03:02:36       26    349771    1.00    1.00    0.00    0.00    2.00    26  pgbackrest
03:02:36       26    349772    1.00    0.00    0.00    0.00    1.00    88  pgbackrest
03:02:36       26    349774    1.00    1.00    0.00    0.00    2.00    46  pgbackrest
03:02:36       26    349776    1.00    0.00    0.00    0.00    1.00    11  pgbackrest
03:02:36       26    349777    1.00    0.00    0.00    0.00    1.00     7  pgbackrest
03:02:36       26    349778    1.00    0.00    0.00    0.00    1.00   127  pgbackrest
03:02:36       26    349781    1.00    0.00    0.00    0.00    1.00    56  pgbackrest
03:02:36       26    349782    2.00    0.00    0.00    0.00    2.00    15  pgbackrest
03:02:36       26    349785    2.00    0.00    0.00    0.00    2.00     4  pgbackrest
03:02:36       26    349786    1.00    0.00    0.00    0.00    1.00    27  pgbackrest
03:02:36       26    349787    1.00    0.00    0.00    0.00    1.00   119  pgbackrest
03:02:36       26    349790    7.00    0.00    0.00    0.00    7.00    38  pgbackrest
03:02:36       26    349791    1.00    0.00    0.00    0.00    1.00    30  pgbackrest
03:02:36       26    349793    4.00    0.00    0.00    0.00    4.00    36  pgbackrest
03:02:36       26    349794    1.00    0.00    0.00    0.00    1.00    11  pgbackrest
03:02:36       26    349795    1.00    0.00    0.00    0.00    1.00    19  pgbackrest
03:02:36       26    349798   21.00    2.00    0.00    0.00   23.00    66  pgbackrest
03:02:36       26    349800   44.00    3.00    0.00    0.00   47.00    41  pgbackrest
03:02:36       26    349802    1.00    0.00    0.00    0.00    1.00    43  pgbackrest
03:02:36       26    349803    1.00    0.00    0.00    0.00    1.00    22  pgbackrest

03:02:36      UID       PID    %usr %system  %guest   %wait    %CPU   CPU  Command
03:02:37        0     10676    2.00    0.00    0.00    0.00    2.00    47  containerd
03:02:37        0     10742    0.00    1.00    0.00    0.00    1.00    84  kubelet
03:02:37        0     10857    1.00    0.00    0.00    0.00    1.00    19  containerd-shim
03:02:37        0     18368    1.00    0.00    0.00    0.00    1.00     9  containerd-shim
03:02:37        0    349535    1.00    3.00    0.00    0.00    4.00    99  pidstat
03:02:37        0    349554    1.00    0.00    0.00    0.00    1.00   124  iostat
03:02:37       26    349676   33.00    3.00    0.00    0.00   36.00   104  pgbackrest
03:02:37       26    349677   35.00    3.00    0.00    0.00   38.00    35  pgbackrest
03:02:37       26    349678   30.00   12.00    0.00    0.00   42.00    85  pgbackrest
03:02:37       26    349679   30.00    2.00    0.00    0.00   32.00    84  pgbackrest
03:02:37       26    349680   29.00    5.00    0.00    0.00   34.00    40  pgbackrest
03:02:37       26    349681   36.00    3.00    0.00    0.00   39.00    10  pgbackrest
03:02:37       26    349682   40.00    6.00    0.00    0.00   46.00    74  pgbackrest
03:02:37       26    349683   44.00    3.00    0.00    0.00   47.00    18  pgbackrest
03:02:37       26    349684   36.00    7.00    0.00    0.00   43.00     0  pgbackrest
03:02:37       26    349685   32.00    6.00    0.00    0.00   38.00   103  pgbackrest
03:02:37       26    349686   39.00    3.00    0.00    0.00   42.00    14  pgbackrest
03:02:37       26    349687   39.00    4.00    0.00    0.00   43.00    32  pgbackrest
03:02:37       26    349688   35.00    3.00    0.00    0.00   38.00    73  pgbackrest
03:02:37       26    349689   24.00    7.00    0.00    0.00   31.00   124  pgbackrest
03:02:37       26    349690   33.00    0.00    0.00    0.00   33.00    77  pgbackrest
03:02:37       26    349691   41.00    4.00    0.00    0.00   45.00    79  pgbackrest
03:02:37       26    349692   38.00    1.00    0.00    0.00   39.00     2  pgbackrest
03:02:37       26    349703    1.00    1.00    0.00    0.00    2.00    68  pgbackrest
03:02:37       26    349800   32.00    0.00    0.00    0.00   32.00    41  pgbackrest

03:02:37      UID       PID    %usr %system  %guest   %wait    %CPU   CPU  Command
03:02:38        0     10676    1.00    1.00    0.00    0.00    2.00    47  containerd
03:02:38        0     10742    9.00    2.00    0.00    0.00   11.00    84  kubelet
03:02:38     1000     18234    0.00    1.00    0.00    0.00    1.00    93  metrics-server
03:02:38     1000     18237    0.00    1.00    0.00    0.00    1.00    40  metrics-server
03:02:38        0     39726    1.00    0.00    0.00    0.00    1.00   121  containerd-shim
03:02:38        0     43234    0.00    1.00    0.00    0.00    1.00   109  containerd-shim
03:02:38        0     47067    1.00    0.00    0.00    0.00    1.00    43  containerd-shim
03:02:38       26    338220    1.00    0.00    0.00    0.00    1.00    49  manager
03:02:38        0    349535    2.00    2.00    0.00    0.00    4.00    99  pidstat
03:02:38       26    349676   40.00    2.00    0.00    0.00   42.00   104  pgbackrest
03:02:38       26    349677   35.00    6.00    0.00    0.00   41.00    35  pgbackrest
03:02:38       26    349678   38.00   10.00    0.00    0.00   48.00    21  pgbackrest
03:02:38       26    349679   28.00    4.00    0.00    0.00   32.00    84  pgbackrest
03:02:38       26    349680   36.00    2.00    0.00    0.00   38.00    40  pgbackrest
03:02:38       26    349681   40.00    5.00    0.00    0.00   45.00    10  pgbackrest
03:02:38       26    349682   35.00    8.00    0.00    0.00   43.00     4  pgbackrest
03:02:38       26    349683   31.00    1.00    0.00    0.00   32.00    18  pgbackrest
03:02:38       26    349684   36.00    3.00    0.00    0.00   39.00     0  pgbackrest
03:02:38       26    349685   33.00    4.00    0.00    0.00   37.00   103  pgbackrest
03:02:38       26    349686   25.00    2.00    0.00    0.00   27.00    14  pgbackrest
03:02:38       26    349687   35.00    1.00    0.00    0.00   36.00    34  pgbackrest
03:02:38       26    349688   40.00    0.00    0.00    0.00   40.00    73  pgbackrest
03:02:38       26    349689   34.00    2.00    0.00    0.00   36.00   124  pgbackrest
03:02:38       26    349690   31.00    2.00    0.00    0.00   33.00    77  pgbackrest
03:02:38       26    349691   44.00    0.00    0.00    0.00   44.00    33  pgbackrest
03:02:38       26    349692   37.00    2.00    0.00    0.00   39.00     0  pgbackrest
03:02:38       26    349789   73.00    8.00    0.00    0.00   81.00    42  pgbackrest
03:02:38       26    349800   33.00    3.00    0.00    0.00   36.00     1  pgbackrest

03:02:38      UID       PID    %usr %system  %guest   %wait    %CPU   CPU  Command
03:02:39        0     10742    1.00    6.00    0.00    0.00    7.00    84  kubelet
03:02:39     1000     18234    2.00    0.00    0.00    0.00    2.00    93  metrics-server
03:02:39        0    349535    2.00    1.00    0.00    0.00    3.00    99  pidstat
03:02:39        0    349541    1.00    0.00    0.00    0.00    1.00    67  sadc
03:02:39       26    349676   52.00    2.00    0.00    0.00   54.00   104  pgbackrest
03:02:39       26    349677   37.00    4.00    0.00    0.00   41.00    35  pgbackrest
03:02:39       26    349678   41.00    9.00    0.00    0.00   50.00    21  pgbackrest
03:02:39       26    349679   29.00    1.00    0.00    0.00   30.00    84  pgbackrest
03:02:39       26    349680   39.00    2.00    0.00    0.00   41.00    40  pgbackrest
03:02:39       26    349681   38.00    3.00    0.00    0.00   41.00    10  pgbackrest
03:02:39       26    349682   34.00    4.00    0.00    0.00   38.00     4  pgbackrest
03:02:39       26    349683   31.00    0.00    0.00    0.00   31.00    18  pgbackrest
03:02:39       26    349684   40.00    5.00    0.00    0.00   45.00    78  pgbackrest
03:02:39       26    349685   35.00    3.00    0.00    0.00   38.00    57  pgbackrest
03:02:39       26    349686   22.00    4.00    0.00    0.00   26.00     3  pgbackrest
03:02:39       26    349687   37.00    0.00    0.00    0.00   37.00    34  pgbackrest
03:02:39       26    349688   43.00    4.00    0.00    0.00   47.00     9  pgbackrest
03:02:39       26    349689   24.00    7.00    0.00    0.00   31.00   124  pgbackrest
03:02:39       26    349690   35.00    1.00    0.00    0.00   36.00    77  pgbackrest
03:02:39       26    349691   36.00    2.00    0.00    0.00   38.00    33  pgbackrest
03:02:39       26    349692   35.00    4.00    0.00    0.00   39.00     0  pgbackrest
03:02:39       26    349789   54.00   14.00    0.00    0.00   68.00    42  pgbackrest
03:02:39       26    349800   36.00    3.00    0.00    0.00   39.00     1  pgbackrest

03:02:39      UID       PID    %usr %system  %guest   %wait    %CPU   CPU  Command
03:02:40        0      2126    0.00    1.00    0.00    1.00    1.00   124  kworker/124:1-events
03:02:40        0      2226    0.00    1.00    0.00    0.00    1.00   106  kworker/106:1-events
03:02:40        0     10676    1.00    0.00    0.00    0.00    1.00    47  containerd
03:02:40        0     10730    1.00    0.00    0.00    0.00    1.00   119  ssm-agent-worke
03:02:40        0     10742    2.00    1.00    0.00    0.00    3.00    84  kubelet
03:02:40        0    349535    2.00    2.00    0.00    0.00    4.00    99  pidstat
03:02:40       26    349676   36.00    5.00    0.00    0.00   41.00   104  pgbackrest
03:02:40       26    349677   32.00    4.00    0.00    0.00   36.00    35  pgbackrest
03:02:40       26    349678   33.00   18.00    0.00    0.00   51.00    21  pgbackrest
03:02:40       26    349679   21.00    1.00    0.00    0.00   22.00    84  pgbackrest
03:02:40       26    349680   41.00    1.00    0.00    0.00   42.00    40  pgbackrest
03:02:40       26    349681   40.00    1.00    0.00    0.00   41.00    10  pgbackrest
03:02:40       26    349682   38.00    4.00    0.00    0.00   42.00     4  pgbackrest
03:02:40       26    349683   35.00    3.00    0.00    0.00   38.00    18  pgbackrest
03:02:40       26    349684   40.00    8.00    0.00    0.00   48.00    78  pgbackrest
03:02:40       26    349685   37.00    1.00    0.00    0.00   38.00    57  pgbackrest
03:02:40       26    349686   23.00    3.00    0.00    0.00   26.00     3  pgbackrest
03:02:40       26    349687   33.00    3.00    0.00    0.00   36.00    34  pgbackrest
03:02:40       26    349688   42.00    3.00    0.00    0.00   45.00     9  pgbackrest
03:02:40       26    349689   24.00    4.00    0.00    0.00   28.00    60  pgbackrest
03:02:40       26    349690   30.00    2.00    0.00    0.00   32.00    13  pgbackrest
03:02:40       26    349691   35.00    2.00    0.00    0.00   37.00    79  pgbackrest
03:02:40       26    349692   32.00    1.00    0.00    0.00   33.00     0  pgbackrest
03:02:40       26    349789   25.00    3.00    0.00    0.00   28.00    42  pgbackrest
03:02:40       26    349800   30.00    2.00    0.00    0.00   32.00     1  pgbackrest

03:02:40      UID       PID    %usr %system  %guest   %wait    %CPU   CPU  Command
03:02:41        0       647    0.00    1.00    0.00    0.00    1.00   124  ksoftirqd/124
03:02:41        0     10017    0.00    1.00    0.00    0.00    1.00    42  irqbalance
03:02:41        0    349535    1.00    4.00    0.00    0.00    5.00    99  pidstat
03:02:41       26    349676   39.00    1.00    0.00    0.00   40.00    36  pgbackrest
03:02:41       26    349677   44.00    1.00    0.00    0.00   45.00    35  pgbackrest
03:02:41       26    349678   41.00    8.00    0.00    0.00   49.00    21  pgbackrest
03:02:41       26    349679   20.00    1.00    0.00    0.00   21.00    84  pgbackrest
03:02:41       26    349680   41.00    0.00    0.00    0.00   41.00    40  pgbackrest
03:02:41       26    349681   37.00    7.00    0.00    0.00   44.00     9  pgbackrest
03:02:41       26    349682   34.00    4.00    0.00    0.00   38.00     4  pgbackrest
03:02:41       26    349683   37.00    2.00    0.00    0.00   39.00    18  pgbackrest
03:02:41       26    349684   36.00    4.00    0.00    0.00   40.00    14  pgbackrest
03:02:41       26    349685   34.00    4.00    0.00    0.00   38.00    57  pgbackrest
03:02:41       26    349686   19.00    2.00    0.00    0.00   21.00     3  pgbackrest
03:02:41       26    349687   41.00    1.00    0.00    0.00   42.00    34  pgbackrest
03:02:41       26    349688   35.00    2.00    0.00    0.00   37.00    10  pgbackrest
03:02:41       26    349689   24.00    2.00    0.00    0.00   26.00    60  pgbackrest
03:02:41       26    349690   34.00    3.00    0.00    0.00   37.00    13  pgbackrest
03:02:41       26    349691   45.00    2.00    0.00    0.00   47.00    32  pgbackrest
03:02:41       26    349692   39.00    0.00    0.00    0.00   39.00     0  pgbackrest
03:02:41       26    349800   33.00    3.00    0.00    0.00   36.00     1  pgbackrest

03:02:41      UID       PID    %usr %system  %guest   %wait    %CPU   CPU  Command
03:02:42        0     10742    0.00    1.00    0.00    0.00    1.00    84  kubelet
03:02:42        0    349535    1.00    2.00    0.00    0.00    3.00    99  pidstat
03:02:42       26    349676   41.00    3.00    0.00    0.00   44.00    36  pgbackrest
03:02:42       26    349677   38.00    5.00    0.00    0.00   43.00    35  pgbackrest
03:02:42       26    349678   39.00    3.00    0.00    0.00   42.00    21  pgbackrest
03:02:42       26    349679   21.00    0.00    0.00    0.00   21.00    84  pgbackrest
03:02:42       26    349680   42.00    0.00    0.00    0.00   42.00    40  pgbackrest
03:02:42       26    349681   34.00    7.00    0.00    0.00   41.00    73  pgbackrest
03:02:42       26    349682   39.00    3.00    0.00    0.00   42.00     4  pgbackrest
03:02:42       26    349683   44.00    3.00    0.00    0.00   47.00    18  pgbackrest
03:02:42       26    349684   41.00    4.00    0.00    0.00   45.00    14  pgbackrest
03:02:42       26    349685   33.00    5.00    0.00    0.00   38.00    57  pgbackrest
03:02:42       26    349686   25.00    2.00    0.00    0.00   27.00     3  pgbackrest
03:02:42       26    349687   34.00    5.00    0.00    0.00   39.00    34  pgbackrest
03:02:42       26    349688   36.00    3.00    0.00    0.00   39.00    10  pgbackrest
03:02:42       26    349689   14.00    3.00    0.00    0.00   17.00    60  pgbackrest
03:02:42       26    349690   29.00    2.00    0.00    0.00   31.00    13  pgbackrest
03:02:42       26    349691   34.00    5.00    0.00    0.00   39.00    32  pgbackrest
03:02:42       26    349692   31.00    5.00    0.00    0.00   36.00     0  pgbackrest
03:02:42       26    349754    1.00    0.00    0.00    0.00    1.00    15  pgbackrest
03:02:42       26    349800   35.00    2.00    0.00    0.00   37.00     1  pgbackrest

03:02:42      UID       PID    %usr %system  %guest   %wait    %CPU   CPU  Command
03:02:43        0     10676    1.00    0.00    0.00    0.00    1.00    47  containerd
03:02:43        0     10742    1.00    0.00    0.00    0.00    1.00    84  kubelet
03:02:43    65532     13841    0.00    1.00    0.00    0.00    1.00    45  coredns
03:02:43     1000     18234    1.00    0.00    0.00    0.00    1.00    93  metrics-server
03:02:43        0    344090    0.00    1.00    0.00    0.00    1.00    96  kworker/96:0-events
03:02:43        0    349535    1.00    2.00    0.00    0.00    3.00    99  pidstat
03:02:43       26    349676   29.00    4.00    0.00    0.00   33.00    36  pgbackrest
03:02:43       26    349677   26.00    3.00    0.00    0.00   29.00    35  pgbackrest
03:02:43       26    349678   12.00    3.00    0.00    1.00   15.00    22  pgbackrest
03:02:43       26    349679   14.00    2.00    0.00    0.00   16.00    84  pgbackrest
03:02:43       26    349680   34.00    3.00    0.00    0.00   37.00    40  pgbackrest
03:02:43       26    349681    6.00    1.00    0.00    0.00    7.00    73  pgbackrest
03:02:43       26    349682   18.00    1.00    0.00    0.00   19.00     4  pgbackrest
03:02:43       26    349683   19.00    3.00    0.00    0.00   22.00    18  pgbackrest
03:02:43       26    349684    7.00    1.00    0.00    0.00    8.00    14  pgbackrest
03:02:43       26    349685   33.00    3.00    0.00    0.00   36.00    57  pgbackrest
03:02:43       26    349686   15.00    2.00    0.00    0.00   17.00     3  pgbackrest
03:02:43       26    349687   34.00    3.00    0.00    0.00   37.00    34  pgbackrest
03:02:43       26    349688   16.00    1.00    0.00    0.00   17.00    10  pgbackrest
03:02:43       26    349689   26.00    1.00    0.00    0.00   27.00    60  pgbackrest
03:02:43       26    349690   30.00    1.00    0.00    0.00   31.00    13  pgbackrest
03:02:43       26    349691   16.00    2.00    0.00    0.00   18.00    32  pgbackrest
03:02:43       26    349692   30.00    3.00    0.00    0.00   33.00     0  pgbackrest
03:02:43       26    349800   19.00    0.00    0.00    0.00   19.00     1  pgbackrest

03:02:43      UID       PID    %usr %system  %guest   %wait    %CPU   CPU  Command
03:02:44        0     10676    0.00    1.00    0.00    0.00    1.00    47  containerd
03:02:44        0     10742    7.00    3.00    0.00    0.00   10.00    84  kubelet
03:02:44    10001     39866    1.00    0.00    0.00    0.00    1.00    66  manager
03:02:44        0    349535    2.00    0.00    0.00    0.00    2.00    99  pidstat
03:02:44       26    349650    0.00    1.00    0.00    0.00    1.00     5  pgbackrest
03:02:44       26    349676    6.00    0.00    0.00    0.00    6.00    36  pgbackrest
03:02:44       26    349679   20.00    2.00    0.00    0.00   22.00    84  pgbackrest
03:02:44       26    349680   12.00    1.00    0.00    0.00   13.00    40  pgbackrest
03:02:44       26    349685   12.00    1.00    0.00    0.00   13.00    57  pgbackrest
03:02:44       26    349686   19.00    1.00    0.00    0.00   20.00     3  pgbackrest
03:02:44       26    349687    1.00    0.00    0.00    0.00    1.00    34  pgbackrest
03:02:44       26    349689   13.00    3.00    0.00    0.00   16.00    60  pgbackrest
03:02:44       26    349690   29.00    6.00    0.00    0.00   35.00    13  pgbackrest
03:02:44       26    349692    1.00    0.00    0.00    0.00    1.00     0  pgbackrest

03:02:44      UID       PID    %usr %system  %guest   %wait    %CPU   CPU  Command
03:02:45        0     10676    0.00    1.00    0.00    0.00    1.00    47  containerd
03:02:45        0     10742    0.00    2.00    0.00    0.00    2.00    84  kubelet
03:02:45        0    349535    1.00    2.00    0.00    0.00    3.00    99  pidstat
03:02:45       26    349679   23.00    2.00    0.00    0.00   25.00    84  pgbackrest
03:02:45       26    349686   21.00    0.00    0.00    0.00   21.00     3  pgbackrest
03:02:45       26    349689   23.00    2.00    0.00    0.00   25.00   124  pgbackrest
03:02:45       26    349690   18.00    2.00    0.00    0.00   20.00    13  pgbackrest

03:02:45      UID       PID    %usr %system  %guest   %wait    %CPU   CPU  Command
03:02:46        0      2175    1.00    0.00    0.00    0.00    1.00   108  kworker/108:1-events_power_efficient
03:02:46        0     10676    1.00    0.00    0.00    0.00    1.00    47  containerd
03:02:46        0     10742    1.00    0.00    0.00    0.00    1.00    84  kubelet
03:02:46    65532     43335    0.00    1.00    0.00    0.00    1.00    44  cainjector
03:02:46    10001     47172    1.00    0.00    0.00    0.00    1.00    42  cnpg-i-pgbackre
03:02:46        0    349535    0.00    3.00    0.00    0.00    3.00    99  pidstat
03:02:46       26    349679   20.00    3.00    0.00    0.00   23.00    84  pgbackrest
03:02:46       26    349686   20.00    0.00    0.00    0.00   20.00     3  pgbackrest
03:02:46       26    349689   16.00    0.00    0.00    0.00   16.00   124  pgbackrest

03:02:46      UID       PID    %usr %system  %guest   %wait    %CPU   CPU  Command
03:02:47        0         1    1.00    0.00    0.00    0.00    1.00    14  systemd
03:02:47        0      2189    1.00    0.00    0.00    0.00    1.00    66  kworker/66:1-mm_percpu_wq
03:02:47        0     10676    9.00    4.00    0.00    0.00   13.00    47  containerd
03:02:47        0     10742    1.00    0.00    0.00    0.00    1.00    84  kubelet
03:02:47        0     11164    0.00    1.00    0.00    0.00    1.00    11  kworker/11:2-mm_percpu_wq
03:02:47    10001     44757    1.00    0.00    0.00    0.00    1.00    41  manager
03:02:47        0    349523    1.00    0.00    0.00    0.00    1.00    69  sar
03:02:47        0    349535    0.00    2.00    0.00    0.00    2.00    99  pidstat
03:02:47       26    349678    1.00    0.00    0.00    0.00    1.00    22  pgbackrest
03:02:47       26    349679   12.00    3.00    0.00    0.00   15.00    84  pgbackrest
03:02:47       26    349686   13.00    0.00    0.00    0.00   13.00     3  pgbackrest
03:02:47       26    349689   18.00    5.00    0.00    0.00   23.00   124  pgbackrest

03:02:47      UID       PID    %usr %system  %guest   %wait    %CPU   CPU  Command
03:02:48        0     10742    0.00    2.00    0.00    0.00    2.00    84  kubelet
03:02:48     1000     18237    1.00    0.00    0.00    0.00    1.00    40  metrics-server
03:02:48        0    349535    1.00    1.00    0.00    0.00    2.00    99  pidstat
03:02:48        0    349554    1.00    0.00    0.00    0.00    1.00   125  iostat
03:02:48       26    349689   10.00    2.00    0.00    0.00   12.00   124  pgbackrest

03:02:48      UID       PID    %usr %system  %guest   %wait    %CPU   CPU  Command
03:02:49        0     10742    0.00    1.00    0.00    0.00    1.00    84  kubelet
03:02:49    65532     13838    1.00    0.00    0.00    0.00    1.00    90  coredns
03:02:49    65532     43438    1.00    0.00    0.00    0.00    1.00    43  controller
03:02:49        0    331036    0.00    1.00    0.00    0.00    1.00    69  kworker/u513:20-kvfree_rcu_reclaim
03:02:49       26    338220    1.00    0.00    0.00    0.00    1.00    49  manager
03:02:49        0    349535    0.00    3.00    0.00    0.00    3.00    99  pidstat
03:02:49       26    349650    2.00    1.00    0.00    0.00    3.00     5  pgbackrest

03:02:49      UID       PID    %usr %system  %guest   %wait    %CPU   CPU  Command
03:02:50        0      5831    1.00    0.00    0.00    0.00    1.00    65  kworker/65:2-mm_percpu_wq
03:02:50        0     10676    1.00    1.00    0.00    0.00    2.00    47  containerd
03:02:50        0     10742    1.00    1.00    0.00    0.00    2.00    84  kubelet
03:02:50        0     10857    1.00    0.00    0.00    0.00    1.00    19  containerd-shim
03:02:50    65532     13841    0.00    1.00    0.00    0.00    1.00    45  coredns
03:02:50     1000     18234    1.00    0.00    0.00    0.00    1.00    93  metrics-server
03:02:50       26    338082    1.00    0.00    0.00    0.00    1.00    73  manager
03:02:50        0    349535    1.00    1.00    0.00    0.00    2.00    99  pidstat
03:02:50       26    349928    4.00    0.00    0.00    0.00    4.00    96  manager
03:02:50       26    349956    5.00    0.00    0.00    0.00    5.00    45  pgbackrest
03:02:50       26    349958    3.00    0.00    0.00    0.00    3.00   116  pgbackrest

03:02:50      UID       PID    %usr %system  %guest   %wait    %CPU   CPU  Command
03:02:51        0        18    1.00    0.00    0.00    0.00    1.00    36  rcu_preempt
03:02:51        0     10017    0.00    1.00    0.00    0.00    1.00    42  irqbalance
03:02:51    10001     39866    0.00    1.00    0.00    0.00    1.00    66  manager
03:02:51       26    338220    4.00    1.00    0.00    0.00    5.00    49  manager
03:02:51       26    338266    0.00    1.00    0.00    0.00    1.00    42  postgres
03:02:51        0    349375    1.00    0.00    0.00    0.00    1.00    29  containerd-shim
03:02:51        0    349535    1.00    2.00    0.00    0.00    3.00    99  pidstat

03:02:51      UID       PID    %usr %system  %guest   %wait    %CPU   CPU  Command
03:02:52        0     10742    1.00    0.00    0.00    0.00    1.00    84  kubelet
03:02:52    65532     45947    1.00    0.00    0.00    0.00    1.00    89  manager
03:02:52       26    338082    1.00    0.00    0.00    0.00    1.00    73  manager
03:02:52        0    349535    2.00    0.00    0.00    0.00    2.00    99  pidstat

03:02:52      UID       PID    %usr %system  %guest   %wait    %CPU   CPU  Command
03:02:53        0     10676    1.00    0.00    0.00    0.00    1.00    47  containerd
03:02:53        0     10742    0.00    2.00    0.00    0.00    2.00    84  kubelet
03:02:53        0     17008    1.00    0.00    0.00    0.00    1.00   127  containerd-shim
03:02:53     1000     18237    0.00    1.00    0.00    0.00    1.00    40  metrics-server
03:02:53        0     44690    1.00    0.00    0.00    0.00    1.00   104  containerd-shim
03:02:53        0    349535    1.00    2.00    0.00    0.00    3.00    99  pidstat

03:02:53      UID       PID    %usr %system  %guest   %wait    %CPU   CPU  Command
03:02:54        0     10742    8.00    4.00    0.00    0.00   12.00    84  kubelet
03:02:54        0    324749    0.00    1.00    0.00    0.00    1.00    24  kworker/24:2-mm_percpu_wq
03:02:54        0    337978    0.00    1.00    0.00    0.00    1.00    84  containerd-shim
03:02:54        0    349535    1.00    1.00    0.00    0.00    2.00    99  pidstat

03:02:54      UID       PID    %usr %system  %guest   %wait    %CPU   CPU  Command
03:02:55        0     10676    0.00    2.00    0.00    0.00    2.00    47  containerd
03:02:55        0     10742    1.00    0.00    0.00    0.00    1.00    84  kubelet
03:02:55        0    349535    2.00    0.00    0.00    0.00    2.00    99  pidstat
