Linux 6.12.88-119.157.amzn2023.x86_64 (ip-192-168-45-226.us-west-2.compute.internal) 	06/04/26 	_x86_64_	(128 CPU)

03:02:29        IFACE   rxpck/s   txpck/s    rxkB/s    txkB/s   rxcmp/s   txcmp/s  rxmcst/s   %ifutil
03:02:30           lo    234.00    234.00     15.45     15.45      0.00      0.00      0.00      0.00
03:02:30         ens5    215.00    203.00    107.11     39.56      0.00      0.00      0.00      0.00
03:02:30    enifb1ac5e0a09      0.00      0.00      0.00      0.00      0.00      0.00      0.00      0.00
03:02:30    eni20ed0c6920d      0.00      0.00      0.00      0.00      0.00      0.00      0.00      0.00
03:02:30         ens6      0.00      0.00      0.00      0.00      0.00      0.00      0.00      0.00
03:02:30    enic479fef38dc      0.00      0.00      0.00      0.00      0.00      0.00      0.00      0.00
03:02:30    eni5ea3bc05c73      0.00      0.00      0.00      0.00      0.00      0.00      0.00      0.00
03:02:30    enia71a515eb09      0.00      0.00      0.00      0.00      0.00      0.00      0.00      0.00
03:02:30    enia205ab21f2e      0.00      0.00      0.00      0.00      0.00      0.00      0.00      0.00
03:02:30    enife22b4c3b6a    114.00     95.00     48.19     48.13      0.00      0.00      0.00      0.00
03:02:30    eni4590226e482      1.00      1.00      0.06      0.21      0.00      0.00      0.00      0.00
03:02:30    enib08305bf35e      0.00      0.00      0.00      0.00      0.00      0.00      0.00      0.00
03:02:30    enifd833d83eb2      0.00      0.00      0.00      0.00      0.00      0.00      0.00      0.00
03:02:30    enidb0c25597b6      0.00      0.00      0.00      0.00      0.00      0.00      0.00      0.00
03:02:30    eni47a93c32888     25.00     27.00      2.99     30.44      0.00      0.00      0.00      0.00
03:02:30    eni70f4d61bd42      3.00      3.00      0.72      0.76      0.00      0.00      0.00      0.00
03:02:30    eni57210d8fe98     51.00     49.00     13.62     54.59      0.00      0.00      0.00      0.00

03:02:30        IFACE   rxpck/s   txpck/s    rxkB/s    txkB/s   rxcmp/s   txcmp/s  rxmcst/s   %ifutil
03:02:31           lo    144.00    144.00     11.39     11.39      0.00      0.00      0.00      0.00
03:02:31         ens5    202.00    220.00     86.60    110.32      0.00      0.00      0.00      0.00
03:02:31    enifb1ac5e0a09     28.00     28.00      5.99      3.68      0.00      0.00      0.00      0.00
03:02:31    eni20ed0c6920d     30.00     30.00      7.55      3.77      0.00      0.00      0.00      0.00
03:02:31         ens6      0.00      0.00      0.00      0.00      0.00      0.00      0.00      0.00
03:02:31    enic479fef38dc      0.00      0.00      0.00      0.00      0.00      0.00      0.00      0.00
03:02:31    eni5ea3bc05c73      0.00      0.00      0.00      0.00      0.00      0.00      0.00      0.00
03:02:31    enia71a515eb09      0.00      0.00      0.00      0.00      0.00      0.00      0.00      0.00
03:02:31    enia205ab21f2e      1.00      1.00      0.06      0.18      0.00      0.00      0.00      0.00
03:02:31    enife22b4c3b6a     29.00     26.00     53.77     14.82      0.00      0.00      0.00      0.00
03:02:31    eni4590226e482      0.00      0.00      0.00      0.00      0.00      0.00      0.00      0.00
03:02:31    enib08305bf35e      0.00      0.00      0.00      0.00      0.00      0.00      0.00      0.00
03:02:31    enifd833d83eb2      0.00      0.00      0.00      0.00      0.00      0.00      0.00      0.00
03:02:31    enidb0c25597b6      3.00      3.00      0.69      0.74      0.00      0.00      0.00      0.00
03:02:31    eni47a93c32888     11.00     10.00      2.29     42.99      0.00      0.00      0.00      0.00
03:02:31    eni70f4d61bd42      0.00      0.00      0.00      0.00      0.00      0.00      0.00      0.00
03:02:31    eni57210d8fe98    174.00    188.00     99.45     88.97      0.00      0.00      0.00      0.01

03:02:31        IFACE   rxpck/s   txpck/s    rxkB/s    txkB/s   rxcmp/s   txcmp/s  rxmcst/s   %ifutil
03:02:32           lo    167.00    167.00     12.24     12.24      0.00      0.00      0.00      0.00
03:02:32         ens5   2152.00   5245.00    210.79   7157.37      0.00      0.00      0.00      0.00
03:02:32    enifb1ac5e0a09    112.00    112.00     28.62     12.60      0.00      0.00      0.00      0.00
03:02:32    eni20ed0c6920d     98.00     98.00     24.54     11.19      0.00      0.00      0.00      0.00
03:02:32         ens6      0.00      0.00      0.00      0.00      0.00      0.00      0.00      0.00
03:02:32    enic479fef38dc      0.00      0.00      0.00      0.00      0.00      0.00      0.00      0.00
03:02:32    eni5ea3bc05c73      0.00      0.00      0.00      0.00      0.00      0.00      0.00      0.00
03:02:32    enia71a515eb09      0.00      0.00      0.00      0.00      0.00      0.00      0.00      0.00
03:02:32    enia205ab21f2e      0.00      0.00      0.00      0.00      0.00      0.00      0.00      0.00
03:02:32    enife22b4c3b6a      5.00      4.00      0.83      0.87      0.00      0.00      0.00      0.00
03:02:32    eni4590226e482      0.00      0.00      0.00      0.00      0.00      0.00      0.00      0.00
03:02:32    enib08305bf35e      0.00      0.00      0.00      0.00      0.00      0.00      0.00      0.00
03:02:32    enifd833d83eb2      0.00      0.00      0.00      0.00      0.00      0.00      0.00      0.00
03:02:32    enidb0c25597b6      0.00      0.00      0.00      0.00      0.00      0.00      0.00      0.00
03:02:32    eni47a93c32888      3.00      3.00      0.68      0.73      0.00      0.00      0.00      0.00
03:02:32    eni70f4d61bd42      3.00      3.00      0.72      0.76      0.00      0.00      0.00      0.00
03:02:32    eni57210d8fe98    808.00   2356.00   7240.71    281.35      0.00      0.00      0.00      0.59

03:02:32        IFACE   rxpck/s   txpck/s    rxkB/s    txkB/s   rxcmp/s   txcmp/s  rxmcst/s   %ifutil
03:02:33           lo    351.00    351.00     33.17     33.17      0.00      0.00      0.00      0.00
03:02:33         ens5 235282.00 1376636.00  11873.69 2965019.05      0.00      0.00      0.00      0.00
03:02:33    enifb1ac5e0a09    526.00    526.00    129.78     60.00      0.00      0.00      0.00      0.01
03:02:33    eni20ed0c6920d    554.00    554.00    143.60     62.34      0.00      0.00      0.00      0.01
03:02:33         ens6      0.00      0.00      0.00      0.00      0.00      0.00      0.00      0.00
03:02:33    enic479fef38dc      0.00      0.00      0.00      0.00      0.00      0.00      0.00      0.00
03:02:33    eni5ea3bc05c73      0.00      0.00      0.00      0.00      0.00      0.00      0.00      0.00
03:02:33    enia71a515eb09      0.00      0.00      0.00      0.00      0.00      0.00      0.00      0.00
03:02:33    enia205ab21f2e      0.00      0.00      0.00      0.00      0.00      0.00      0.00      0.00
03:02:33    enife22b4c3b6a      2.00      2.00      0.13      0.39      0.00      0.00      0.00      0.00
03:02:33    eni4590226e482      0.00      0.00      0.00      0.00      0.00      0.00      0.00      0.00
03:02:33    enib08305bf35e      0.00      0.00      0.00      0.00      0.00      0.00      0.00      0.00
03:02:33    enifd833d83eb2      0.00      0.00      0.00      0.00      0.00      0.00      0.00      0.00
03:02:33    enidb0c25597b6      3.00      3.00      0.69      0.74      0.00      0.00      0.00      0.00
03:02:33    eni47a93c32888      0.00      0.00      0.00      0.00      0.00      0.00      0.00      0.00
03:02:33    eni70f4d61bd42      0.00      0.00      0.00      0.00      0.00      0.00      0.00      0.00
03:02:33    eni57210d8fe98 110209.00 236299.00 2901173.37  14478.96      0.00      0.00      0.00    237.66

03:02:33        IFACE   rxpck/s   txpck/s    rxkB/s    txkB/s   rxcmp/s   txcmp/s  rxmcst/s   %ifutil
03:02:34           lo     75.00     75.00     19.70     19.70      0.00      0.00      0.00      0.00
03:02:34         ens5 175999.00 1384461.00   8497.03 3058274.60      0.00      0.00      0.00      0.00
03:02:34    enifb1ac5e0a09      0.00      0.00      0.00      0.00      0.00      0.00      0.00      0.00
03:02:34    eni20ed0c6920d      0.00      0.00      0.00      0.00      0.00      0.00      0.00      0.00
03:02:34         ens6      0.00      0.00      0.00      0.00      0.00      0.00      0.00      0.00
03:02:34    enic479fef38dc      0.00      0.00      0.00      0.00      0.00      0.00      0.00      0.00
03:02:34    eni5ea3bc05c73      0.00      0.00      0.00      0.00      0.00      0.00      0.00      0.00
03:02:34    enia71a515eb09      0.00      0.00      0.00      0.00      0.00      0.00      0.00      0.00
03:02:34    enia205ab21f2e      0.00      0.00      0.00      0.00      0.00      0.00      0.00      0.00
03:02:34    enife22b4c3b6a      5.00      4.00      0.83      0.81      0.00      0.00      0.00      0.00
03:02:34    eni4590226e482      0.00      0.00      0.00      0.00      0.00      0.00      0.00      0.00
03:02:34    enib08305bf35e      0.00      0.00      0.00      0.00      0.00      0.00      0.00      0.00
03:02:34    enifd833d83eb2      4.00      6.00      0.36      0.50      0.00      0.00      0.00      0.00
03:02:34    enidb0c25597b6      2.00      2.00      0.13      0.26      0.00      0.00      0.00      0.00
03:02:34    eni47a93c32888      3.00      3.00      0.68      0.73      0.00      0.00      0.00      0.00
03:02:34    eni70f4d61bd42      5.00      7.00      0.85      1.03      0.00      0.00      0.00      0.00
03:02:34    eni57210d8fe98 114573.00 175905.00 2987989.35  10232.55      0.00      0.00      0.00    244.78

03:02:34        IFACE   rxpck/s   txpck/s    rxkB/s    txkB/s   rxcmp/s   txcmp/s  rxmcst/s   %ifutil
03:02:35           lo     97.00     97.00     20.72     20.72      0.00      0.00      0.00      0.00
03:02:35         ens5 168745.00 1387731.00   8176.41 3015885.67      0.00      0.00      0.00      0.00
03:02:35    enifb1ac5e0a09      0.00      0.00      0.00      0.00      0.00      0.00      0.00      0.00
03:02:35    eni20ed0c6920d      0.00      0.00      0.00      0.00      0.00      0.00      0.00      0.00
03:02:35         ens6      0.00      0.00      0.00      0.00      0.00      0.00      0.00      0.00
03:02:35    enic479fef38dc      0.00      0.00      0.00      0.00      0.00      0.00      0.00      0.00
03:02:35    eni5ea3bc05c73      0.00      0.00      0.00      0.00      0.00      0.00      0.00      0.00
03:02:35    enia71a515eb09      0.00      0.00      0.00      0.00      0.00      0.00      0.00      0.00
03:02:35    enia205ab21f2e      0.00      0.00      0.00      0.00      0.00      0.00      0.00      0.00
03:02:35    enife22b4c3b6a     13.00     12.00      2.98      2.79      0.00      0.00      0.00      0.00
03:02:35    eni4590226e482      0.00      0.00      0.00      0.00      0.00      0.00      0.00      0.00
03:02:35    enib08305bf35e      0.00      0.00      0.00      0.00      0.00      0.00      0.00      0.00
03:02:35    enifd833d83eb2      0.00      0.00      0.00      0.00      0.00      0.00      0.00      0.00
03:02:35    enidb0c25597b6      5.00      4.00      0.82      0.83      0.00      0.00      0.00      0.00
03:02:35    eni47a93c32888      0.00      0.00      0.00      0.00      0.00      0.00      0.00      0.00
03:02:35    eni70f4d61bd42      0.00      0.00      0.00      0.00      0.00      0.00      0.00      0.00
03:02:35    eni57210d8fe98 113606.00 168787.00 2947768.89   9843.14      0.00      0.00      0.00    241.48

03:02:35        IFACE   rxpck/s   txpck/s    rxkB/s    txkB/s   rxcmp/s   txcmp/s  rxmcst/s   %ifutil
03:02:36           lo    733.00    733.00     53.93     53.93      0.00      0.00      0.00      0.00
03:02:36         ens5  50026.00 465680.00   2927.30 863447.54      0.00      0.00      0.00      0.00
03:02:36    enifb1ac5e0a09      0.00      0.00      0.00      0.00      0.00      0.00      0.00      0.00
03:02:36    eni20ed0c6920d      0.00      0.00      0.00      0.00      0.00      0.00      0.00      0.00
03:02:36         ens6      0.00      0.00      0.00      0.00      0.00      0.00      0.00      0.00
03:02:36    enic479fef38dc     10.00     13.00      4.42      2.60      0.00      0.00      0.00      0.00
03:02:36    eni5ea3bc05c73     10.00     12.00      4.42      2.54      0.00      0.00      0.00      0.00
03:02:36    enia71a515eb09      0.00      0.00      0.00      0.00      0.00      0.00      0.00      0.00
03:02:36    enia205ab21f2e      0.00      0.00      0.00      0.00      0.00      0.00      0.00      0.00
03:02:36    enife22b4c3b6a      5.00      4.00      0.86      0.81      0.00      0.00      0.00      0.00
03:02:36    eni4590226e482      0.00      0.00      0.00      0.00      0.00      0.00      0.00      0.00
03:02:36    enib08305bf35e      0.00      0.00      0.00      0.00      0.00      0.00      0.00      0.00
03:02:36    enifd833d83eb2      3.00      2.00      0.23      0.26      0.00      0.00      0.00      0.00
03:02:36    enidb0c25597b6      2.00      4.00      0.14      0.27      0.00      0.00      0.00      0.00
03:02:36    eni47a93c32888      4.00      4.00      0.75      0.83      0.00      0.00      0.00      0.00
03:02:36    eni70f4d61bd42      4.00      5.00      0.82      0.93      0.00      0.00      0.00      0.00
03:02:36    eni57210d8fe98  31837.00  49810.00 838256.63   3373.45      0.00      0.00      0.00     68.67

03:02:36        IFACE   rxpck/s   txpck/s    rxkB/s    txkB/s   rxcmp/s   txcmp/s  rxmcst/s   %ifutil
03:02:37           lo    630.00    630.00     43.29     43.29      0.00      0.00      0.00      0.00
03:02:37         ens5  36991.00 358937.00   1754.75 679803.69      0.00      0.00      0.00      0.00
03:02:37    enifb1ac5e0a09      0.00      0.00      0.00      0.00      0.00      0.00      0.00      0.00
03:02:37    eni20ed0c6920d      0.00      0.00      0.00      0.00      0.00      0.00      0.00      0.00
03:02:37         ens6      0.00      0.00      0.00      0.00      0.00      0.00      0.00      0.00
03:02:37    enic479fef38dc      0.00      0.00      0.00      0.00      0.00      0.00      0.00      0.00
03:02:37    eni5ea3bc05c73      0.00      0.00      0.00      0.00      0.00      0.00      0.00      0.00
03:02:37    enia71a515eb09      0.00      0.00      0.00      0.00      0.00      0.00      0.00      0.00
03:02:37    enia205ab21f2e      0.00      0.00      0.00      0.00      0.00      0.00      0.00      0.00
03:02:37    enife22b4c3b6a      0.00      0.00      0.00      0.00      0.00      0.00      0.00      0.00
03:02:37    eni4590226e482      0.00      0.00      0.00      0.00      0.00      0.00      0.00      0.00
03:02:37    enib08305bf35e      0.00      0.00      0.00      0.00      0.00      0.00      0.00      0.00
03:02:37    enifd833d83eb2      1.00      1.00      0.06      0.16      0.00      0.00      0.00      0.00
03:02:37    enidb0c25597b6      4.00      3.00      0.75      0.85      0.00      0.00      0.00      0.00
03:02:37    eni47a93c32888      0.00      0.00      0.00      0.00      0.00      0.00      0.00      0.00
03:02:37    eni70f4d61bd42      0.00      0.00      0.00      0.00      0.00      0.00      0.00      0.00
03:02:37    eni57210d8fe98  25303.00  36944.00 661544.39   2089.97      0.00      0.00      0.00     54.19

03:02:37        IFACE   rxpck/s   txpck/s    rxkB/s    txkB/s   rxcmp/s   txcmp/s  rxmcst/s   %ifutil
03:02:38           lo    291.00    291.00     20.86     20.86      0.00      0.00      0.00      0.00
03:02:38         ens5  36325.00 351804.00   1744.80 684011.45      0.00      0.00      0.00      0.00
03:02:38    enifb1ac5e0a09      5.00      5.00      0.46      0.44      0.00      0.00      0.00      0.00
03:02:38    eni20ed0c6920d      5.00      6.00      0.46      0.50      0.00      0.00      0.00      0.00
03:02:38         ens6      0.00      0.00      0.00      0.00      0.00      0.00      0.00      0.00
03:02:38    enic479fef38dc     12.00     15.00      5.61      5.26      0.00      0.00      0.00      0.00
03:02:38    eni5ea3bc05c73     12.00     16.00      4.61      5.32      0.00      0.00      0.00      0.00
03:02:38    enia71a515eb09      0.00      0.00      0.00      0.00      0.00      0.00      0.00      0.00
03:02:38    enia205ab21f2e      0.00      0.00      0.00      0.00      0.00      0.00      0.00      0.00
03:02:38    enife22b4c3b6a      5.00      5.00      0.83      1.03      0.00      0.00      0.00      0.00
03:02:38    eni4590226e482      0.00      0.00      0.00      0.00      0.00      0.00      0.00      0.00
03:02:38    enib08305bf35e      0.00      0.00      0.00      0.00      0.00      0.00      0.00      0.00
03:02:38    enifd833d83eb2      0.00      0.00      0.00      0.00      0.00      0.00      0.00      0.00
03:02:38    enidb0c25597b6      0.00      0.00      0.00      0.00      0.00      0.00      0.00      0.00
03:02:38    eni47a93c32888      4.00      3.00      0.75      0.73      0.00      0.00      0.00      0.00
03:02:38    eni70f4d61bd42      3.00      4.00      0.72      0.97      0.00      0.00      0.00      0.00
03:02:38    eni57210d8fe98  25306.00  36291.00 666758.94   2078.86      0.00      0.00      0.00     54.62

03:02:38        IFACE   rxpck/s   txpck/s    rxkB/s    txkB/s   rxcmp/s   txcmp/s  rxmcst/s   %ifutil
03:02:39           lo    389.00    389.00     25.92     25.92      0.00      0.00      0.00      0.00
03:02:39         ens5  33144.00 351835.00   1592.98 672053.75      0.00      0.00      0.00      0.00
03:02:39    enifb1ac5e0a09      5.00      5.00      0.46      0.44      0.00      0.00      0.00      0.00
03:02:39    eni20ed0c6920d      5.00      6.00      0.46      0.50      0.00      0.00      0.00      0.00
03:02:39         ens6      0.00      0.00      0.00      0.00      0.00      0.00      0.00      0.00
03:02:39    enic479fef38dc      0.00      0.00      0.00      0.00      0.00      0.00      0.00      0.00
03:02:39    eni5ea3bc05c73      0.00      0.00      0.00      0.00      0.00      0.00      0.00      0.00
03:02:39    enia71a515eb09      0.00      0.00      0.00      0.00      0.00      0.00      0.00      0.00
03:02:39    enia205ab21f2e      0.00      0.00      0.00      0.00      0.00      0.00      0.00      0.00
03:02:39    enife22b4c3b6a      8.00     11.00      2.63      2.45      0.00      0.00      0.00      0.00
03:02:39    eni4590226e482      4.00      3.00      0.91      0.90      0.00      0.00      0.00      0.00
03:02:39    enib08305bf35e     11.00     10.00      1.55      1.76      0.00      0.00      0.00      0.00
03:02:39    enifd833d83eb2     13.00     14.00      1.21      1.25      0.00      0.00      0.00      0.00
03:02:39    enidb0c25597b6      4.00      3.00      0.75      0.74      0.00      0.00      0.00      0.00
03:02:39    eni47a93c32888      2.00      4.00      0.14      0.27      0.00      0.00      0.00      0.00
03:02:39    eni70f4d61bd42      0.00      0.00      0.00      0.00      0.00      0.00      0.00      0.00
03:02:39    eni57210d8fe98  24204.00  33153.00 655140.75   1902.23      0.00      0.00      0.00     53.67

03:02:39        IFACE   rxpck/s   txpck/s    rxkB/s    txkB/s   rxcmp/s   txcmp/s  rxmcst/s   %ifutil
03:02:40           lo    246.00    246.00     18.36     18.36      0.00      0.00      0.00      0.00
03:02:40         ens5  32883.00 359293.00   1563.67 670230.18      0.00      0.00      0.00      0.00
03:02:40    enifb1ac5e0a09      0.00      0.00      0.00      0.00      0.00      0.00      0.00      0.00
03:02:40    eni20ed0c6920d      0.00      0.00      0.00      0.00      0.00      0.00      0.00      0.00
03:02:40         ens6      0.00      0.00      0.00      0.00      0.00      0.00      0.00      0.00
03:02:40    enic479fef38dc      1.00      1.00      0.06      0.06      0.00      0.00      0.00      0.00
03:02:40    eni5ea3bc05c73      1.00      1.00      0.06      0.06      0.00      0.00      0.00      0.00
03:02:40    enia71a515eb09      0.00      0.00      0.00      0.00      0.00      0.00      0.00      0.00
03:02:40    enia205ab21f2e      0.00      0.00      0.00      0.00      0.00      0.00      0.00      0.00
03:02:40    enife22b4c3b6a      4.00      3.00      0.76      0.75      0.00      0.00      0.00      0.00
03:02:40    eni4590226e482      0.00      0.00      0.00      0.00      0.00      0.00      0.00      0.00
03:02:40    enib08305bf35e      0.00      0.00      0.00      0.00      0.00      0.00      0.00      0.00
03:02:40    enifd833d83eb2      0.00      0.00      0.00      0.00      0.00      0.00      0.00      0.00
03:02:40    enidb0c25597b6      0.00      0.00      0.00      0.00      0.00      0.00      0.00      0.00
03:02:40    eni47a93c32888      4.00      3.00      0.75      0.73      0.00      0.00      0.00      0.00
03:02:40    eni70f4d61bd42      3.00      3.00      0.72      0.76      0.00      0.00      0.00      0.00
03:02:40    eni57210d8fe98  23759.00  32770.00 651591.74   1856.22      0.00      0.00      0.00     53.38

03:02:40        IFACE   rxpck/s   txpck/s    rxkB/s    txkB/s   rxcmp/s   txcmp/s  rxmcst/s   %ifutil
03:02:41           lo    270.00    270.00     19.42     19.42      0.00      0.00      0.00      0.00
03:02:41         ens5  34240.00 348064.00   1620.30 641513.87      0.00      0.00      0.00      0.00
03:02:41    enifb1ac5e0a09      0.00      0.00      0.00      0.00      0.00      0.00      0.00      0.00
03:02:41    eni20ed0c6920d      2.00      1.00      0.17      0.10      0.00      0.00      0.00      0.00
03:02:41         ens6      0.00      0.00      0.00      0.00      0.00      0.00      0.00      0.00
03:02:41    enic479fef38dc      0.00      0.00      0.00      0.00      0.00      0.00      0.00      0.00
03:02:41    eni5ea3bc05c73      0.00      0.00      0.00      0.00      0.00      0.00      0.00      0.00
03:02:41    enia71a515eb09      0.00      0.00      0.00      0.00      0.00      0.00      0.00      0.00
03:02:41    enia205ab21f2e      0.00      0.00      0.00      0.00      0.00      0.00      0.00      0.00
03:02:41    enife22b4c3b6a      0.00      0.00      0.00      0.00      0.00      0.00      0.00      0.00
03:02:41    eni4590226e482      0.00      0.00      0.00      0.00      0.00      0.00      0.00      0.00
03:02:41    enib08305bf35e      0.00      0.00      0.00      0.00      0.00      0.00      0.00      0.00
03:02:41    enifd833d83eb2      0.00      0.00      0.00      0.00      0.00      0.00      0.00      0.00
03:02:41    enidb0c25597b6      4.00      3.00      0.75      0.76      0.00      0.00      0.00      0.00
03:02:41    eni47a93c32888      0.00      0.00      0.00      0.00      0.00      0.00      0.00      0.00
03:02:41    eni70f4d61bd42      0.00      0.00      0.00      0.00      0.00      0.00      0.00      0.00
03:02:41    eni57210d8fe98  22005.00  34231.00 624483.08   1929.74      0.00      0.00      0.00     51.16

03:02:41        IFACE   rxpck/s   txpck/s    rxkB/s    txkB/s   rxcmp/s   txcmp/s  rxmcst/s   %ifutil
03:02:42           lo    235.00    235.00     17.22     17.22      0.00      0.00      0.00      0.00
03:02:42         ens5  35093.00 379494.00   1656.11 677489.09      0.00      0.00      0.00      0.00
03:02:42    enifb1ac5e0a09      0.00      0.00      0.00      0.00      0.00      0.00      0.00      0.00
03:02:42    eni20ed0c6920d      0.00      0.00      0.00      0.00      0.00      0.00      0.00      0.00
03:02:42         ens6      0.00      0.00      0.00      0.00      0.00      0.00      0.00      0.00
03:02:42    enic479fef38dc      2.00      2.00      0.13      0.26      0.00      0.00      0.00      0.00
03:02:42    eni5ea3bc05c73      1.00      1.00      0.06      0.06      0.00      0.00      0.00      0.00
03:02:42    enia71a515eb09      0.00      0.00      0.00      0.00      0.00      0.00      0.00      0.00
03:02:42    enia205ab21f2e      0.00      0.00      0.00      0.00      0.00      0.00      0.00      0.00
03:02:42    enife22b4c3b6a      4.00      3.00      0.76      0.75      0.00      0.00      0.00      0.00
03:02:42    eni4590226e482      0.00      0.00      0.00      0.00      0.00      0.00      0.00      0.00
03:02:42    enib08305bf35e      0.00      0.00      0.00      0.00      0.00      0.00      0.00      0.00
03:02:42    enifd833d83eb2      0.00      0.00      0.00      0.00      0.00      0.00      0.00      0.00
03:02:42    enidb0c25597b6      0.00      0.00      0.00      0.00      0.00      0.00      0.00      0.00
03:02:42    eni47a93c32888      4.00      3.00      0.75      0.73      0.00      0.00      0.00      0.00
03:02:42    eni70f4d61bd42      3.00      3.00      0.72      0.76      0.00      0.00      0.00      0.00
03:02:42    eni57210d8fe98  23445.00  35048.00 658506.05   1962.69      0.00      0.00      0.00     53.94

03:02:42        IFACE   rxpck/s   txpck/s    rxkB/s    txkB/s   rxcmp/s   txcmp/s  rxmcst/s   %ifutil
03:02:43           lo    185.00    185.00     14.61     14.61      0.00      0.00      0.00      0.00
03:02:43         ens5  21276.00 246056.00   1033.03 473183.92      0.00      0.00      0.00      0.00
03:02:43    enifb1ac5e0a09      0.00      0.00      0.00      0.00      0.00      0.00      0.00      0.00
03:02:43    eni20ed0c6920d      0.00      0.00      0.00      0.00      0.00      0.00      0.00      0.00
03:02:43         ens6      0.00      0.00      0.00      0.00      0.00      0.00      0.00      0.00
03:02:43    enic479fef38dc      1.00      1.00      0.06      0.06      0.00      0.00      0.00      0.00
03:02:43    eni5ea3bc05c73      2.00      2.00      0.13      0.13      0.00      0.00      0.00      0.00
03:02:43    enia71a515eb09      0.00      0.00      0.00      0.00      0.00      0.00      0.00      0.00
03:02:43    enia205ab21f2e      1.00      1.00      0.06      0.18      0.00      0.00      0.00      0.00
03:02:43    enife22b4c3b6a      1.00      1.00      0.06      0.24      0.00      0.00      0.00      0.00
03:02:43    eni4590226e482      0.00      0.00      0.00      0.00      0.00      0.00      0.00      0.00
03:02:43    enib08305bf35e      0.00      0.00      0.00      0.00      0.00      0.00      0.00      0.00
03:02:43    enifd833d83eb2      0.00      0.00      0.00      0.00      0.00      0.00      0.00      0.00
03:02:43    enidb0c25597b6      5.00      3.00      0.85      0.74      0.00      0.00      0.00      0.00
03:02:43    eni47a93c32888      0.00      0.00      0.00      0.00      0.00      0.00      0.00      0.00
03:02:43    eni70f4d61bd42      0.00      0.00      0.00      0.00      0.00      0.00      0.00      0.00
03:02:43    eni57210d8fe98  15521.00  21210.00 460562.91   1229.54      0.00      0.00      0.00     37.73

03:02:43        IFACE   rxpck/s   txpck/s    rxkB/s    txkB/s   rxcmp/s   txcmp/s  rxmcst/s   %ifutil
03:02:44           lo    306.00    306.00     21.21     21.21      0.00      0.00      0.00      0.00
03:02:44         ens5   6133.00  43365.00    316.24 139279.57      0.00      0.00      0.00      0.00
03:02:44    enifb1ac5e0a09      0.00      0.00      0.00      0.00      0.00      0.00      0.00      0.00
03:02:44    eni20ed0c6920d      0.00      0.00      0.00      0.00      0.00      0.00      0.00      0.00
03:02:44         ens6      0.00      0.00      0.00      0.00      0.00      0.00      0.00      0.00
03:02:44    enic479fef38dc      1.00      1.00      0.06      0.06      0.00      0.00      0.00      0.00
03:02:44    eni5ea3bc05c73      0.00      0.00      0.00      0.00      0.00      0.00      0.00      0.00
03:02:44    enia71a515eb09      0.00      0.00      0.00      0.00      0.00      0.00      0.00      0.00
03:02:44    enia205ab21f2e      0.00      0.00      0.00      0.00      0.00      0.00      0.00      0.00
03:02:44    enife22b4c3b6a      5.00      4.00      0.83      0.97      0.00      0.00      0.00      0.00
03:02:44    eni4590226e482      0.00      0.00      0.00      0.00      0.00      0.00      0.00      0.00
03:02:44    enib08305bf35e      0.00      0.00      0.00      0.00      0.00      0.00      0.00      0.00
03:02:44    enifd833d83eb2      5.00      5.00      0.42      0.44      0.00      0.00      0.00      0.00
03:02:44    enidb0c25597b6      0.00      1.00      0.00      0.06      0.00      0.00      0.00      0.00
03:02:44    eni47a93c32888      5.00      4.00      0.85      0.80      0.00      0.00      0.00      0.00
03:02:44    eni70f4d61bd42      5.00      7.00      0.85      1.03      0.00      0.00      0.00      0.00
03:02:44    eni57210d8fe98   4401.00   6073.00 137116.19    379.08      0.00      0.00      0.00     11.23

03:02:44        IFACE   rxpck/s   txpck/s    rxkB/s    txkB/s   rxcmp/s   txcmp/s  rxmcst/s   %ifutil
03:02:45           lo    175.00    175.00     13.50     13.50      0.00      0.00      0.00      0.00
03:02:45         ens5   3242.00  12289.00    174.52  98911.60      0.00      0.00      0.00      0.00
03:02:45    enifb1ac5e0a09      0.00      0.00      0.00      0.00      0.00      0.00      0.00      0.00
03:02:45    eni20ed0c6920d      0.00      0.00      0.00      0.00      0.00      0.00      0.00      0.00
03:02:45         ens6      0.00      0.00      0.00      0.00      0.00      0.00      0.00      0.00
03:02:45    enic479fef38dc      1.00      1.00      0.06      0.16      0.00      0.00      0.00      0.00
03:02:45    eni5ea3bc05c73      0.00      0.00      0.00      0.00      0.00      0.00      0.00      0.00
03:02:45    enia71a515eb09      0.00      0.00      0.00      0.00      0.00      0.00      0.00      0.00
03:02:45    enia205ab21f2e      0.00      0.00      0.00      0.00      0.00      0.00      0.00      0.00
03:02:45    enife22b4c3b6a     11.00     13.00      2.94      2.73      0.00      0.00      0.00      0.00
03:02:45    eni4590226e482      1.00      1.00      0.06      0.21      0.00      0.00      0.00      0.00
03:02:45    enib08305bf35e      0.00      0.00      0.00      0.00      0.00      0.00      0.00      0.00
03:02:45    enifd833d83eb2      0.00      0.00      0.00      0.00      0.00      0.00      0.00      0.00
03:02:45    enidb0c25597b6      3.00      4.00      0.69      0.80      0.00      0.00      0.00      0.00
03:02:45    eni47a93c32888      0.00      0.00      0.00      0.00      0.00      0.00      0.00      0.00
03:02:45    eni70f4d61bd42      0.00      0.00      0.00      0.00      0.00      0.00      0.00      0.00
03:02:45    eni57210d8fe98   3643.00   3208.00  98347.97    215.63      0.00      0.00      0.00      8.06

03:02:45        IFACE   rxpck/s   txpck/s    rxkB/s    txkB/s   rxcmp/s   txcmp/s  rxmcst/s   %ifutil
03:02:46           lo    159.00    159.00     12.06     12.06      0.00      0.00      0.00      0.00
03:02:46         ens5   1592.00   6449.00     86.97  51702.46      0.00      0.00      0.00      0.00
03:02:46    enifb1ac5e0a09      1.00      1.00      0.06      0.18      0.00      0.00      0.00      0.00
03:02:46    eni20ed0c6920d      0.00      0.00      0.00      0.00      0.00      0.00      0.00      0.00
03:02:46         ens6      0.00      0.00      0.00      0.00      0.00      0.00      0.00      0.00
03:02:46    enic479fef38dc     11.00     13.00      4.48      2.70      0.00      0.00      0.00      0.00
03:02:46    eni5ea3bc05c73     10.00     13.00      4.42      2.60      0.00      0.00      0.00      0.00
03:02:46    enia71a515eb09      0.00      0.00      0.00      0.00      0.00      0.00      0.00      0.00
03:02:46    enia205ab21f2e      0.00      0.00      0.00      0.00      0.00      0.00      0.00      0.00
03:02:46    enife22b4c3b6a     14.00     13.00      1.41      1.39      0.00      0.00      0.00      0.00
03:02:46    eni4590226e482      0.00      0.00      0.00      0.00      0.00      0.00      0.00      0.00
03:02:46    enib08305bf35e      0.00      0.00      0.00      0.00      0.00      0.00      0.00      0.00
03:02:46    enifd833d83eb2      0.00      0.00      0.00      0.00      0.00      0.00      0.00      0.00
03:02:46    enidb0c25597b6      2.00      4.00      0.14      0.27      0.00      0.00      0.00      0.00
03:02:46    eni47a93c32888      5.00      6.00      0.81      0.93      0.00      0.00      0.00      0.00
03:02:46    eni70f4d61bd42      3.00      3.00      0.72      0.76      0.00      0.00      0.00      0.00
03:02:46    eni57210d8fe98   1764.00   1556.00  51393.80    104.31      0.00      0.00      0.00      4.21

03:02:46        IFACE   rxpck/s   txpck/s    rxkB/s    txkB/s   rxcmp/s   txcmp/s  rxmcst/s   %ifutil
03:02:47           lo    160.00    160.00     12.32     12.32      0.00      0.00      0.00      0.00
03:02:47         ens5   1653.00   7812.00     89.69  62776.63      0.00      0.00      0.00      0.00
03:02:47    enifb1ac5e0a09      0.00      0.00      0.00      0.00      0.00      0.00      0.00      0.00
03:02:47    eni20ed0c6920d      0.00      0.00      0.00      0.00      0.00      0.00      0.00      0.00
03:02:47         ens6      0.00      0.00      0.00      0.00      0.00      0.00      0.00      0.00
03:02:47    enic479fef38dc      0.00      0.00      0.00      0.00      0.00      0.00      0.00      0.00
03:02:47    eni5ea3bc05c73      0.00      0.00      0.00      0.00      0.00      0.00      0.00      0.00
03:02:47    enia71a515eb09      0.00      0.00      0.00      0.00      0.00      0.00      0.00      0.00
03:02:47    enia205ab21f2e      0.00      0.00      0.00      0.00      0.00      0.00      0.00      0.00
03:02:47    enife22b4c3b6a      0.00      0.00      0.00      0.00      0.00      0.00      0.00      0.00
03:02:47    eni4590226e482      3.00      2.00      0.34      0.25      0.00      0.00      0.00      0.00
03:02:47    enib08305bf35e      0.00      0.00      0.00      0.00      0.00      0.00      0.00      0.00
03:02:47    enifd833d83eb2      0.00      0.00      0.00      0.00      0.00      0.00      0.00      0.00
03:02:47    enidb0c25597b6      3.00      3.00      0.69      0.74      0.00      0.00      0.00      0.00
03:02:47    eni47a93c32888      0.00      0.00      0.00      0.00      0.00      0.00      0.00      0.00
03:02:47    eni70f4d61bd42      0.00      0.00      0.00      0.00      0.00      0.00      0.00      0.00
03:02:47    eni57210d8fe98   2083.00   1622.00  62401.41    109.39      0.00      0.00      0.00      5.11

03:02:47        IFACE   rxpck/s   txpck/s    rxkB/s    txkB/s   rxcmp/s   txcmp/s  rxmcst/s   %ifutil
03:02:48           lo    177.00    177.00     13.81     13.81      0.00      0.00      0.00      0.00
03:02:48         ens5    415.00   2192.00     36.69  17041.97      0.00      0.00      0.00      0.00
03:02:48    enifb1ac5e0a09      4.00      6.00      0.40      0.50      0.00      0.00      0.00      0.00
03:02:48    eni20ed0c6920d      5.00      5.00      0.46      0.44      0.00      0.00      0.00      0.00
03:02:48         ens6      1.00      1.00      0.03      0.04      0.00      0.00      0.00      0.00
03:02:48    enic479fef38dc     12.00     14.00      4.57      2.77      0.00      0.00      0.00      0.00
03:02:48    eni5ea3bc05c73     10.00     13.00      4.42      2.60      0.00      0.00      0.00      0.00
03:02:48    enia71a515eb09      0.00      0.00      0.00      0.00      0.00      0.00      0.00      0.00
03:02:48    enia205ab21f2e      0.00      0.00      0.00      0.00      0.00      0.00      0.00      0.00
03:02:48    enife22b4c3b6a      4.00      3.00      0.76      0.75      0.00      0.00      0.00      0.00
03:02:48    eni4590226e482      0.00      0.00      0.00      0.00      0.00      0.00      0.00      0.00
03:02:48    enib08305bf35e      0.00      0.00      0.00      0.00      0.00      0.00      0.00      0.00
03:02:48    enifd833d83eb2      0.00      0.00      0.00      0.00      0.00      0.00      0.00      0.00
03:02:48    enidb0c25597b6      0.00      0.00      0.00      0.00      0.00      0.00      0.00      0.00
03:02:48    eni47a93c32888      3.00      3.00      0.68      0.73      0.00      0.00      0.00      0.00
03:02:48    eni70f4d61bd42      3.00      3.00      0.72      0.76      0.00      0.00      0.00      0.00
03:02:48    eni57210d8fe98    712.00    390.00  16941.21     39.97      0.00      0.00      0.00      1.39

03:02:48        IFACE   rxpck/s   txpck/s    rxkB/s    txkB/s   rxcmp/s   txcmp/s  rxmcst/s   %ifutil
03:02:49           lo    193.00    193.00     13.68     13.68      0.00      0.00      0.00      0.00
03:02:49         ens5    335.00    475.00     29.20    576.18      0.00      0.00      0.00      0.00
03:02:49    enifb1ac5e0a09     11.00     11.00      1.76      1.15      0.00      0.00      0.00      0.00
03:02:49    eni20ed0c6920d     10.00     11.00      1.80      1.17      0.00      0.00      0.00      0.00
03:02:49         ens6      0.00      0.00      0.00      0.00      0.00      0.00      0.00      0.00
03:02:49    enic479fef38dc      0.00      0.00      0.00      0.00      0.00      0.00      0.00      0.00
03:02:49    eni5ea3bc05c73      0.00      0.00      0.00      0.00      0.00      0.00      0.00      0.00
03:02:49    enia71a515eb09      0.00      0.00      0.00      0.00      0.00      0.00      0.00      0.00
03:02:49    enia205ab21f2e      0.00      0.00      0.00      0.00      0.00      0.00      0.00      0.00
03:02:49    enife22b4c3b6a     10.00     13.00      2.76      2.69      0.00      0.00      0.00      0.00
03:02:49    eni4590226e482      0.00      0.00      0.00      0.00      0.00      0.00      0.00      0.00
03:02:49    enib08305bf35e      5.00      5.00      0.50      0.44      0.00      0.00      0.00      0.00
03:02:49    enifd833d83eb2      9.00     11.00      0.78      0.94      0.00      0.00      0.00      0.00
03:02:49    enidb0c25597b6      4.00      4.00      0.75      0.80      0.00      0.00      0.00      0.00
03:02:49    eni47a93c32888      2.00      4.00      0.14      0.27      0.00      0.00      0.00      0.00
03:02:49    eni70f4d61bd42      0.00      0.00      0.00      0.00      0.00      0.00      0.00      0.00
03:02:49    eni57210d8fe98     89.00    308.00    552.69     33.56      0.00      0.00      0.00      0.05

03:02:49        IFACE   rxpck/s   txpck/s    rxkB/s    txkB/s   rxcmp/s   txcmp/s  rxmcst/s   %ifutil
03:02:50           lo    207.00    207.00     15.15     15.15      0.00      0.00      0.00      0.00
03:02:50         ens5   1029.00    770.00    715.75    760.73      0.00      0.00      0.00      0.00
03:02:50    enifb1ac5e0a09     45.00     45.00     11.92      5.19      0.00      0.00      0.00      0.00
03:02:50    eni20ed0c6920d     47.00     47.00     11.02      5.45      0.00      0.00      0.00      0.00
03:02:50         ens6      0.00      0.00      0.00      0.00      0.00      0.00      0.00      0.00
03:02:50    enic479fef38dc      0.00      0.00      0.00      0.00      0.00      0.00      0.00      0.00
03:02:50    eni5ea3bc05c73      0.00      0.00      0.00      0.00      0.00      0.00      0.00      0.00
03:02:50    enia71a515eb09      0.00      0.00      0.00      0.00      0.00      0.00      0.00      0.00
03:02:50    enia205ab21f2e      0.00      0.00      0.00      0.00      0.00      0.00      0.00      0.00
03:02:50    enife22b4c3b6a      7.00      7.00      0.98      1.11      0.00      0.00      0.00      0.00
03:02:50    eni4590226e482      1.00      1.00      0.04      0.04      0.00      0.00      0.00      0.00
03:02:50    enib08305bf35e      1.00      1.00      0.06      0.22      0.00      0.00      0.00      0.00
03:02:50    enifd833d83eb2      0.00      0.00      0.00      0.00      0.00      0.00      0.00      0.00
03:02:50    enidb0c25597b6      0.00      0.00      0.00      0.00      0.00      0.00      0.00      0.00
03:02:50    eni47a93c32888      3.00      3.00      0.68      0.73      0.00      0.00      0.00      0.00
03:02:50    eni70f4d61bd42      3.00      3.00      0.72      0.76      0.00      0.00      0.00      0.00
03:02:50    eni57210d8fe98    394.00    720.00    738.72    725.94      0.00      0.00      0.00      0.06

03:02:50        IFACE   rxpck/s   txpck/s    rxkB/s    txkB/s   rxcmp/s   txcmp/s  rxmcst/s   %ifutil
03:02:51           lo    151.00    151.00     12.00     12.00      0.00      0.00      0.00      0.00
03:02:51         ens5    356.00    149.00    380.97     28.30      0.00      0.00      0.00      0.00
03:02:51    enifb1ac5e0a09      0.00      0.00      0.00      0.00      0.00      0.00      0.00      0.00
03:02:51    eni20ed0c6920d      0.00      0.00      0.00      0.00      0.00      0.00      0.00      0.00
03:02:51         ens6      0.00      0.00      0.00      0.00      0.00      0.00      0.00      0.00
03:02:51    enic479fef38dc      0.00      0.00      0.00      0.00      0.00      0.00      0.00      0.00
03:02:51    eni5ea3bc05c73      0.00      0.00      0.00      0.00      0.00      0.00      0.00      0.00
03:02:51    enia71a515eb09      0.00      0.00      0.00      0.00      0.00      0.00      0.00      0.00
03:02:51    enia205ab21f2e      1.00      1.00      0.06      0.18      0.00      0.00      0.00      0.00
03:02:51    enife22b4c3b6a     50.00     48.00     56.03     34.75      0.00      0.00      0.00      0.00
03:02:51    eni4590226e482      0.00      0.00      0.00      0.00      0.00      0.00      0.00      0.00
03:02:51    enib08305bf35e      0.00      0.00      0.00      0.00      0.00      0.00      0.00      0.00
03:02:51    enifd833d83eb2      0.00      0.00      0.00      0.00      0.00      0.00      0.00      0.00
03:02:51    enidb0c25597b6      0.00      0.00      0.00      0.00      0.00      0.00      0.00      0.00
03:02:51    eni47a93c32888     15.00     16.00      2.72     43.55      0.00      0.00      0.00      0.00
03:02:51    eni70f4d61bd42      0.00      0.00      0.00      0.00      0.00      0.00      0.00      0.00
03:02:51    eni57210d8fe98    100.00    117.00     14.24    347.03      0.00      0.00      0.00      0.03

03:02:51        IFACE   rxpck/s   txpck/s    rxkB/s    txkB/s   rxcmp/s   txcmp/s  rxmcst/s   %ifutil
03:02:52           lo    165.00    165.00     12.38     12.38      0.00      0.00      0.00      0.00
03:02:52         ens5     46.00     48.00      4.98     10.30      0.00      0.00      0.00      0.00
03:02:52    enifb1ac5e0a09      0.00      0.00      0.00      0.00      0.00      0.00      0.00      0.00
03:02:52    eni20ed0c6920d      0.00      0.00      0.00      0.00      0.00      0.00      0.00      0.00
03:02:52         ens6      0.00      0.00      0.00      0.00      0.00      0.00      0.00      0.00
03:02:52    enic479fef38dc      0.00      0.00      0.00      0.00      0.00      0.00      0.00      0.00
03:02:52    eni5ea3bc05c73      1.00      1.00      0.06      0.16      0.00      0.00      0.00      0.00
03:02:52    enia71a515eb09      0.00      0.00      0.00      0.00      0.00      0.00      0.00      0.00
03:02:52    enia205ab21f2e      0.00      0.00      0.00      0.00      0.00      0.00      0.00      0.00
03:02:52    enife22b4c3b6a      9.00      7.00      1.22      1.24      0.00      0.00      0.00      0.00
03:02:52    eni4590226e482      0.00      0.00      0.00      0.00      0.00      0.00      0.00      0.00
03:02:52    enib08305bf35e      0.00      0.00      0.00      0.00      0.00      0.00      0.00      0.00
03:02:52    enifd833d83eb2      0.00      0.00      0.00      0.00      0.00      0.00      0.00      0.00
03:02:52    enidb0c25597b6      3.00      3.00      0.69      0.73      0.00      0.00      0.00      0.00
03:02:52    eni47a93c32888      3.00      3.00      0.68      0.73      0.00      0.00      0.00      0.00
03:02:52    eni70f4d61bd42      3.00      3.00      0.72      0.76      0.00      0.00      0.00      0.00
03:02:52    eni57210d8fe98      0.00      0.00      0.00      0.00      0.00      0.00      0.00      0.00

03:02:52        IFACE   rxpck/s   txpck/s    rxkB/s    txkB/s   rxcmp/s   txcmp/s  rxmcst/s   %ifutil
03:02:53           lo    137.00    137.00     10.67     10.67      0.00      0.00      0.00      0.00
03:02:53         ens5     35.00     36.00      4.36     10.24      0.00      0.00      0.00      0.00
03:02:53    enifb1ac5e0a09      0.00      0.00      0.00      0.00      0.00      0.00      0.00      0.00
03:02:53    eni20ed0c6920d      0.00      0.00      0.00      0.00      0.00      0.00      0.00      0.00
03:02:53         ens6      0.00      0.00      0.00      0.00      0.00      0.00      0.00      0.00
03:02:53    enic479fef38dc      3.00      3.00      0.26      2.71      0.00      0.00      0.00      0.00
03:02:53    eni5ea3bc05c73      3.00      3.00      0.26      2.72      0.00      0.00      0.00      0.00
03:02:53    enia71a515eb09      0.00      0.00      0.00      0.00      0.00      0.00      0.00      0.00
03:02:53    enia205ab21f2e      0.00      0.00      0.00      0.00      0.00      0.00      0.00      0.00
03:02:53    enife22b4c3b6a      0.00      0.00      0.00      0.00      0.00      0.00      0.00      0.00
03:02:53    eni4590226e482      1.00      1.00      0.06      0.22      0.00      0.00      0.00      0.00
03:02:53    enib08305bf35e      2.00      2.00      0.13      0.34      0.00      0.00      0.00      0.00
03:02:53    enifd833d83eb2      0.00      0.00      0.00      0.00      0.00      0.00      0.00      0.00
03:02:53    enidb0c25597b6      0.00      0.00      0.00      0.00      0.00      0.00      0.00      0.00
03:02:53    eni47a93c32888      0.00      0.00      0.00      0.00      0.00      0.00      0.00      0.00
03:02:53    eni70f4d61bd42      0.00      0.00      0.00      0.00      0.00      0.00      0.00      0.00
03:02:53    eni57210d8fe98      0.00      0.00      0.00      0.00      0.00      0.00      0.00      0.00

03:02:53        IFACE   rxpck/s   txpck/s    rxkB/s    txkB/s   rxcmp/s   txcmp/s  rxmcst/s   %ifutil
03:02:54           lo    199.00    199.00     14.09     14.09      0.00      0.00      0.00      0.00
03:02:54         ens5     76.00     71.00      8.24     13.53      0.00      0.00      0.00      0.00
03:02:54    enifb1ac5e0a09      0.00      0.00      0.00      0.00      0.00      0.00      0.00      0.00
03:02:54    eni20ed0c6920d      0.00      0.00      0.00      0.00      0.00      0.00      0.00      0.00
03:02:54         ens6      0.00      0.00      0.00      0.00      0.00      0.00      0.00      0.00
03:02:54    enic479fef38dc      0.00      0.00      0.00      0.00      0.00      0.00      0.00      0.00
03:02:54    eni5ea3bc05c73      3.00      2.00      0.41      0.25      0.00      0.00      0.00      0.00
03:02:54    enia71a515eb09      0.00      0.00      0.00      0.00      0.00      0.00      0.00      0.00
03:02:54    enia205ab21f2e      0.00      0.00      0.00      0.00      0.00      0.00      0.00      0.00
03:02:54    enife22b4c3b6a      3.00      4.00      0.70      0.81      0.00      0.00      0.00      0.00
03:02:54    eni4590226e482      5.00      4.00      1.01      0.96      0.00      0.00      0.00      0.00
03:02:54    enib08305bf35e      4.00      3.00      0.89      0.88      0.00      0.00      0.00      0.00
03:02:54    enifd833d83eb2      5.00      6.00      0.42      0.50      0.00      0.00      0.00      0.00
03:02:54    enidb0c25597b6      4.00      4.00      0.75      0.96      0.00      0.00      0.00      0.00
03:02:54    eni47a93c32888      3.00      3.00      0.68      0.73      0.00      0.00      0.00      0.00
03:02:54    eni70f4d61bd42      6.00      9.00      0.95      1.20      0.00      0.00      0.00      0.00
03:02:54    eni57210d8fe98      0.00      0.00      0.00      0.00      0.00      0.00      0.00      0.00

03:02:54        IFACE   rxpck/s   txpck/s    rxkB/s    txkB/s   rxcmp/s   txcmp/s  rxmcst/s   %ifutil
03:02:55           lo    138.00    138.00     10.75     10.75      0.00      0.00      0.00      0.00
03:02:55         ens5     39.00     35.00      2.27      8.67      0.00      0.00      0.00      0.00
03:02:55    enifb1ac5e0a09      0.00      0.00      0.00      0.00      0.00      0.00      0.00      0.00
03:02:55    eni20ed0c6920d      0.00      0.00      0.00      0.00      0.00      0.00      0.00      0.00
03:02:55         ens6      0.00      0.00      0.00      0.00      0.00      0.00      0.00      0.00
03:02:55    enic479fef38dc      2.00      3.00      0.53      0.23      0.00      0.00      0.00      0.00
03:02:55    eni5ea3bc05c73      4.00      5.00      1.66      0.47      0.00      0.00      0.00      0.00
03:02:55    enia71a515eb09      0.00      0.00      0.00      0.00      0.00      0.00      0.00      0.00
03:02:55    enia205ab21f2e      0.00      0.00      0.00      0.00      0.00      0.00      0.00      0.00
03:02:55    enife22b4c3b6a      8.00     11.00      2.63      2.45      0.00      0.00      0.00      0.00
03:02:55    eni4590226e482      0.00      0.00      0.00      0.00      0.00      0.00      0.00      0.00
03:02:55    enib08305bf35e      0.00      0.00      0.00      0.00      0.00      0.00      0.00      0.00
03:02:55    enifd833d83eb2      0.00      0.00      0.00      0.00      0.00      0.00      0.00      0.00
03:02:55    enidb0c25597b6      0.00      0.00      0.00      0.00      0.00      0.00      0.00      0.00
03:02:55    eni47a93c32888      0.00      0.00      0.00      0.00      0.00      0.00      0.00      0.00
03:02:55    eni70f4d61bd42      0.00      0.00      0.00      0.00      0.00      0.00      0.00      0.00
03:02:55    eni57210d8fe98      0.00      0.00      0.00      0.00      0.00      0.00      0.00      0.00
