Linux 6.12.88-119.157.amzn2023.x86_64 (ip-192-168-58-166.ec2.internal) 	06/04/26 	_x86_64_	(128 CPU)

02:42:06      UID       PID    %usr %system  %guest   %wait    %CPU   CPU  Command
02:42:07        0     10713    0.97    0.97    0.00    0.00    1.94    70  containerd
02:42:07        0     10779    9.71    1.94    0.00    0.00   11.65   101  kubelet
02:42:07        0     30973    0.97    0.00    0.00    0.00    0.97    85  containerd-shim
02:42:07        0     32124    0.97    0.00    0.00    0.00    0.97    36  containerd-shim
02:42:07        0     33538    0.00    0.97    0.00    0.00    0.97     5  containerd-shim
02:42:07    65532     34841    0.00    0.97    0.00    0.00    0.97    62  manager
02:42:07        0    289364    0.97    0.00    0.00    0.00    0.97    38  containerd-shim
02:42:07        0    289479    1.94    0.00    0.00    0.00    1.94    44  pidstat

02:42:07      UID       PID    %usr %system  %guest   %wait    %CPU   CPU  Command
02:42:08        0     10713   10.00    3.00    0.00    0.00   13.00    70  containerd
02:42:08        0     10779    2.00    1.00    0.00    0.00    3.00   101  kubelet
02:42:08    65532     13836    1.00    0.00    0.00    0.00    1.00   124  coredns
02:42:08     1000     17351    1.00    0.00    0.00    0.00    1.00    28  metrics-server
02:42:08    10001     28603    2.00    0.00    0.00    0.00    2.00   108  manager
02:42:08        0    281255    1.00    0.00    0.00    0.00    1.00    62  containerd-shim
02:42:08       26    281361    0.00    1.00    0.00    0.00    1.00    49  manager
02:42:08       26    281496    1.00    1.00    0.00    0.00    2.00    41  manager
02:42:08        0    289479    1.00    1.00    0.00    0.00    2.00    44  pidstat
02:42:08       26    289640    3.00    2.00    0.00    0.00    5.00    39  pgbackrest
02:42:08       26    289641    0.00    1.00    0.00    0.00    1.00    45  postgres
02:42:08       26    289643    4.00    0.00    0.00    0.00    4.00   120  manager
02:42:08       26    289665    7.00    0.00    0.00    0.00    7.00   112  pgbackrest

02:42:08      UID       PID    %usr %system  %guest   %wait    %CPU   CPU  Command
02:42:09        0       283    1.00    0.00    0.00    0.00    1.00    52  ksoftirqd/52
02:42:09        0     10779    1.00    0.00    0.00    0.00    1.00   101  kubelet
02:42:09    65532     13836    2.00    0.00    0.00    0.00    2.00   124  coredns
02:42:09    65532     13844    1.00    0.00    0.00    0.00    1.00   120  coredns
02:42:09        0     20081    1.00    1.00    0.00    0.00    2.00   100  local-path-prov
02:42:09    65532     32340    1.00    0.00    0.00    0.00    1.00     4  webhook
02:42:09    10001     33594    1.00    0.00    0.00    0.00    1.00    75  manager
02:42:09       26    281496    1.00    0.00    0.00    0.00    1.00    41  manager
02:42:09        0    289479    1.00    2.00    0.00    0.00    3.00    44  pidstat
02:42:09       26    289640    3.00    0.00    0.00    0.00    3.00    39  pgbackrest
02:42:09       26    289666   14.00    3.00    0.00    0.00   17.00    40  pgbackrest
02:42:09       26    289667    7.00    6.00    0.00    0.00   13.00   105  pgbackrest
02:42:09       26    289668   17.00    0.00    0.00    0.00   17.00    42  pgbackrest
02:42:09       26    289669   15.00    0.00    0.00    0.00   15.00    39  pgbackrest
02:42:09       26    289670   16.00    1.00    0.00    0.00   17.00    16  pgbackrest
02:42:09       26    289671   13.00    1.00    0.00    0.00   14.00    15  pgbackrest
02:42:09       26    289672   16.00    1.00    0.00    0.00   17.00   110  pgbackrest
02:42:09       26    289673   16.00    2.00    0.00    0.00   18.00   111  pgbackrest

02:42:09      UID       PID    %usr %system  %guest   %wait    %CPU   CPU  Command
02:42:10        0     10713    1.00    0.00    0.00    0.00    1.00    70  containerd
02:42:10        0     10779    1.00    0.00    0.00    0.00    1.00   101  kubelet
02:42:10        0    289461    0.00    1.00    0.00    0.00    1.00    74  iostat
02:42:10        0    289479    3.00    0.00    0.00    0.00    3.00    44  pidstat
02:42:10       26    289666   29.00    4.00    0.00    0.00   33.00    40  pgbackrest
02:42:10       26    289667   29.00    1.00    0.00    0.00   30.00   105  pgbackrest
02:42:10       26    289668   37.00    1.00    0.00    0.00   38.00    42  pgbackrest
02:42:10       26    289669   34.00    1.00    0.00    0.00   35.00    39  pgbackrest
02:42:10       26    289670   30.00    1.00    0.00    0.00   31.00    16  pgbackrest
02:42:10       26    289671   35.00    2.00    0.00    0.00   37.00    15  pgbackrest
02:42:10       26    289672   26.00    2.00    0.00    0.00   28.00   110  pgbackrest
02:42:10       26    289673   26.00    5.00    0.00    0.00   31.00   111  pgbackrest

02:42:10      UID       PID    %usr %system  %guest   %wait    %CPU   CPU  Command
02:42:11        0     10779    1.00    0.00    0.00    0.00    1.00   101  kubelet
02:42:11     1000     17354    1.00    0.00    0.00    0.00    1.00    62  metrics-server
02:42:11       26    281542    0.00    1.00    0.00    0.00    1.00    25  postgres
02:42:11        0    289479    2.00    1.00    0.00    0.00    3.00    44  pidstat
02:42:11       26    289666   38.00    5.00    0.00    0.00   43.00    40  pgbackrest
02:42:11       26    289667   37.00    3.00    0.00    0.00   40.00   105  pgbackrest
02:42:11       26    289668   43.00    3.00    0.00    0.00   46.00    42  pgbackrest
02:42:11       26    289669   42.00    2.00    0.00    0.00   44.00    39  pgbackrest
02:42:11       26    289670   31.00    2.00    0.00    0.00   33.00    16  pgbackrest
02:42:11       26    289671   40.00    0.00    0.00    0.00   40.00    15  pgbackrest
02:42:11       26    289672   33.00    8.00    0.00    0.00   41.00   110  pgbackrest
02:42:11       26    289673   33.00    1.00    0.00    0.00   34.00   111  pgbackrest

02:42:11      UID       PID    %usr %system  %guest   %wait    %CPU   CPU  Command
02:42:12        0     10779    1.00    0.00    0.00    0.00    1.00   101  kubelet
02:42:12     1000     17351    1.00    0.00    0.00    0.00    1.00    28  metrics-server
02:42:12    65532     34841    1.00    0.00    0.00    0.00    1.00    62  manager
02:42:12        0    289479    0.00    2.00    0.00    0.00    2.00    44  pidstat
02:42:12       26    289666   39.00    2.00    0.00    0.00   41.00    40  pgbackrest
02:42:12       26    289667   38.00    2.00    0.00    0.00   40.00   105  pgbackrest
02:42:12       26    289668   31.00    1.00    0.00    0.00   32.00    42  pgbackrest
02:42:12       26    289669   40.00    4.00    0.00    0.00   44.00    39  pgbackrest
02:42:12       26    289670   32.00    2.00    0.00    0.00   34.00   124  pgbackrest
02:42:12       26    289671   33.00    0.00    0.00    0.00   33.00    15  pgbackrest
02:42:12       26    289672   42.00    0.00    0.00    0.00   42.00   110  pgbackrest
02:42:12       26    289673   39.00    1.00    0.00    0.00   40.00   111  pgbackrest

02:42:12      UID       PID    %usr %system  %guest   %wait    %CPU   CPU  Command
02:42:13        0     10779    1.00    0.00    0.00    0.00    1.00   101  kubelet
02:42:13    10001     28603    0.00    1.00    0.00    0.00    1.00   108  manager
02:42:13        0    289479    1.00    1.00    0.00    0.00    2.00    44  pidstat
02:42:13       26    289666   31.00    2.00    0.00    0.00   33.00    40  pgbackrest
02:42:13       26    289667   34.00    3.00    0.00    0.00   37.00   105  pgbackrest
02:42:13       26    289668   35.00    2.00    0.00    0.00   37.00    42  pgbackrest
02:42:13       26    289669   36.00    3.00    0.00    0.00   39.00    39  pgbackrest
02:42:13       26    289670   30.00    7.00    0.00    0.00   37.00   124  pgbackrest
02:42:13       26    289671   34.00    1.00    0.00    0.00   35.00    15  pgbackrest
02:42:13       26    289672   40.00    2.00    0.00    0.00   42.00    22  pgbackrest
02:42:13       26    289673   29.00    3.00    0.00    0.00   32.00    47  pgbackrest

02:42:13      UID       PID    %usr %system  %guest   %wait    %CPU   CPU  Command
02:42:14        0     10713    1.00    1.00    0.00    0.00    2.00    70  containerd
02:42:14        0     10779    0.00    2.00    0.00    0.00    2.00   101  kubelet
02:42:14        0    281255    0.00    1.00    0.00    0.00    1.00    62  containerd-shim
02:42:14        0    289364    0.00    1.00    0.00    0.00    1.00    38  containerd-shim
02:42:14        0    289479    0.00    3.00    0.00    0.00    3.00    44  pidstat
02:42:14       26    289666   33.00    5.00    0.00    0.00   38.00    40  pgbackrest
02:42:14       26    289667   38.00    0.00    0.00    0.00   38.00   105  pgbackrest
02:42:14       26    289668   33.00    4.00    0.00    0.00   37.00    42  pgbackrest
02:42:14       26    289669   39.00    5.00    0.00    0.00   44.00    74  pgbackrest
02:42:14       26    289670   31.00    1.00    0.00    0.00   32.00   124  pgbackrest
02:42:14       26    289671   39.00    3.00    0.00    0.00   42.00    15  pgbackrest
02:42:14       26    289672   37.00    1.00    0.00    0.00   38.00    22  pgbackrest
02:42:14       26    289673   32.00    1.00    0.00    0.00   33.00    47  pgbackrest

02:42:14      UID       PID    %usr %system  %guest   %wait    %CPU   CPU  Command
02:42:15        0     10779    2.00    0.00    0.00    0.00    2.00   101  kubelet
02:42:15        0    289479    1.00    2.00    0.00    0.00    3.00    44  pidstat
02:42:15        0    289515    1.00    0.00    0.00    0.00    1.00    76  vmstat
02:42:15       26    289666   41.00    2.00    0.00    0.00   43.00    40  pgbackrest
02:42:15       26    289667   35.00    1.00    0.00    0.00   36.00    41  pgbackrest
02:42:15       26    289668   36.00    3.00    0.00    0.00   39.00    42  pgbackrest
02:42:15       26    289669   41.00    1.00    0.00    0.00   42.00    10  pgbackrest
02:42:15       26    289670   27.00    1.00    0.00    0.00   28.00   124  pgbackrest
02:42:15       26    289671   30.00    2.00    0.00    0.00   32.00    15  pgbackrest
02:42:15       26    289672   36.00    1.00    0.00    0.00   37.00    22  pgbackrest
02:42:15       26    289673   33.00    3.00    0.00    0.00   36.00    47  pgbackrest

02:42:15      UID       PID    %usr %system  %guest   %wait    %CPU   CPU  Command
02:42:16        0     10713    1.00    1.00    0.00    0.00    2.00    70  containerd
02:42:16        0     10779    0.00    1.00    0.00    0.00    1.00   101  kubelet
02:42:16        0    289479    0.00    2.00    0.00    0.00    2.00    44  pidstat
02:42:16       26    289666   39.00    4.00    0.00    0.00   43.00    40  pgbackrest
02:42:16       26    289667   36.00    4.00    0.00    0.00   40.00    41  pgbackrest
02:42:16       26    289668   37.00    2.00    0.00    0.00   39.00    42  pgbackrest
02:42:16       26    289669   34.00    6.00    0.00    0.00   40.00    10  pgbackrest
02:42:16       26    289670   31.00    2.00    0.00    0.00   33.00   125  pgbackrest
02:42:16       26    289671   43.00    0.00    0.00    0.00   43.00    15  pgbackrest
02:42:16       26    289672   39.00    3.00    0.00    0.00   42.00    22  pgbackrest
02:42:16       26    289673   33.00    1.00    0.00    0.00   34.00    47  pgbackrest

02:42:16      UID       PID    %usr %system  %guest   %wait    %CPU   CPU  Command
02:42:17        0     10713    1.00    0.00    0.00    0.00    1.00    70  containerd
02:42:17        0     10779    1.00    0.00    0.00    0.00    1.00   101  kubelet
02:42:17        0     10902    1.00    1.00    0.00    0.00    2.00   117  containerd-shim
02:42:17        0     11371    1.00    0.00    0.00    0.00    1.00    87  aws-k8s-agent
02:42:17        0    289479    2.00    1.00    0.00    0.00    3.00    44  pidstat
02:42:17       26    289666   28.00    7.00    0.00    0.00   35.00     0  pgbackrest
02:42:17       26    289667   36.00    3.00    0.00    0.00   39.00    41  pgbackrest
02:42:17       26    289668   27.00    5.00    0.00    0.00   32.00    42  pgbackrest
02:42:17       26    289669   36.00    4.00    0.00    0.00   40.00    10  pgbackrest
02:42:17       26    289670   29.00    2.00    0.00    0.00   31.00   125  pgbackrest
02:42:17       26    289671   31.00    7.00    0.00    0.00   38.00    15  pgbackrest
02:42:17       26    289672   39.00    2.00    0.00    0.00   41.00    22  pgbackrest
02:42:17       26    289673   23.00    4.00    0.00    0.00   27.00    47  pgbackrest

02:42:17      UID       PID    %usr %system  %guest   %wait    %CPU   CPU  Command
02:42:18        0     10713    0.00    1.00    0.00    0.00    1.00    70  containerd
02:42:18        0     10779   11.00    0.00    0.00    0.00   11.00   101  kubelet
02:42:18    65532     13836    1.00    0.00    0.00    0.00    1.00   124  coredns
02:42:18     1000     17351    0.00    1.00    0.00    0.00    1.00    28  metrics-server
02:42:18     1000     17354    1.00    0.00    0.00    0.00    1.00    62  metrics-server
02:42:18    65532     32267    1.00    0.00    0.00    0.00    1.00   127  controller
02:42:18        0     34868    0.00    1.00    0.00    0.00    1.00    63  kworker/63:2-events
02:42:18        0    289479    1.00    2.00    0.00    0.00    3.00    44  pidstat
02:42:18       26    289666   33.00    3.00    0.00    0.00   36.00    64  pgbackrest
02:42:18       26    289667   40.00    2.00    0.00    0.00   42.00    41  pgbackrest
02:42:18       26    289668   38.00    0.00    0.00    0.00   38.00    42  pgbackrest
02:42:18       26    289669   39.00    3.00    0.00    0.00   42.00    10  pgbackrest
02:42:18       26    289670   32.00    0.00    0.00    0.00   32.00    32  pgbackrest
02:42:18       26    289671   35.00    5.00    0.00    0.00   40.00    15  pgbackrest
02:42:18       26    289672   36.00    3.00    0.00    0.00   39.00    22  pgbackrest
02:42:18       26    289673   32.00    2.00    0.00    0.00   34.00    47  pgbackrest

02:42:18      UID       PID    %usr %system  %guest   %wait    %CPU   CPU  Command
02:42:19        0      1502    1.00    0.00    0.00    0.00    1.00     9  kworker/9:1-events
02:42:19        0     10779    2.00    0.00    0.00    0.00    2.00   101  kubelet
02:42:19        0    288026    1.00    0.00    0.00    0.00    1.00    52  kworker/52:1-events
02:42:19        0    289479    1.00    1.00    0.00    0.00    2.00    44  pidstat
02:42:19       26    289666   38.00    4.00    0.00    0.00   42.00    64  pgbackrest
02:42:19       26    289667   34.00    2.00    0.00    0.00   36.00    41  pgbackrest
02:42:19       26    289668   45.00    3.00    0.00    0.00   48.00    42  pgbackrest
02:42:19       26    289669   32.00    3.00    0.00    0.00   35.00    10  pgbackrest
02:42:19       26    289670   30.00    2.00    0.00    0.00   32.00    32  pgbackrest
02:42:19       26    289671   40.00    5.00    0.00    0.00   45.00    15  pgbackrest
02:42:19       26    289672   38.00    2.00    0.00    0.00   40.00    22  pgbackrest
02:42:19       26    289673   24.00    2.00    0.00    0.00   26.00    47  pgbackrest

02:42:19      UID       PID    %usr %system  %guest   %wait    %CPU   CPU  Command
02:42:20        0     10713    1.00    0.00    0.00    0.00    1.00    70  containerd
02:42:20        0     10779    1.00    0.00    0.00    0.00    1.00   101  kubelet
02:42:20       26    281496    1.00    0.00    0.00    0.00    1.00    41  manager
02:42:20        0    289479    0.00    2.00    0.00    0.00    2.00    44  pidstat
02:42:20       26    289640    2.00    0.00    0.00    0.00    2.00    11  pgbackrest
02:42:20       26    289666   24.00    5.00    0.00    0.00   29.00    64  pgbackrest
02:42:20       26    289667   30.00    3.00    0.00    0.00   33.00    41  pgbackrest
02:42:20       26    289668   26.00    2.00    0.00    0.00   28.00    42  pgbackrest
02:42:20       26    289669   25.00    1.00    0.00    0.00   26.00    10  pgbackrest
02:42:20       26    289670   35.00    3.00    0.00    0.00   38.00    32  pgbackrest
02:42:20       26    289671   27.00    1.00    0.00    0.00   28.00    15  pgbackrest
02:42:20       26    289672   27.00    0.00    0.00    0.00   27.00    22  pgbackrest
02:42:20       26    289673   30.00    3.00    0.00    0.00   33.00    47  pgbackrest

02:42:20      UID       PID    %usr %system  %guest   %wait    %CPU   CPU  Command
02:42:21        0     10052    0.00    1.00    0.00    0.00    1.00     4  irqbalance
02:42:21        0     10768    0.00    1.00    0.00    0.00    1.00    23  ssm-agent-worke
02:42:21        0     10779    1.00    0.00    0.00    0.00    1.00   101  kubelet
02:42:21    65532     13844    1.00    0.00    0.00    0.00    1.00   120  coredns
02:42:21        0    289479    1.00    2.00    0.00    0.00    3.00    44  pidstat
02:42:21       26    289666   38.00    4.00    0.00    0.00   42.00    64  pgbackrest
02:42:21       26    289667   36.00    2.00    0.00    0.00   38.00    41  pgbackrest
02:42:21       26    289668   32.00    3.00    0.00    0.00   35.00    42  pgbackrest
02:42:21       26    289669   28.00    7.00    0.00    0.00   35.00    10  pgbackrest
02:42:21       26    289670   30.00    1.00    0.00    0.00   31.00    32  pgbackrest
02:42:21       26    289671   34.00    5.00    0.00    0.00   39.00    15  pgbackrest
02:42:21       26    289672   41.00    2.00    0.00    0.00   43.00    22  pgbackrest
02:42:21       26    289673   28.00    5.00    0.00    0.00   33.00    47  pgbackrest

02:42:21      UID       PID    %usr %system  %guest   %wait    %CPU   CPU  Command
02:42:22        0       127    1.00    0.00    0.00    0.00    1.00    21  kworker/21:0-events
02:42:22        0     10713    1.00    0.00    0.00    0.00    1.00    70  containerd
02:42:22        0     10779    2.00    0.00    0.00    0.00    2.00   101  kubelet
02:42:22        0     35961    1.00    0.00    0.00    0.00    1.00    53  containerd-shim
02:42:22        0    289461    0.00    1.00    0.00    0.00    1.00    75  iostat
02:42:22        0    289479    1.00    2.00    0.00    0.00    3.00    44  pidstat
02:42:22       26    289640    1.00    0.00    0.00    0.00    1.00    39  pgbackrest
02:42:22       26    289666   36.00    3.00    0.00    0.00   39.00    64  pgbackrest
02:42:22       26    289667   35.00    1.00    0.00    0.00   36.00    41  pgbackrest
02:42:22       26    289668   33.00    3.00    0.00    0.00   36.00    42  pgbackrest
02:42:22       26    289669   32.00    4.00    0.00    0.00   36.00    10  pgbackrest
02:42:22       26    289670   21.00    2.00    0.00    0.00   23.00    32  pgbackrest
02:42:22       26    289671   38.00    6.00    0.00    0.00   44.00     0  pgbackrest
02:42:22       26    289672   33.00    3.00    0.00    0.00   36.00     3  pgbackrest
02:42:22       26    289673   27.00    4.00    0.00    0.00   31.00    47  pgbackrest

02:42:22      UID       PID    %usr %system  %guest   %wait    %CPU   CPU  Command
02:42:23        0     10779    1.00    0.00    0.00    0.00    1.00   101  kubelet
02:42:23    65532     13836    1.00    0.00    0.00    0.00    1.00   124  coredns
02:42:23    10001     28603    0.00    1.00    0.00    0.00    1.00   108  manager
02:42:23    65532     32181    1.00    0.00    0.00    0.00    1.00    30  cainjector
02:42:23    10001     36048    1.00    0.00    0.00    0.00    1.00    58  cnpg-i-pgbackre
02:42:23        0    289479    0.00    2.00    0.00    0.00    2.00    44  pidstat
02:42:23       26    289666   38.00    2.00    0.00    0.00   40.00    64  pgbackrest
02:42:23       26    289667   31.00    4.00    0.00    0.00   35.00    41  pgbackrest
02:42:23       26    289668   31.00    2.00    0.00    0.00   33.00    42  pgbackrest
02:42:23       26    289669   37.00    1.00    0.00    0.00   38.00    10  pgbackrest
02:42:23       26    289670   31.00    2.00    0.00    0.00   33.00    32  pgbackrest
02:42:23       26    289671   27.00    2.00    0.00    0.00   29.00    46  pgbackrest
02:42:23       26    289672   34.00    0.00    0.00    0.00   34.00     3  pgbackrest
02:42:23       26    289673   34.00    4.00    0.00    0.00   38.00    47  pgbackrest

02:42:23      UID       PID    %usr %system  %guest   %wait    %CPU   CPU  Command
02:42:24        0     10713    0.00    1.00    0.00    0.00    1.00    70  containerd
02:42:24        0     10779    2.00    0.00    0.00    0.00    2.00   101  kubelet
02:42:24        0    289479    2.00    1.00    0.00    0.00    3.00    44  pidstat
02:42:24        0    289521    1.00    0.00    0.00    0.00    1.00    71  sadc
02:42:24       26    289666   34.00    4.00    0.00    0.00   38.00    64  pgbackrest
02:42:24       26    289667   38.00    3.00    0.00    0.00   41.00    41  pgbackrest
02:42:24       26    289668   34.00    2.00    0.00    0.00   36.00    42  pgbackrest
02:42:24       26    289669   36.00    1.00    0.00    0.00   37.00    10  pgbackrest
02:42:24       26    289670   32.00    0.00    0.00    0.00   32.00    32  pgbackrest
02:42:24       26    289671   37.00    1.00    0.00    0.00   38.00    46  pgbackrest
02:42:24       26    289672   38.00    5.00    0.00    0.00   43.00     3  pgbackrest
02:42:24       26    289673   34.00    3.00    0.00    0.00   37.00    47  pgbackrest

02:42:24      UID       PID    %usr %system  %guest   %wait    %CPU   CPU  Command
02:42:25        0        18    1.00    0.00    0.00    0.00    1.00     4  rcu_preempt
02:42:25        0     10713    1.00    0.00    0.00    0.00    1.00    70  containerd
02:42:25        0     10779    1.00    0.00    0.00    0.00    1.00   101  kubelet
02:42:25    10001     33594    1.00    0.00    0.00    0.00    1.00    75  manager
02:42:25        0    289479    0.00    3.00    0.00    0.00    3.00    44  pidstat
02:42:25       26    289666   35.00    5.00    0.00    0.00   40.00    64  pgbackrest
02:42:25       26    289667   35.00    3.00    0.00    0.00   38.00    41  pgbackrest
02:42:25       26    289668   34.00    1.00    0.00    0.00   35.00    42  pgbackrest
02:42:25       26    289669   36.00    0.00    0.00    0.00   36.00    10  pgbackrest
02:42:25       26    289670   33.00    4.00    0.00    0.00   37.00    32  pgbackrest
02:42:25       26    289671   30.00    2.00    0.00    0.00   32.00     1  pgbackrest
02:42:25       26    289672   35.00    3.00    0.00    0.00   38.00     3  pgbackrest
02:42:25       26    289673   36.00    1.00    0.00    0.00   37.00    47  pgbackrest

02:42:25      UID       PID    %usr %system  %guest   %wait    %CPU   CPU  Command
02:42:26        0     10713    1.00    0.00    0.00    0.00    1.00    70  containerd
02:42:26        0     10779    1.00    0.00    0.00    0.00    1.00   101  kubelet
02:42:26        0     11086    1.00    0.00    0.00    0.00    1.00   104  kube-proxy
02:42:26     1000     17351    1.00    0.00    0.00    0.00    1.00    28  metrics-server
02:42:26        0    289479    0.00    1.00    0.00    0.00    1.00    44  pidstat
02:42:26       26    289666   35.00    2.00    0.00    0.00   37.00    64  pgbackrest
02:42:26       26    289667   35.00    4.00    0.00    0.00   39.00    41  pgbackrest
02:42:26       26    289668   31.00    2.00    0.00    0.00   33.00    42  pgbackrest
02:42:26       26    289669   38.00    4.00    0.00    0.00   42.00    10  pgbackrest
02:42:26       26    289670   36.00    4.00    0.00    0.00   40.00    32  pgbackrest
02:42:26       26    289671   29.00    3.00    0.00    0.00   32.00     1  pgbackrest
02:42:26       26    289672   31.00    5.00    0.00    0.00   36.00     3  pgbackrest
02:42:26       26    289673   35.00    2.00    0.00    0.00   37.00    47  pgbackrest

02:42:26      UID       PID    %usr %system  %guest   %wait    %CPU   CPU  Command
02:42:27        0      2232    0.00    1.00    0.00    0.00    1.00   106  kworker/106:1-events
02:42:27        0     10713    9.00    3.00    0.00    0.00   12.00    70  containerd
02:42:27        0     10779    1.00    0.00    0.00    0.00    1.00   101  kubelet
02:42:27        0     10902    0.00    1.00    0.00    0.00    1.00   117  containerd-shim
02:42:27        0    289479    0.00    3.00    0.00    0.00    3.00    44  pidstat
02:42:27       26    289666   33.00    2.00    0.00    0.00   35.00    64  pgbackrest
02:42:27       26    289667   35.00    3.00    0.00    0.00   38.00    41  pgbackrest
02:42:27       26    289668   25.00    2.00    0.00    0.00   27.00    42  pgbackrest
02:42:27       26    289669   27.00    2.00    0.00    0.00   29.00    10  pgbackrest
02:42:27       26    289670   35.00    3.00    0.00    0.00   38.00    32  pgbackrest
02:42:27       26    289671   23.00    3.00    0.00    0.00   26.00     1  pgbackrest
02:42:27       26    289672   30.00    3.00    0.00    0.00   33.00     3  pgbackrest
02:42:27       26    289673   34.00    2.00    0.00    0.00   36.00    47  pgbackrest

02:42:27      UID       PID    %usr %system  %guest   %wait    %CPU   CPU  Command
02:42:28        0     10713    1.00    0.00    0.00    0.00    1.00    70  containerd
02:42:28        0     10779   12.00    1.00    0.00    0.00   13.00   101  kubelet
02:42:28     1000     17354    1.00    0.00    0.00    0.00    1.00    62  metrics-server
02:42:28        0    289479    2.00    1.00    0.00    0.00    3.00    44  pidstat
02:42:28        0    289497    1.00    0.00    0.00    0.00    1.00    69  sar
02:42:28       26    289666   37.00    2.00    0.00    0.00   39.00    64  pgbackrest
02:42:28       26    289667   36.00    3.00    0.00    0.00   39.00    15  pgbackrest
02:42:28       26    289668   33.00    1.00    0.00    0.00   34.00    42  pgbackrest
02:42:28       26    289669   37.00    4.00    0.00    0.00   41.00    10  pgbackrest
02:42:28       26    289670   36.00    4.00    0.00    0.00   40.00    32  pgbackrest
02:42:28       26    289671   27.00    0.00    0.00    0.00   27.00     1  pgbackrest
02:42:28       26    289672   41.00    1.00    0.00    0.00   42.00     3  pgbackrest
02:42:28       26    289673   33.00    4.00    0.00    0.00   37.00    47  pgbackrest

02:42:28      UID       PID    %usr %system  %guest   %wait    %CPU   CPU  Command
02:42:29        0     10713    1.00    0.00    0.00    0.00    1.00    70  containerd
02:42:29        0     10779    0.00    1.00    0.00    0.00    1.00   101  kubelet
02:42:29       26    281496    0.00    1.00    0.00    0.00    1.00    41  manager
02:42:29        0    289479    1.00    2.00    0.00    0.00    3.00    44  pidstat
02:42:29       26    289666   32.00    6.00    0.00    0.00   38.00     0  pgbackrest
02:42:29       26    289667   34.00    4.00    0.00    0.00   38.00    15  pgbackrest
02:42:29       26    289668   36.00    1.00    0.00    0.00   37.00    42  pgbackrest
02:42:29       26    289669   33.00    2.00    0.00    0.00   35.00    10  pgbackrest
02:42:29       26    289670   43.00    3.00    0.00    0.00   46.00    32  pgbackrest
02:42:29       26    289671   31.00    3.00    0.00    0.00   34.00     1  pgbackrest
02:42:29       26    289672   37.00    1.00    0.00    0.00   38.00     3  pgbackrest
02:42:29       26    289673   29.00    4.00    0.00    0.00   33.00    47  pgbackrest

02:42:29      UID       PID    %usr %system  %guest   %wait    %CPU   CPU  Command
02:42:30        0     10779    0.00    1.00    0.00    0.00    1.00   101  kubelet
02:42:30    65532     13844    0.00    1.00    0.00    0.00    1.00   120  coredns
02:42:30        0    289479    3.00    0.00    0.00    0.00    3.00    44  pidstat
02:42:30       26    289666   39.00    1.00    0.00    0.00   40.00     0  pgbackrest
02:42:30       26    289667   29.00    2.00    0.00    0.00   31.00    15  pgbackrest
02:42:30       26    289668   30.00    1.00    0.00    0.00   31.00    42  pgbackrest
02:42:30       26    289669   36.00    3.00    0.00    0.00   39.00    10  pgbackrest
02:42:30       26    289670   32.00    3.00    0.00    0.00   35.00    32  pgbackrest
02:42:30       26    289671   28.00    2.00    0.00    0.00   30.00     1  pgbackrest
02:42:30       26    289672   32.00    3.00    0.00    0.00   35.00     3  pgbackrest
02:42:30       26    289673   39.00    3.00    0.00    0.00   42.00    47  pgbackrest

02:42:30      UID       PID    %usr %system  %guest   %wait    %CPU   CPU  Command
02:42:31        0     10052    0.00    1.00    0.00    0.00    1.00     4  irqbalance
02:42:31        0     10779    1.00    0.00    0.00    0.00    1.00   101  kubelet
02:42:31    65532     13844    1.00    0.00    0.00    0.00    1.00   120  coredns
02:42:31     1000     17351    1.00    0.00    0.00    0.00    1.00    28  metrics-server
02:42:31        0    274106    0.00    1.00    0.00    0.00    1.00     7  kworker/u513:8-kvfree_rcu_reclaim
02:42:31        0    289479    0.00    1.00    0.00    0.00    1.00    44  pidstat
02:42:31       26    289666   26.00    3.00    0.00    0.00   29.00     0  pgbackrest
02:42:31       26    289667   29.00    2.00    0.00    0.00   31.00    15  pgbackrest
02:42:31       26    289668   28.00    3.00    0.00    0.00   31.00    42  pgbackrest
02:42:31       26    289669   17.00    2.00    0.00    0.00   19.00    10  pgbackrest
02:42:31       26    289670   33.00    2.00    0.00    0.00   35.00    32  pgbackrest
02:42:31       26    289671   36.00    1.00    0.00    0.00   37.00     1  pgbackrest
02:42:31       26    289672   26.00    1.00    0.00    0.00   27.00     3  pgbackrest
02:42:31       26    289673   37.00    2.00    0.00    0.00   39.00    47  pgbackrest

02:42:31      UID       PID    %usr %system  %guest   %wait    %CPU   CPU  Command
02:42:32        0     10713    1.00    0.00    0.00    0.00    1.00    70  containerd
02:42:32        0     10779    1.00    0.00    0.00    0.00    1.00   101  kubelet
02:42:32    65532     13836    1.00    0.00    0.00    0.00    1.00   124  coredns
02:42:32        0    289364    1.00    0.00    0.00    0.00    1.00    38  containerd-shim
02:42:32        0    289479    2.00    1.00    0.00    0.00    3.00    44  pidstat
02:42:32       26    289640    1.00    0.00    0.00    0.00    1.00    39  pgbackrest
02:42:32       26    289666   74.00    3.00    0.00    0.00   77.00     0  pgbackrest
02:42:32       26    289667   67.00    8.00    0.00    0.00   75.00     7  pgbackrest
02:42:32       26    289668   27.00    2.00    0.00    0.00   29.00    42  pgbackrest
02:42:32       26    289669   86.00    9.00    0.00    0.00   95.00    10  pgbackrest
02:42:32       26    289670   36.00    3.00    0.00    0.00   39.00    32  pgbackrest
02:42:32       26    289671   30.00    2.00    0.00    0.00   32.00     1  pgbackrest
02:42:32       26    289672   36.00    0.00    0.00    0.00   36.00     3  pgbackrest
02:42:32       26    289673   39.00    0.00    0.00    0.00   39.00    47  pgbackrest

02:42:32      UID       PID    %usr %system  %guest   %wait    %CPU   CPU  Command
02:42:33        0     10779    1.00    0.00    0.00    0.00    1.00   101  kubelet
02:42:33    10001     33594    1.00    0.00    0.00    0.00    1.00    75  manager
02:42:33        0    289461    0.00    1.00    0.00    0.00    1.00    75  iostat
02:42:33        0    289479    2.00    1.00    0.00    0.00    3.00    44  pidstat
02:42:33       26    289666   88.00   10.00    0.00    0.00   98.00    64  pgbackrest
02:42:33       26    289667   85.00   13.00    0.00    0.00   98.00     7  pgbackrest
02:42:33       26    289668   74.00    8.00    0.00    0.00   82.00    42  pgbackrest
02:42:33       26    289669   82.00    9.00    0.00    0.00   91.00    10  pgbackrest
02:42:33       26    289670   21.00    2.00    0.00    0.00   23.00    32  pgbackrest
02:42:33       26    289671   45.00    6.00    0.00    0.00   51.00    40  pgbackrest
02:42:33       26    289672   34.00    5.00    0.00    0.00   39.00     3  pgbackrest
02:42:33       26    289673   53.00    2.00    0.00    0.00   55.00    47  pgbackrest

02:42:33      UID       PID    %usr %system  %guest   %wait    %CPU   CPU  Command
02:42:34        0     10713    0.00    1.00    0.00    0.00    1.00    70  containerd
02:42:34        0     10779    3.00    1.00    0.00    0.00    4.00   101  kubelet
02:42:34        0     17233    1.00    0.00    0.00    0.00    1.00    67  containerd-shim
02:42:34        0     18591    0.00    1.00    0.00    0.00    1.00    75  containerd-shim
02:42:34        0     18810    1.00    0.00    0.00    0.00    1.00    63  xfsaild/nvme1n1
02:42:34    10001     28603    1.00    0.00    0.00    0.00    1.00   108  manager
02:42:34        0    289479    1.00    2.00    0.00    0.00    3.00    44  pidstat
02:42:34       26    289640    1.00    0.00    0.00    0.00    1.00    11  pgbackrest
02:42:34       26    289666   58.00    5.00    0.00    0.00   63.00     1  pgbackrest
02:42:34       26    289667   55.00    6.00    0.00    0.00   61.00     7  pgbackrest
02:42:34       26    289668   79.00    7.00    0.00    0.00   86.00    42  pgbackrest
02:42:34       26    289669   64.00    4.00    0.00    0.00   68.00    10  pgbackrest
02:42:34       26    289670   78.00    7.00    0.00    0.00   85.00    32  pgbackrest
02:42:34       26    289671   66.00    8.00    0.00    0.00   74.00    64  pgbackrest
02:42:34       26    289672   33.00    3.00    0.00    0.00   36.00     3  pgbackrest
02:42:34       26    289673   93.00    4.00    0.00    0.00   97.00    47  pgbackrest

02:42:34      UID       PID    %usr %system  %guest   %wait    %CPU   CPU  Command
02:42:35        0     10779    1.00    0.00    0.00    0.00    1.00   101  kubelet
02:42:35     1000     17354    1.00    0.00    0.00    0.00    1.00    62  metrics-server
02:42:35        0    289479    1.00    1.00    0.00    0.00    2.00    44  pidstat
02:42:35       26    289666   89.00   10.00    0.00    0.00   99.00     1  pgbackrest
02:42:35       26    289667   91.00    7.00    0.00    0.00   98.00     7  pgbackrest
02:42:35       26    289668   50.00    4.00    0.00    0.00   54.00    42  pgbackrest
02:42:35       26    289669   81.00    5.00    0.00    0.00   86.00    10  pgbackrest
02:42:35       26    289670   86.00    9.00    0.00    0.00   95.00    32  pgbackrest
02:42:35       26    289671   67.00    5.00    0.00    0.00   72.00    64  pgbackrest
02:42:35       26    289672   40.00    4.00    0.00    0.00   44.00     3  pgbackrest
02:42:35       26    289673   61.00    4.00    0.00    0.00   65.00    47  pgbackrest

02:42:35      UID       PID    %usr %system  %guest   %wait    %CPU   CPU  Command
02:42:36        0     10713    2.00    0.00    0.00    0.00    2.00    70  containerd
02:42:36    10001     33594    1.00    0.00    0.00    0.00    1.00    75  manager
02:42:36        0    289479    0.00    3.00    0.00    0.00    3.00    44  pidstat
02:42:36       26    289666   66.00    5.00    0.00    0.00   71.00     1  pgbackrest
02:42:36       26    289667   73.00    6.00    0.00    0.00   79.00     7  pgbackrest
02:42:36       26    289668   80.00    9.00    0.00    0.00   89.00    42  pgbackrest
02:42:36       26    289669   61.00    5.00    0.00    0.00   66.00    10  pgbackrest
02:42:36       26    289670   61.00    1.00    0.00    0.00   62.00    32  pgbackrest
02:42:36       26    289671   36.00    1.00    0.00    0.00   37.00    64  pgbackrest
02:42:36       26    289672   34.00    4.00    0.00    0.00   38.00     3  pgbackrest
02:42:36       26    289673   95.00    1.00    0.00    0.00   96.00    47  pgbackrest

02:42:36      UID       PID    %usr %system  %guest   %wait    %CPU   CPU  Command
02:42:37        0     10713    1.00    0.00    0.00    0.00    1.00    70  containerd
02:42:37        0     10779    8.00    4.00    0.00    0.00   12.00   101  kubelet
02:42:37        0     10902    0.00    1.00    0.00    0.00    1.00   117  containerd-shim
02:42:37        0     13727    0.00    1.00    0.00    0.00    1.00    63  containerd-shim
02:42:37        0     17172    1.00    0.00    0.00    0.00    1.00    75  containerd-shim
02:42:37        0     30973    0.00    1.00    0.00    0.00    1.00    85  containerd-shim
02:42:37    65532     34841    1.00    0.00    0.00    0.00    1.00    62  manager
02:42:37        0    281255    0.00    1.00    0.00    0.00    1.00    62  containerd-shim
02:42:37        0    289479    0.00    2.00    0.00    0.00    2.00    44  pidstat
02:42:37       26    289640    1.00    0.00    0.00    0.00    1.00    11  pgbackrest
02:42:37       26    289666   72.00    6.00    0.00    0.00   78.00     1  pgbackrest
02:42:37       26    289667   73.00    9.00    0.00    0.00   82.00     7  pgbackrest
02:42:37       26    289668   84.00    6.00    0.00    0.00   90.00    42  pgbackrest
02:42:37       26    289669   84.00   10.00    0.00    0.00   94.00    10  pgbackrest
02:42:37       26    289670   87.00   11.00    0.00    0.00   98.00    32  pgbackrest
02:42:37       26    289671   74.00    7.00    0.00    0.00   81.00    64  pgbackrest
02:42:37       26    289672   30.00    2.00    0.00    0.00   32.00     3  pgbackrest
02:42:37       26    289673   90.00    2.00    0.00    0.00   92.00    47  pgbackrest

02:42:37      UID       PID    %usr %system  %guest   %wait    %CPU   CPU  Command
02:42:38        0     10713    1.00    0.00    0.00    0.00    1.00    70  containerd
02:42:38        0     10779    2.00    0.00    0.00    0.00    2.00   101  kubelet
02:42:38     1000     17351    1.00    0.00    0.00    0.00    1.00    28  metrics-server
02:42:38        0    289479    0.00    3.00    0.00    0.00    3.00    44  pidstat
02:42:38       26    289666   86.00   10.00    0.00    0.00   96.00     1  pgbackrest
02:42:38       26    289667   89.00    8.00    0.00    0.00   97.00    79  pgbackrest
02:42:38       26    289668   48.00    4.00    0.00    0.00   52.00   106  pgbackrest
02:42:38       26    289669   82.00   11.00    0.00    0.00   93.00    10  pgbackrest
02:42:38       26    289670   64.00    2.00    0.00    0.00   66.00    32  pgbackrest
02:42:38       26    289671   88.00    8.00    0.00    0.00   96.00    64  pgbackrest
02:42:38       26    289672   40.00    4.00    0.00    0.00   44.00   110  pgbackrest
02:42:38       26    289673   73.00    2.00    0.00    0.00   75.00    47  pgbackrest

02:42:38      UID       PID    %usr %system  %guest   %wait    %CPU   CPU  Command
02:42:39        0       731    1.00    0.00    0.00    0.00    1.00    62  kworker/62:1-events
02:42:39        0      2164    0.00    1.00    0.00    0.00    1.00   116  kworker/116:1-mm_percpu_wq
02:42:39        0     10713    1.00    1.00    0.00    0.00    2.00    70  containerd
02:42:39        0     10779    1.00    0.00    0.00    0.00    1.00   101  kubelet
02:42:39    65532     13844    1.00    0.00    0.00    0.00    1.00   120  coredns
02:42:39    10001     28603    0.00    1.00    0.00    0.00    1.00   108  manager
02:42:39        0    289479    1.00    1.00    0.00    0.00    2.00    44  pidstat
02:42:39        0    289521    1.00    0.00    0.00    0.00    1.00    71  sadc
02:42:39       26    289640    1.00    0.00    0.00    0.00    1.00    11  pgbackrest
02:42:39       26    289666   53.00    3.00    0.00    0.00   56.00     1  pgbackrest
02:42:39       26    289667   58.00    5.00    0.00    0.00   63.00    79  pgbackrest
02:42:39       26    289668   87.00    5.00    0.00    0.00   92.00    11  pgbackrest
02:42:39       26    289669   58.00    6.00    0.00    0.00   64.00    10  pgbackrest
02:42:39       26    289670   80.00    4.00    0.00    0.00   84.00    32  pgbackrest
02:42:39       26    289671   56.00    6.00    0.00    0.00   62.00    64  pgbackrest
02:42:39       26    289672   41.00    0.00    0.00    0.00   41.00   107  pgbackrest
02:42:39       26    289673   90.00    4.00    0.00    0.00   94.00    47  pgbackrest

02:42:39      UID       PID    %usr %system  %guest   %wait    %CPU   CPU  Command
02:42:40        0     10779    1.00    1.00    0.00    0.00    2.00   101  kubelet
02:42:40        0     10903    0.00    1.00    0.00    0.00    1.00    56  containerd-shim
02:42:40       26    281496    0.00    1.00    0.00    0.00    1.00    41  manager
02:42:40        0    289479    0.00    3.00    0.00    0.00    3.00    44  pidstat
02:42:40       26    289640    1.00    0.00    0.00    0.00    1.00    39  pgbackrest
02:42:40       26    289666   93.00    6.00    0.00    0.00   99.00     1  pgbackrest
02:42:40       26    289667   81.00   13.00    0.00    0.00   94.00    79  pgbackrest
02:42:40       26    289668   50.00    8.00    0.00    0.00   58.00    11  pgbackrest
02:42:40       26    289669   87.00    6.00    0.00    0.00   93.00    10  pgbackrest
02:42:40       26    289670   71.00    6.00    0.00    0.00   77.00    32  pgbackrest
02:42:40       26    289671   63.00    9.00    0.00    0.00   72.00    64  pgbackrest
02:42:40       26    289672   35.00    2.00    0.00    0.00   37.00    43  pgbackrest
02:42:40       26    289673   55.00    4.00    0.00    0.00   59.00    47  pgbackrest

02:42:40      UID       PID    %usr %system  %guest   %wait    %CPU   CPU  Command
02:42:41        0      2193    1.00    0.00    0.00    0.00    1.00    38  kworker/38:1-mm_percpu_wq
02:42:41        0     10779    1.00    0.00    0.00    0.00    1.00   101  kubelet
02:42:41    65532     13836    0.00    1.00    0.00    0.00    1.00   124  coredns
02:42:41     1000     17354    1.00    0.00    0.00    0.00    1.00    62  metrics-server
02:42:41        0    289479    1.00    1.00    0.00    0.00    2.00    44  pidstat
02:42:41       26    289666   69.00   11.00    0.00    0.00   80.00     1  pgbackrest
02:42:41       26    289667   73.00    2.00    0.00    0.00   75.00    32  pgbackrest
02:42:41       26    289668   23.00    2.00    0.00    0.00   25.00    11  pgbackrest
02:42:41       26    289669   57.00    8.00    0.00    0.00   65.00    10  pgbackrest
02:42:41       26    289670   67.00    5.00    0.00    0.00   72.00    88  pgbackrest
02:42:41       26    289671   65.00    7.00    0.00    0.00   72.00    64  pgbackrest
02:42:41       26    289672   36.00    2.00    0.00    0.00   38.00    43  pgbackrest
02:42:41       26    289673   91.00    8.00    0.00    0.00   99.00    47  pgbackrest

02:42:41      UID       PID    %usr %system  %guest   %wait    %CPU   CPU  Command
02:42:42        0     10713    1.00    0.00    0.00    0.00    1.00    70  containerd
02:42:42        0    289479    1.00    2.00    0.00    0.00    3.00    44  pidstat
02:42:42       26    289640    2.00    0.00    0.00    0.00    2.00   108  pgbackrest
02:42:42       26    289666   68.00    8.00    0.00    0.00   76.00     1  pgbackrest
02:42:42       26    289667   68.00    7.00    0.00    0.00   75.00    13  pgbackrest
02:42:42       26    289668   74.00    9.00    0.00    0.00   83.00    32  pgbackrest
02:42:42       26    289669   84.00    9.00    0.00    0.00   93.00    74  pgbackrest
02:42:42       26    289670   90.00    9.00    0.00    0.00   99.00    88  pgbackrest
02:42:42       26    289671   78.00    7.00    0.00    0.00   85.00    64  pgbackrest
02:42:42       26    289672   50.00    3.00    0.00    0.00   53.00   107  pgbackrest
02:42:42       26    289673   64.00    6.00    0.00    0.00   70.00    47  pgbackrest

02:42:42      UID       PID    %usr %system  %guest   %wait    %CPU   CPU  Command
02:42:43        0      2240    1.00    0.00    0.00    0.00    1.00    71  kworker/71:1-mm_percpu_wq
02:42:43        0     10779    1.00    0.00    0.00    0.00    1.00   101  kubelet
02:42:43        0     28552    0.00    1.00    0.00    0.00    1.00   110  containerd-shim
02:42:43        0    289461    0.00    1.00    0.00    0.00    1.00    75  iostat
02:42:43        0    289479    2.00    1.00    0.00    0.00    3.00    44  pidstat
02:42:43       26    289666   95.00    4.00    0.00    0.00   99.00     1  pgbackrest
02:42:43       26    289667   89.00    7.00    0.00    0.00   96.00    13  pgbackrest
02:42:43       26    289668   66.00    3.00    0.00    0.00   69.00    32  pgbackrest
02:42:43       26    289669   84.00   10.00    0.00    0.00   94.00    74  pgbackrest
02:42:43       26    289670   74.00    7.00    0.00    0.00   81.00   116  pgbackrest
02:42:43       26    289671   83.00    7.00    0.00    0.00   90.00    64  pgbackrest
02:42:43       26    289672   89.00   10.00    0.00    0.00   99.00   107  pgbackrest
02:42:43       26    289673   83.00    6.00    0.00    0.00   89.00    47  pgbackrest

02:42:43      UID       PID    %usr %system  %guest   %wait    %CPU   CPU  Command
02:42:44        0     10713    1.00    0.00    0.00    0.00    1.00    70  containerd
02:42:44        0     10779    1.00    1.00    0.00    0.00    2.00   101  kubelet
02:42:44        0     20013    1.00    0.00    0.00    0.00    1.00    61  containerd-shim
02:42:44        0    289364    1.00    1.00    0.00    0.00    2.00    38  containerd-shim
02:42:44        0    289479    0.00    3.00    0.00    0.00    3.00    44  pidstat
02:42:44       26    289666   56.00    5.00    0.00    0.00   61.00     1  pgbackrest
02:42:44       26    289667   46.00    5.00    0.00    0.00   51.00    13  pgbackrest
02:42:44       26    289668   32.00    1.00    0.00    0.00   33.00    32  pgbackrest
02:42:44       26    289669   51.00    4.00    0.00    0.00   55.00     6  pgbackrest
02:42:44       26    289670   77.00    7.00    0.00    0.00   84.00   116  pgbackrest
02:42:44       26    289671   48.00    8.00    0.00    0.00   56.00    64  pgbackrest
02:42:44       26    289672   59.00    3.00    0.00    0.00   62.00   107  pgbackrest
02:42:44       26    289673   90.00   10.00    0.00    0.00  100.00    47  pgbackrest

02:42:44      UID       PID    %usr %system  %guest   %wait    %CPU   CPU  Command
02:42:45        0     10779    1.00    0.00    0.00    0.00    1.00   101  kubelet
02:42:45     1000     17351    1.00    0.00    0.00    0.00    1.00    28  metrics-server
02:42:45        0    289479    1.00    1.00    0.00    0.00    2.00    44  pidstat
02:42:45        0    289515    1.00    0.00    0.00    0.00    1.00    76  vmstat
02:42:45       26    289640    1.00    0.00    0.00    0.00    1.00   108  pgbackrest
02:42:45       26    289666   86.00    7.00    0.00    0.00   93.00     1  pgbackrest
02:42:45       26    289667   88.00    7.00    0.00    0.00   95.00    13  pgbackrest
02:42:45       26    289668   59.00    1.00    0.00    0.00   60.00    32  pgbackrest
02:42:45       26    289669   87.00    6.00    0.00    0.00   93.00   117  pgbackrest
02:42:45       26    289670   93.00    5.00    0.00    0.00   98.00   116  pgbackrest
02:42:45       26    289671   90.00    7.00    0.00    0.00   97.00    64  pgbackrest
02:42:45       26    289672   75.00    8.00    0.00    0.00   83.00   107  pgbackrest
02:42:45       26    289673   55.00    3.00    0.00    0.00   58.00    47  pgbackrest

02:42:45      UID       PID    %usr %system  %guest   %wait    %CPU   CPU  Command
02:42:46        0     10713    2.00    0.00    0.00    0.00    2.00    70  containerd
02:42:46        0     10779    1.00    1.00    0.00    0.00    2.00   101  kubelet
02:42:46     1000     17354    1.00    0.00    0.00    0.00    1.00    62  metrics-server
02:42:46        0    289479    0.00    2.00    0.00    0.00    2.00    44  pidstat
02:42:46       26    289666   77.00    4.00    0.00    0.00   81.00     1  pgbackrest
02:42:46       26    289667   83.00   10.00    0.00    0.00   93.00    13  pgbackrest
02:42:46       26    289668   87.00    6.00    0.00    0.00   93.00    32  pgbackrest
02:42:46       26    289669   75.00    2.00    0.00    0.00   77.00   117  pgbackrest
02:42:46       26    289670   59.00    6.00    0.00    0.00   65.00    52  pgbackrest
02:42:46       26    289671   84.00    1.00    0.00    0.00   85.00    64  pgbackrest
02:42:46       26    289672   84.00    7.00    0.00    0.00   91.00   107  pgbackrest
02:42:46       26    289673   94.00    4.00    0.00    0.00   98.00    47  pgbackrest

02:42:46      UID       PID    %usr %system  %guest   %wait    %CPU   CPU  Command
02:42:47        0     10713   10.00    3.00    0.00    0.00   13.00    70  containerd
02:42:47        0     10779    1.00    0.00    0.00    0.00    1.00   101  kubelet
02:42:47        0     10902    0.00    1.00    0.00    0.00    1.00    91  containerd-shim
02:42:47        0     11371    2.00    1.00    0.00    0.00    3.00    87  aws-k8s-agent
02:42:47    65532     13836    1.00    0.00    0.00    0.00    1.00   124  coredns
02:42:47        0    289479    1.00    2.00    0.00    0.00    3.00    44  pidstat
02:42:47       26    289640    2.00    0.00    0.00    0.00    2.00   108  pgbackrest
02:42:47       26    289666   69.00    7.00    0.00    0.00   76.00     1  pgbackrest
02:42:47       26    289667   55.00    0.00    0.00    0.00   55.00    13  pgbackrest
02:42:47       26    289668   48.00    2.00    0.00    0.00   50.00    32  pgbackrest
02:42:47       26    289669   71.00    4.00    0.00    0.00   75.00   117  pgbackrest
02:42:47       26    289670   93.00    7.00    0.00    0.00  100.00    52  pgbackrest
02:42:47       26    289671   64.00   10.00    0.00    0.00   74.00    64  pgbackrest
02:42:47       26    289672   67.00    2.00    0.00    0.00   69.00   107  pgbackrest
02:42:47       26    289673   67.00    0.00    0.00    0.00   67.00   111  pgbackrest

02:42:47      UID       PID    %usr %system  %guest   %wait    %CPU   CPU  Command
02:42:48        0     10592    1.00    0.00    0.00    0.00    1.00    84  amazon-ssm-agen
02:42:48        0     10713    1.00    0.00    0.00    0.00    1.00    70  containerd
02:42:48        0     10779    2.00    0.00    0.00    0.00    2.00   101  kubelet
02:42:48    65532     32267    1.00    0.00    0.00    0.00    1.00   127  controller
02:42:48        0    289479    2.00    1.00    0.00    0.00    3.00    44  pidstat
02:42:48       26    289666   88.00   11.00    0.00    0.00   99.00     1  pgbackrest
02:42:48       26    289667   81.00   10.00    0.00    0.00   91.00    13  pgbackrest
02:42:48       26    289668   76.00    5.00    0.00    0.00   81.00    32  pgbackrest
02:42:48       26    289669   88.00    7.00    0.00    0.00   95.00   117  pgbackrest
02:42:48       26    289670   56.00   13.00    0.00    0.00   69.00    52  pgbackrest
02:42:48       26    289671   88.00    8.00    0.00    0.00   96.00    64  pgbackrest
02:42:48       26    289672   78.00    8.00    0.00    0.00   86.00   107  pgbackrest
02:42:48       26    289673   94.00    3.00    0.00    0.00   97.00   111  pgbackrest

02:42:48      UID       PID    %usr %system  %guest   %wait    %CPU   CPU  Command
02:42:49        0     10779    0.00   13.00    0.00    0.00   13.00   101  kubelet
02:42:49    65532     32340    1.00    0.00    0.00    0.00    1.00     4  webhook
02:42:49    10001     36048    1.00    0.00    0.00    0.00    1.00    58  cnpg-i-pgbackre
02:42:49       26    281496    1.00    0.00    0.00    0.00    1.00    41  manager
02:42:49        0    289479    2.00    1.00    0.00    0.00    3.00    44  pidstat
02:42:49       26    289640    1.00    0.00    0.00    0.00    1.00   108  pgbackrest
02:42:49       26    289666   50.00    5.00    0.00    0.00   55.00    39  pgbackrest
02:42:49       26    289667   55.00    4.00    0.00    0.00   59.00    13  pgbackrest
02:42:49       26    289668   73.00    7.00    0.00    0.00   80.00    32  pgbackrest
02:42:49       26    289669   54.00    3.00    0.00    0.00   57.00   122  pgbackrest
02:42:49       26    289670   86.00   10.00    0.00    0.00   96.00    52  pgbackrest
02:42:49       26    289671   59.00    6.00    0.00    0.00   65.00    64  pgbackrest
02:42:49       26    289672   72.00    3.00    0.00    0.00   75.00   107  pgbackrest
02:42:49       26    289673   78.00   10.00    0.00    0.00   88.00   111  pgbackrest

02:42:49      UID       PID    %usr %system  %guest   %wait    %CPU   CPU  Command
02:42:50        0     10713    1.00    0.00    0.00    0.00    1.00    70  containerd
02:42:50        0     10779    0.00    1.00    0.00    0.00    1.00   101  kubelet
02:42:50    10001     28603    0.00    1.00    0.00    0.00    1.00   108  manager
02:42:50    65532     34841    1.00    0.00    0.00    0.00    1.00    62  manager
02:42:50        0    289479    1.00    1.00    0.00    0.00    2.00    44  pidstat
02:42:50       26    289640    1.00    0.00    0.00    0.00    1.00   108  pgbackrest
02:42:50       26    289666   87.00    7.00    0.00    0.00   94.00    39  pgbackrest
02:42:50       26    289667   81.00   10.00    0.00    0.00   91.00    13  pgbackrest
02:42:50       26    289668   52.00    2.00    0.00    0.00   54.00    32  pgbackrest
02:42:50       26    289669   84.00    5.00    0.00    0.00   89.00   122  pgbackrest
02:42:50       26    289670   91.00    8.00    0.00    0.00   99.00   116  pgbackrest
02:42:50       26    289671   90.00    8.00    0.00    0.00   98.00    64  pgbackrest
02:42:50       26    289672   89.00    5.00    0.00    0.00   94.00   107  pgbackrest
02:42:50       26    289673   64.00    4.00    0.00    0.00   68.00   111  pgbackrest

02:42:50      UID       PID    %usr %system  %guest   %wait    %CPU   CPU  Command
02:42:51        0     10052    0.00    1.00    0.00    0.00    1.00     4  irqbalance
02:42:51        0     10779    0.00    1.00    0.00    0.00    1.00   101  kubelet
02:42:51    65532     13844    1.00    0.00    0.00    0.00    1.00   120  coredns
02:42:51        0    289479    0.00    3.00    0.00    0.00    3.00    44  pidstat
02:42:51       26    289666   79.00    4.00    0.00    0.00   83.00    39  pgbackrest
02:42:51       26    289667   89.00    6.00    0.00    0.00   95.00    13  pgbackrest
02:42:51       26    289668   68.00   11.00    0.00    0.00   79.00    32  pgbackrest
02:42:51       26    289669   81.00    9.00    0.00    0.00   90.00     1  pgbackrest
02:42:51       26    289670   61.00    1.00    0.00    0.00   62.00   116  pgbackrest
02:42:51       26    289671   69.00    7.00    0.00    0.00   76.00    64  pgbackrest
02:42:51       26    289672   92.00    5.00    0.00    0.00   97.00   107  pgbackrest
02:42:51       26    289673   89.00    5.00    0.00    0.00   94.00   111  pgbackrest

02:42:51      UID       PID    %usr %system  %guest   %wait    %CPU   CPU  Command
02:42:52        0     10713    1.00    1.00    0.00    0.00    2.00    70  containerd
02:42:52        0     10779    0.00    3.00    0.00    0.00    3.00   101  kubelet
02:42:52        0     13730    1.00    0.00    0.00    0.00    1.00    14  containerd-shim
02:42:52     1000     17354    1.00    0.00    0.00    0.00    1.00    62  metrics-server
02:42:52        0     29831    1.00    0.00    0.00    0.00    1.00   127  containerd-shim
02:42:52        0     32124    1.00    0.00    0.00    0.00    1.00    36  containerd-shim
02:42:52        0     33538    0.00    1.00    0.00    0.00    1.00     5  containerd-shim
02:42:52        0     34734    0.00    1.00    0.00    0.00    1.00    73  containerd-shim
02:42:52        0    289479    1.00    2.00    0.00    0.00    3.00    44  pidstat
02:42:52       26    289640    1.00    0.00    0.00    0.00    1.00    12  pgbackrest
02:42:52       26    289666   79.00    8.00    0.00    0.00   87.00     1  pgbackrest
02:42:52       26    289667   60.00    4.00    0.00    0.00   64.00    13  pgbackrest
02:42:52       26    289668   72.00    6.00    0.00    0.00   78.00    32  pgbackrest
02:42:52       26    289669   58.00    2.00    0.00    0.00   60.00   117  pgbackrest
02:42:52       26    289670   85.00   14.00    0.00    0.00   99.00   116  pgbackrest
02:42:52       26    289671   71.00    6.00    0.00    0.00   77.00    64  pgbackrest
02:42:52       26    289672   56.00    8.00    0.00    0.00   64.00   107  pgbackrest
02:42:52       26    289673   43.00    5.00    0.00    0.00   48.00   111  pgbackrest

02:42:52      UID       PID    %usr %system  %guest   %wait    %CPU   CPU  Command
02:42:53        0      5887    0.00    1.00    0.00    0.00    1.00    34  xfsaild/nvme0n1p1
02:42:53        0     10779    0.00    1.00    0.00    0.00    1.00   101  kubelet
02:42:53    10001     33594    1.00    0.00    0.00    0.00    1.00    75  manager
02:42:53    10001     36048    1.00    0.00    0.00    0.00    1.00    58  cnpg-i-pgbackre
02:42:53        0    289479    1.00    0.00    0.00    0.00    1.00    44  pidstat
02:42:53       26    289666   85.00    6.00    0.00    0.00   91.00     5  pgbackrest
02:42:53       26    289667   78.00    8.00    0.00    0.00   86.00    13  pgbackrest
02:42:53       26    289668   43.00    5.00    0.00    0.00   48.00    32  pgbackrest
02:42:53       26    289669   82.00    9.00    0.00    0.00   91.00   117  pgbackrest
02:42:53       26    289670   52.00   11.00    0.00    0.00   63.00   116  pgbackrest
02:42:53       26    289671   84.00    8.00    0.00    0.00   92.00    64  pgbackrest
02:42:53       26    289672   87.00    5.00    0.00    0.00   92.00   107  pgbackrest
02:42:53       26    289673   50.00    5.00    0.00    0.00   55.00   111  pgbackrest

02:42:53      UID       PID    %usr %system  %guest   %wait    %CPU   CPU  Command
02:42:54        0     10779    0.00    2.00    0.00    0.00    2.00   101  kubelet
02:42:54        0     10902    0.00    1.00    0.00    0.00    1.00    91  containerd-shim
02:42:54        0     13727    1.00    0.00    0.00    0.00    1.00    63  containerd-shim
02:42:54        0    289479    0.00    3.00    0.00    0.00    3.00    44  pidstat
02:42:54       26    289640    1.00    0.00    0.00    0.00    1.00    12  pgbackrest
02:42:54       26    289666   48.00    1.00    0.00    0.00   49.00     5  pgbackrest
02:42:54       26    289667   71.00    1.00    0.00    0.00   72.00    13  pgbackrest
02:42:54       26    289668   77.00    4.00    0.00    0.00   81.00    32  pgbackrest
02:42:54       26    289669   55.00    8.00    0.00    0.00   63.00     0  pgbackrest
02:42:54       26    289670   87.00    9.00    0.00    0.00   96.00   116  pgbackrest
02:42:54       26    289671   47.00    5.00    0.00    0.00   52.00    64  pgbackrest
02:42:54       26    289672   50.00    4.00    0.00    0.00   54.00   107  pgbackrest
02:42:54       26    289673   84.00    7.00    0.00    0.00   91.00   111  pgbackrest

02:42:54      UID       PID    %usr %system  %guest   %wait    %CPU   CPU  Command
02:42:55        0     10713    1.00    0.00    0.00    0.00    1.00    70  containerd
02:42:55        0     10779    0.00    1.00    0.00    0.00    1.00   101  kubelet
02:42:55     1000     17351    1.00    0.00    0.00    0.00    1.00    28  metrics-server
02:42:55        0    278240    1.00    0.00    0.00    0.00    1.00    28  kworker/u513:33-events_unbound
02:42:55        0    289461    0.00    1.00    0.00    0.00    1.00    75  iostat
02:42:55        0    289479    1.00    2.00    0.00    0.00    3.00    44  pidstat
02:42:55       26    289640    1.00    0.00    0.00    0.00    1.00   108  pgbackrest
02:42:55       26    289666   85.00    9.00    0.00    0.00   94.00     5  pgbackrest
02:42:55       26    289667   81.00    8.00    0.00    0.00   89.00    77  pgbackrest
02:42:55       26    289668   69.00    5.00    0.00    0.00   74.00    32  pgbackrest
02:42:55       26    289669   69.00    8.00    0.00    0.00   77.00    86  pgbackrest
02:42:55       26    289670   78.00    9.00    0.00    0.00   87.00   116  pgbackrest
02:42:55       26    289671   82.00    5.00    0.00    0.00   87.00    64  pgbackrest
02:42:55       26    289672   78.00    7.00    0.00    0.00   85.00   107  pgbackrest
02:42:55       26    289673   63.00    8.00    0.00    0.00   71.00   111  pgbackrest

02:42:55      UID       PID    %usr %system  %guest   %wait    %CPU   CPU  Command
02:42:56        0      2230    0.00    1.00    0.00    0.00    1.00    78  kworker/78:1-events
02:42:56        0     10713    1.00    0.00    0.00    0.00    1.00    70  containerd
02:42:56        0     10779    0.00    1.00    0.00    0.00    1.00   101  kubelet
02:42:56    65532     13836    1.00    0.00    0.00    0.00    1.00   124  coredns
02:42:56    65532     32181    2.00    0.00    0.00    0.00    2.00    30  cainjector
02:42:56        0    289479    1.00    1.00    0.00    0.00    2.00    44  pidstat
02:42:56       26    289666   75.00    9.00    0.00    0.00   84.00     5  pgbackrest
02:42:56       26    289667   88.00   11.00    0.00    0.00   99.00    13  pgbackrest
02:42:56       26    289668   35.00    5.00    0.00    0.00   40.00    10  pgbackrest
02:42:56       26    289669   82.00   13.00    0.00    0.00   95.00    86  pgbackrest
02:42:56       26    289670   58.00    7.00    0.00    0.00   65.00   124  pgbackrest
02:42:56       26    289671   84.00    7.00    0.00    0.00   91.00     0  pgbackrest
02:42:56       26    289672   92.00    7.00    0.00    0.00   99.00   107  pgbackrest
02:42:56       26    289673   80.00   12.00    0.00    0.00   92.00   111  pgbackrest

02:42:56      UID       PID    %usr %system  %guest   %wait    %CPU   CPU  Command
02:42:57        0     10713    1.00    0.00    0.00    0.00    1.00    70  containerd
02:42:57        0     10779    0.00    1.00    0.00    0.00    1.00   101  kubelet
02:42:57    65532     32267    0.00    1.00    0.00    0.00    1.00   127  controller
02:42:57        0    289479    2.00    1.00    0.00    0.00    3.00    44  pidstat
02:42:57       26    289640    1.00    0.00    0.00    0.00    1.00   108  pgbackrest
02:42:57       26    289666   61.00    7.00    0.00    0.00   68.00     5  pgbackrest
02:42:57       26    289667   64.00    3.00    0.00    0.00   67.00    13  pgbackrest
02:42:57       26    289668   73.00    8.00    0.00    0.00   81.00    10  pgbackrest
02:42:57       26    289669   51.00    4.00    0.00    0.00   55.00    86  pgbackrest
02:42:57       26    289670   83.00    8.00    0.00    0.00   91.00   124  pgbackrest
02:42:57       26    289671   52.00    4.00    0.00    0.00   56.00     0  pgbackrest
02:42:57       26    289672   47.00    5.00    0.00    0.00   52.00    14  pgbackrest
02:42:57       26    289673   86.00    4.00    0.00    0.00   90.00   111  pgbackrest

02:42:57      UID       PID    %usr %system  %guest   %wait    %CPU   CPU  Command
02:42:58        0     10713    1.00    0.00    0.00    0.00    1.00    70  containerd
02:42:58        0     10779    0.00    1.00    0.00    0.00    1.00   101  kubelet
02:42:58     1000     17354    1.00    0.00    0.00    0.00    1.00    62  metrics-server
02:42:58        0    289479    0.00    3.00    0.00    0.00    3.00    44  pidstat
02:42:58        0    289521    1.00    0.00    0.00    0.00    1.00    71  sadc
02:42:58       26    289666   81.00    7.00    0.00    0.00   88.00     5  pgbackrest
02:42:58       26    289667   79.00   13.00    0.00    0.00   92.00    13  pgbackrest
02:42:58       26    289668   75.00    9.00    0.00    0.00   84.00    10  pgbackrest
02:42:58       26    289669   89.00    9.00    0.00    0.00   98.00    86  pgbackrest
02:42:58       26    289670   61.00    9.00    0.00    0.00   70.00   124  pgbackrest
02:42:58       26    289671   89.00    8.00    0.00    0.00   97.00     0  pgbackrest
02:42:58       26    289672   93.00    7.00    0.00    0.00  100.00    32  pgbackrest
02:42:58       26    289673   64.00    6.00    0.00    0.00   70.00   111  pgbackrest

02:42:58      UID       PID    %usr %system  %guest   %wait    %CPU   CPU  Command
02:42:59        0      2196    0.00    1.00    0.00    1.00    1.00   124  kworker/124:1-events
02:42:59        0     10713    1.00    1.00    0.00    0.00    2.00    70  containerd
02:42:59        0     10779    4.00    5.00    0.00    0.00    9.00   101  kubelet
02:42:59    65532     13844    1.00    0.00    0.00    0.00    1.00   120  coredns
02:42:59        0    289479    1.00    2.00    0.00    0.00    3.00    44  pidstat
02:42:59       26    289640    1.00    0.00    0.00    0.00    1.00    12  pgbackrest
02:42:59       26    289666   49.00   10.00    0.00    0.00   59.00     5  pgbackrest
02:42:59       26    289667   56.00    7.00    0.00    0.00   63.00    13  pgbackrest
02:42:59       26    289668   58.00    3.00    0.00    0.00   61.00    19  pgbackrest
02:42:59       26    289669   66.00   12.00    0.00    0.00   78.00    86  pgbackrest
02:42:59       26    289670   86.00    5.00    0.00    0.00   91.00    60  pgbackrest
02:42:59       26    289671   59.00    7.00    0.00    0.00   66.00     0  pgbackrest
02:42:59       26    289672   63.00    9.00    0.00    0.00   72.00    32  pgbackrest
02:42:59       26    289673   89.00    7.00    0.00    0.00   96.00   111  pgbackrest

02:42:59      UID       PID    %usr %system  %guest   %wait    %CPU   CPU  Command
02:43:00        0      2145    0.00    1.00    0.00    0.00    1.00    88  kworker/88:1-events
02:43:00        0      2232    0.00    1.00    0.00    0.00    1.00   106  kworker/106:1-events
02:43:00        0     10779    0.00    1.00    0.00    0.00    1.00   101  kubelet
02:43:00       26    281496    1.00    0.00    0.00    0.00    1.00    41  manager
02:43:00        0    289479    0.00    1.00    0.00    0.00    1.00    44  pidstat
02:43:00       26    289640    1.00    0.00    0.00    0.00    1.00   108  pgbackrest
02:43:00       26    289666   88.00    6.00    0.00    0.00   94.00     5  pgbackrest
02:43:00       26    289667   83.00    6.00    0.00    0.00   89.00   109  pgbackrest
02:43:00       26    289668   85.00   13.00    0.00    0.00   98.00    19  pgbackrest
02:43:00       26    289669   73.00   10.00    0.00    0.00   83.00    22  pgbackrest
02:43:00       26    289670   90.00    3.00    0.00    0.00   93.00    60  pgbackrest
02:43:00       26    289671   80.00   11.00    0.00    0.00   91.00     0  pgbackrest
02:43:00       26    289672   79.00    7.00    0.00    0.00   86.00    32  pgbackrest
02:43:00       26    289673   52.00    7.00    0.00    0.00   59.00   111  pgbackrest

02:43:00      UID       PID    %usr %system  %guest   %wait    %CPU   CPU  Command
02:43:01        0     10052    0.00    1.00    0.00    0.00    1.00     4  irqbalance
02:43:01        0     10713    1.00    0.00    0.00    0.00    1.00    70  containerd
02:43:01        0     10779    0.00    1.00    0.00    0.00    1.00   101  kubelet
02:43:01        0     11371    1.00    0.00    0.00    0.00    1.00    87  aws-k8s-agent
02:43:01     1000     17351    1.00    0.00    0.00    0.00    1.00    28  metrics-server
02:43:01        0    289479    3.00    0.00    0.00    0.00    3.00    44  pidstat
02:43:01       26    289666   88.00    8.00    0.00    0.00   96.00     5  pgbackrest
02:43:01       26    289667   77.00   10.00    0.00    0.00   87.00   109  pgbackrest
02:43:01       26    289668   68.00   13.00    0.00    0.00   81.00    19  pgbackrest
02:43:01       26    289669   90.00    7.00    0.00    0.00   97.00    22  pgbackrest
02:43:01       26    289670   66.00    2.00    0.00    0.00   68.00    60  pgbackrest
02:43:01       26    289671   86.00    9.00    0.00    0.00   95.00    64  pgbackrest
02:43:01       26    289672   87.00    3.00    0.00    0.00   90.00    32  pgbackrest
02:43:01       26    289673   80.00    9.00    0.00    0.00   89.00   111  pgbackrest

02:43:01      UID       PID    %usr %system  %guest   %wait    %CPU   CPU  Command
02:43:02        0     10779    1.00    0.00    0.00    0.00    1.00   101  kubelet
02:43:02        0    289364    1.00    0.00    0.00    0.00    1.00    38  containerd-shim
02:43:02        0    289479    1.00    2.00    0.00    0.00    3.00    44  pidstat
02:43:02       26    289640    2.00    0.00    0.00    0.00    2.00   108  pgbackrest
02:43:02       26    289666   54.00    8.00    0.00    0.00   62.00     5  pgbackrest
02:43:02       26    289667   57.00    7.00    0.00    0.00   64.00    13  pgbackrest
02:43:02       26    289668   67.00    9.00    0.00    0.00   76.00    19  pgbackrest
02:43:02       26    289669   65.00    4.00    0.00    0.00   69.00    22  pgbackrest
02:43:02       26    289670   84.00   11.00    0.00    0.00   95.00    60  pgbackrest
02:43:02       26    289671   58.00    8.00    0.00    0.00   66.00    64  pgbackrest
02:43:02       26    289672   55.00    7.00    0.00    0.00   62.00    32  pgbackrest
02:43:02       26    289673   79.00   15.00    0.00    0.00   94.00   111  pgbackrest

02:43:02      UID       PID    %usr %system  %guest   %wait    %CPU   CPU  Command
02:43:03        0    289479    0.00    3.00    0.00    0.00    3.00    44  pidstat
02:43:03       26    289666   68.00    7.00    0.00    0.00   75.00     5  pgbackrest
02:43:03       26    289667   87.00    6.00    0.00    0.00   93.00    77  pgbackrest
02:43:03       26    289668   88.00   10.00    0.00    0.00   98.00    19  pgbackrest
02:43:03       26    289669   85.00   14.00    0.00    0.00   99.00    22  pgbackrest
02:43:03       26    289670   67.00    7.00    0.00    0.00   74.00    60  pgbackrest
02:43:03       26    289671   87.00    9.00    0.00    0.00   96.00    64  pgbackrest
02:43:03       26    289672   91.00    3.00    0.00    0.00   94.00    32  pgbackrest
02:43:03       26    289673   57.00    7.00    0.00    0.00   64.00   111  pgbackrest

02:43:03      UID       PID    %usr %system  %guest   %wait    %CPU   CPU  Command
02:43:04        0     10713    1.00    0.00    0.00    0.00    1.00    70  containerd
02:43:04        0     10779    3.00    1.00    0.00    0.00    4.00   101  kubelet
02:43:04    10001     28603    1.00    0.00    0.00    0.00    1.00   108  manager
02:43:04    10001     33594    0.00    1.00    0.00    0.00    1.00    75  manager
02:43:04        0     35961    1.00    0.00    0.00    0.00    1.00    53  containerd-shim
02:43:04        0    275766    1.00    0.00    0.00    0.00    1.00    40  kworker/40:1-events
02:43:04        0    289479    1.00    1.00    0.00    0.00    2.00    44  pidstat
02:43:04       26    289666   67.00    7.00    0.00    0.00   74.00     5  pgbackrest
02:43:04       26    289667   72.00    5.00    0.00    0.00   77.00    77  pgbackrest
02:43:04       26    289668   61.00    6.00    0.00    0.00   67.00    19  pgbackrest
02:43:04       26    289669   61.00    6.00    0.00    0.00   67.00    22  pgbackrest
02:43:04       26    289670   88.00   11.00    0.00    0.00   99.00    60  pgbackrest
02:43:04       26    289671   58.00    5.00    0.00    0.00   63.00    64  pgbackrest
02:43:04       26    289672   69.00    4.00    0.00    0.00   73.00    32  pgbackrest
02:43:04       26    289673   88.00    6.00    0.00    0.00   94.00   111  pgbackrest

02:43:04      UID       PID    %usr %system  %guest   %wait    %CPU   CPU  Command
02:43:05        0     10779    0.00    1.00    0.00    0.00    1.00   101  kubelet
02:43:05    65532     13836    1.00    0.00    0.00    0.00    1.00   124  coredns
02:43:05     1000     17354    1.00    0.00    0.00    0.00    1.00    62  metrics-server
02:43:05        0    289479    1.00    1.00    0.00    0.00    2.00    44  pidstat
02:43:05       26    289640    1.00    0.00    0.00    0.00    1.00   108  pgbackrest
02:43:05       26    289666   64.00    7.00    0.00    0.00   71.00     5  pgbackrest
02:43:05       26    289667   68.00   10.00    0.00    0.00   78.00   109  pgbackrest
02:43:05       26    289668   90.00    6.00    0.00    0.00   96.00    19  pgbackrest
02:43:05       26    289669   87.00    8.00    0.00    0.00   95.00    22  pgbackrest
02:43:05       26    289670   83.00    5.00    0.00    0.00   88.00    60  pgbackrest
02:43:05       26    289671   87.00    8.00    0.00    0.00   95.00    64  pgbackrest
02:43:05       26    289672   84.00    3.00    0.00    0.00   87.00    32  pgbackrest
02:43:05       26    289673   65.00    5.00    0.00    0.00   70.00   111  pgbackrest

02:43:05      UID       PID    %usr %system  %guest   %wait    %CPU   CPU  Command
02:43:06        0      2164    0.00    1.00    0.00    0.00    1.00   116  kworker/116:1-events
02:43:06        0     10713    1.00    1.00    0.00    0.00    2.00    70  containerd
02:43:06        0     17233    1.00    0.00    0.00    0.00    1.00    67  containerd-shim
02:43:06    65532     32181    1.00    0.00    0.00    0.00    1.00    30  cainjector
02:43:06    65532     32267    2.00    0.00    0.00    0.00    2.00   127  controller
02:43:06        0    289479    1.00    2.00    0.00    0.00    3.00    44  pidstat
02:43:06       26    289640    1.00    0.00    0.00    0.00    1.00   108  pgbackrest
02:43:06       26    289666   88.00   11.00    0.00    0.00   99.00     5  pgbackrest
02:43:06       26    289667   84.00    9.00    0.00    0.00   93.00   109  pgbackrest
02:43:06       26    289668   64.00    8.00    0.00    0.00   72.00    19  pgbackrest
02:43:06       26    289669   83.00   14.00    0.00    0.00   97.00    22  pgbackrest
02:43:06       26    289670   65.00    4.00    0.00    0.00   69.00    60  pgbackrest
02:43:06       26    289671   89.00    8.00    0.00    0.00   97.00    64  pgbackrest
02:43:06       26    289672   93.00    2.00    0.00    0.00   95.00    32  pgbackrest
02:43:06       26    289673   88.00    6.00    0.00    0.00   94.00   111  pgbackrest

02:43:06      UID       PID    %usr %system  %guest   %wait    %CPU   CPU  Command
02:43:07        0     10713   10.00    3.00    0.00    0.00   13.00    70  containerd
02:43:07        0     10779    2.00    1.00    0.00    0.00    3.00   101  kubelet
02:43:07        0     10902    1.00    1.00    0.00    0.00    2.00    91  containerd-shim
02:43:07     1000     17351    1.00    0.00    0.00    0.00    1.00    28  metrics-server
02:43:07        0     29831    0.00    1.00    0.00    0.00    1.00   127  containerd-shim
02:43:07    65532     32267    1.00    0.00    0.00    0.00    1.00   127  controller
02:43:07    10001     36048    1.00    0.00    0.00    0.00    1.00    58  cnpg-i-pgbackre
02:43:07        0    289461    0.00    1.00    0.00    0.00    1.00    75  iostat
02:43:07        0    289479    1.00    2.00    0.00    0.00    3.00    44  pidstat
02:43:07        0    289497    1.00    0.00    0.00    0.00    1.00    69  sar
02:43:07       26    289640    1.00    0.00    0.00    0.00    1.00    12  pgbackrest
02:43:07       26    289666   35.00    1.00    0.00    0.00   36.00     5  pgbackrest
02:43:07       26    289667   29.00    8.00    0.00    0.00   37.00    77  pgbackrest
02:43:07       26    289668   77.00    5.00    0.00    0.00   82.00    19  pgbackrest
02:43:07       26    289669   64.00    7.00    0.00    0.00   71.00    22  pgbackrest
02:43:07       26    289670   91.00    8.00    0.00    0.00   99.00    60  pgbackrest
02:43:07       26    289671   35.00    3.00    0.00    0.00   38.00    64  pgbackrest
02:43:07       26    289672   54.00    4.00    0.00    0.00   58.00    32  pgbackrest
02:43:07       26    289673   78.00    5.00    0.00    0.00   83.00    47  pgbackrest

02:43:07      UID       PID    %usr %system  %guest   %wait    %CPU   CPU  Command
02:43:08        0     10713    0.00    1.00    0.00    0.00    1.00    70  containerd
02:43:08        0     10779    1.00    0.00    0.00    0.00    1.00   101  kubelet
02:43:08    65532     13844    0.00    1.00    0.00    0.00    1.00   120  coredns
02:43:08       26    281361    1.00    1.00    0.00    0.00    2.00    49  manager
02:43:08        0    289479    1.00    1.00    0.00    0.00    2.00    44  pidstat
02:43:08       26    289640    1.00    0.00    0.00    0.00    1.00   108  pgbackrest
02:43:08       26    289666    2.00    1.00    0.00    0.00    3.00    51  pgbackrest
02:43:08       26    289667    2.00    0.00    0.00    0.00    2.00   109  pgbackrest
02:43:08       26    289668   90.00    8.00    0.00    0.00   98.00    19  pgbackrest
02:43:08       26    289669   86.00   10.00    0.00    0.00   96.00    22  pgbackrest
02:43:08       26    289670   30.00    4.00    0.00    0.00   34.00    60  pgbackrest
02:43:08       26    289671   41.00    5.00    0.00    0.00   46.00    64  pgbackrest
02:43:08       26    289672   68.00    7.00    0.00    0.00   75.00    32  pgbackrest
02:43:08       26    289673    2.00    1.00    0.00    0.00    3.00    24  pgbackrest

02:43:08      UID       PID    %usr %system  %guest   %wait    %CPU   CPU  Command
02:43:09        0     10713    1.00    0.00    0.00    0.00    1.00    70  containerd
02:43:09        0     10779    1.00    1.00    0.00    0.00    2.00   101  kubelet
02:43:09        0    289479    1.00    2.00    0.00    0.00    3.00    44  pidstat
02:43:09       26    289640    1.00    0.00    0.00    0.00    1.00    12  pgbackrest
02:43:09       26    289667    1.00    0.00    0.00    0.00    1.00   109  pgbackrest
02:43:09       26    289668   20.00    3.00    0.00    0.00   23.00    19  pgbackrest
02:43:09       26    289669   45.00    2.00    0.00    0.00   47.00    47  pgbackrest
02:43:09       26    289670    1.00    0.00    0.00    0.00    1.00    84  pgbackrest
02:43:09       26    289671   35.00    3.00    0.00    0.00   38.00    64  pgbackrest
02:43:09       26    289672    1.00    0.00    0.00    0.00    1.00    32  pgbackrest
02:43:09       26    289673    1.00    0.00    0.00    0.00    1.00    14  pgbackrest

02:43:09      UID       PID    %usr %system  %guest   %wait    %CPU   CPU  Command
02:43:10        0        18    1.00    0.00    0.00    0.00    1.00     6  rcu_preempt
02:43:10        0     10779    9.00    3.00    0.00    0.00   12.00   101  kubelet
02:43:10    65532     13844    1.00    0.00    0.00    0.00    1.00   120  coredns
02:43:10       26    281496    0.00    3.00    0.00    0.00    3.00    41  manager
02:43:10        0    289479    0.00    3.00    0.00    0.00    3.00    44  pidstat
02:43:10       26    289666    1.00    0.00    0.00    0.00    1.00     5  pgbackrest
02:43:10       26    289668    1.00    0.00    0.00    0.00    1.00    62  pgbackrest
02:43:10       26    289670    1.00    0.00    0.00    0.00    1.00    60  pgbackrest
02:43:10       26    289671   35.00    4.00    0.00    0.00   39.00    64  pgbackrest

02:43:10      UID       PID    %usr %system  %guest   %wait    %CPU   CPU  Command
02:43:11        0     10779    0.00    1.00    0.00    0.00    1.00   101  kubelet
02:43:11    65532     13836    1.00    0.00    0.00    0.00    1.00   124  coredns
02:43:11     1000     17354    1.00    0.00    0.00    0.00    1.00    62  metrics-server
02:43:11    10001     36048    0.00    1.00    0.00    0.00    1.00    58  cnpg-i-pgbackre
02:43:11        0    289479    1.00    1.00    0.00    0.00    2.00    44  pidstat
02:43:11        0    289515    1.00    0.00    0.00    0.00    1.00    76  vmstat
02:43:11       26    289640    1.00    0.00    0.00    0.00    1.00   108  pgbackrest
02:43:11       26    289666    1.00    0.00    0.00    0.00    1.00    51  pgbackrest
02:43:11       26    289667    1.00    0.00    0.00    0.00    1.00   109  pgbackrest
02:43:11       26    289668    0.00    1.00    0.00    0.00    1.00    19  pgbackrest
02:43:11       26    289671   38.00    0.00    0.00    0.00   38.00   113  pgbackrest
02:43:11       26    289672    0.00    1.00    0.00    0.00    1.00    32  pgbackrest
02:43:11       26    289673    1.00    0.00    0.00    0.00    1.00    14  pgbackrest

02:43:11      UID       PID    %usr %system  %guest   %wait    %CPU   CPU  Command
02:43:12        0    289479    0.00    3.00    0.00    0.00    3.00    44  pidstat
02:43:12       26    289640    1.00    0.00    0.00    0.00    1.00    12  pgbackrest
02:43:12       26    289667    0.00    1.00    0.00    0.00    1.00    77  pgbackrest
02:43:12       26    289668    1.00    0.00    0.00    0.00    1.00    62  pgbackrest
02:43:12       26    289669    0.00    1.00    0.00    0.00    1.00    47  pgbackrest
02:43:12       26    289670    0.00    1.00    0.00    0.00    1.00    84  pgbackrest
02:43:12       26    289671   37.00    0.00    0.00    0.00   37.00   113  pgbackrest
02:43:12       26    289673    1.00    0.00    0.00    0.00    1.00   110  pgbackrest

02:43:12      UID       PID    %usr %system  %guest   %wait    %CPU   CPU  Command
02:43:13        0     10713    1.00    0.00    0.00    0.00    1.00    70  containerd
02:43:13        0     10779    1.00    0.00    0.00    0.00    1.00   101  kubelet
02:43:13        0    289479    0.00    1.00    0.00    0.00    1.00    44  pidstat
02:43:13       26    289668    0.00    1.00    0.00    0.00    1.00    19  pgbackrest
02:43:13       26    289671   35.00    2.00    0.00    0.00   37.00    49  pgbackrest
02:43:13       26    289672    0.00    1.00    0.00    0.00    1.00    32  pgbackrest

02:43:13      UID       PID    %usr %system  %guest   %wait    %CPU   CPU  Command
02:43:14        0     10779    0.00    3.00    0.00    0.00    3.00   101  kubelet
02:43:14    65532     34841    1.00    0.00    0.00    0.00    1.00    62  manager
02:43:14        0     39008    1.00    0.00    0.00    0.00    1.00    17  kworker/17:2-events
02:43:14        0    281255    0.00    1.00    0.00    0.00    1.00    62  containerd-shim
02:43:14        0    289364    1.00    0.00    0.00    0.00    1.00    38  containerd-shim
02:43:14        0    289479    1.00    2.00    0.00    0.00    3.00    44  pidstat
02:43:14       26    289671   34.00    4.00    0.00    0.00   38.00    49  pgbackrest

02:43:14      UID       PID    %usr %system  %guest   %wait    %CPU   CPU  Command
02:43:15        0     10713    0.00    1.00    0.00    0.00    1.00    70  containerd
02:43:15        0     10779    1.00    0.00    0.00    0.00    1.00   101  kubelet
02:43:15     1000     17351    1.00    0.00    0.00    0.00    1.00    28  metrics-server
02:43:15    10001     28603    1.00    0.00    0.00    0.00    1.00   108  manager
02:43:15        0    289479    1.00    2.00    0.00    0.00    3.00    44  pidstat
02:43:15       26    289671   40.00    2.00    0.00    0.00   42.00     0  pgbackrest

02:43:15      UID       PID    %usr %system  %guest   %wait    %CPU   CPU  Command
02:43:16        0     10713    1.00    0.00    0.00    0.00    1.00    70  containerd
02:43:16        0     10779    1.00    0.00    0.00    0.00    1.00   101  kubelet
02:43:16        0    289479    1.00    1.00    0.00    0.00    2.00    44  pidstat
02:43:16       26    289671   42.00    4.00    0.00    0.00   46.00     0  pgbackrest

02:43:16      UID       PID    %usr %system  %guest   %wait    %CPU   CPU  Command
02:43:17        0     10713    1.00    1.00    0.00    0.00    2.00    70  containerd
02:43:17        0     10779    1.00    0.00    0.00    0.00    1.00   101  kubelet
02:43:17        0     11371    0.00    1.00    0.00    0.00    1.00    87  aws-k8s-agent
02:43:17        0    289479    1.00    1.00    0.00    0.00    2.00    44  pidstat
02:43:17       26    289671   17.00    3.00    0.00    0.00   20.00     0  pgbackrest

02:43:17      UID       PID    %usr %system  %guest   %wait    %CPU   CPU  Command
02:43:18        0     10779    1.00    0.00    0.00    0.00    1.00   101  kubelet
02:43:18    65532     13836    1.00    0.00    0.00    0.00    1.00   124  coredns
02:43:18     1000     17351    0.00    1.00    0.00    0.00    1.00    28  metrics-server
02:43:18     1000     17354    1.00    0.00    0.00    0.00    1.00    62  metrics-server
02:43:18       26    281361    1.00    0.00    0.00    0.00    1.00    49  manager
02:43:18        0    289479    0.00    3.00    0.00    0.00    3.00    44  pidstat
02:43:18       26    289640    3.00    0.00    0.00    0.00    3.00    12  pgbackrest
02:43:18       26    290079    1.00    1.00    0.00    0.00    2.00    32  manager
02:43:18       26    290097    2.00    1.00    0.00    0.00    3.00   120  pgbackrest

02:43:18      UID       PID    %usr %system  %guest   %wait    %CPU   CPU  Command
02:43:19        0     10713    1.00    0.00    0.00    0.00    1.00    70  containerd
02:43:19        0     10779    1.00    1.00    0.00    0.00    2.00   101  kubelet
02:43:19    65532     13844    1.00    0.00    0.00    0.00    1.00   120  coredns
02:43:19    10001     28603    1.00    0.00    0.00    0.00    1.00   108  manager
02:43:19       26    281496    0.00    2.00    0.00    0.00    2.00    41  manager
02:43:19        0    289479    0.00    2.00    0.00    0.00    2.00    44  pidstat
02:43:19        0    289521    1.00    0.00    0.00    0.00    1.00    71  sadc

02:43:19      UID       PID    %usr %system  %guest   %wait    %CPU   CPU  Command
02:43:20        0     10779    0.00    1.00    0.00    0.00    1.00   101  kubelet
02:43:20        0    289479    1.00    2.00    0.00    0.00    3.00    44  pidstat

02:43:20      UID       PID    %usr %system  %guest   %wait    %CPU   CPU  Command
02:43:21        0     10052    0.00    1.00    0.00    0.00    1.00     4  irqbalance
02:43:21        0    289479    0.00    2.00    0.00    0.00    2.00    44  pidstat

02:43:21      UID       PID    %usr %system  %guest   %wait    %CPU   CPU  Command
02:43:22        0     10713    1.00    1.00    0.00    0.00    2.00    70  containerd
02:43:22        0     10779    5.00    7.00    0.00    0.00   12.00   101  kubelet
02:43:22        0     17172    1.00    0.00    0.00    0.00    1.00    75  containerd-shim
02:43:22        0     18591    0.00    1.00    0.00    0.00    1.00    75  containerd-shim
02:43:22        0     28552    0.00    1.00    0.00    0.00    1.00   110  containerd-shim
02:43:22        0    289461    0.00    1.00    0.00    0.00    1.00    75  iostat
02:43:22        0    289479    0.00    2.00    0.00    0.00    2.00    44  pidstat

02:43:22      UID       PID    %usr %system  %guest   %wait    %CPU   CPU  Command
02:43:23        0     10779    0.00    1.00    0.00    0.00    1.00   101  kubelet
02:43:23    10001     28603    1.00    0.00    0.00    0.00    1.00   108  manager
02:43:23        0    289479    2.00    0.00    0.00    0.00    2.00    44  pidstat
