procs -----------memory---------- ---swap-- -----io---- -system-- -------cpu-------
 r  b   swpd   free   buff  cache   si   so    bi    bo   in   cs us sy id wa st gu
 1  0      0 114993372 3172 142129472 0   0  1878 57278 5617    0  0  0 100 0  0  0
 0  0      0 114965092 3172 142132336 0   0     0     0 6876 13752 0  0 100 0  0  0
 0  0      0 114971424 3172 142132336 0   0     0     0 2971 4799  0  0 100 0  0  0
 0  0      0 114951764 3172 142132348 0   0     0   244 5804 9997  0  0 100 0  0  0
 0  0      0 114956416 3172 142132352 0   0     0     0 1992 2103  0  0 100 0  0  0
 0  0      0 114965704 3172 142132336 0   0     0    65 2441 2695  0  0 100 0  0  0
 0  0      0 114972352 3172 142132336 0   0     0     0 1905 2039  0  0 100 0  0  0
 0  0      0 114981944 3172 142132336 0   0     0     0 2655 3304  0  0 100 0  0  0
 1  0      0 114890620 3172 142135684 0   0     0   344 8480 13685 0  0 99  0  0  0
 1  0      0 114859692 3172 142135680 0   0     0  3344 3818 5361  0  0 99  0  0  0
 0  0      0 114615184 3172 142353808 0   0     0     0 4780 3419  0  0 99  0  0  0
 1  0      0 114260712 3172 142718500 0   0     0     0 8760 6369  1  0 99  0  0  0
 2  0      0 113885992 3172 143091936 0   0     0     0 6369 4592  1  0 99  0  0  0
 0  0      0 113598544 3172 143352976 0   0     0     4 8573 7230  1  0 99  0  0  0
 0  0      0 113411868 3172 143541648 0   0     0     0 9542 3076  0  0 100 0  0  0
 0  0      0 113290060 3172 143670576 0   0     0 130248 8298 5676 0  0 100 0  0  0
 0  0      0 113163540 3172 143802280 0   0     0     0 5969 6062  0  0 100 0  0  0
 0  0      0 113032436 3172 143940616 0   0     0     0 8290 3145  0  0 100 0  0  0
 1  0      0 112874512 3172 144103048 0   0     0     0 7450 2221  0  0 100 0  0  0
 1  0      0 112763180 3172 144225480 0   0     0     0 6985 3722  0  0 100 0  0  0
 0  0      0 112580980 3172 144405768 0   0     0 106496 9027 5167 0  0 99  0  0  0
procs -----------memory---------- ---swap-- -----io---- -system-- -------cpu-------
 r  b   swpd   free   buff  cache   si   so    bi    bo   in   cs us sy id wa st gu
 2  0      0 112406156 3172 144587432 0   0     0     0 9706 6337  0  0 100 0  0  0
 0  0      0 112273124 3172 144726860 0   0     0     0 7395 4435  0  0 100 0  0  0
 0  0      0 112154888 3172 144855148 0   0     0     0 7101 6749  0  0 100 0  0  0
 0  0      0 112014432 3172 144998544 0   0     0     0 7240 2461  0  0 100 0  0  0
 1  0      0 111853480 3172 145165360 0   0     0     0 8042 3510  0  0 100 0  0  0
 1  0      0 111733908 3172 145294000 0   0     0     0 7765 2221  0  0 100 0  0  0
 1  0      0 111537844 3172 145498544 0   0     0     0 9340 3589  0  0 100 0  0  0
 1  0      0 111412892 3172 145625872 0   0     0  6184 6241 2913  0  0 100 0  0  0
 0  0      0 111268180 3172 145776948 0   0     0     0 8084 3975  0  0 100 0  0  0
 0  0      0 111137680 3172 145908436 0   0     0     4 7503 3743  0  0 100 0  0  0
 0  0      0 110991908 3172 146051620 0   0     0    44 10225 11973 0 0 100 0  0  0
 1  0      0 110850608 3172 146192252 0   0     0     0 6883 5157  1  0 99  0  0  0
 0  0      0 110664828 3172 146380732 0   0     0    24 9001 4833  0  0 100 0  0  0
 0  0      0 110548208 3172 146501052 0   0     0     0 6557 2765  0  0 100 0  0  0
 0  0      0 110410564 3172 146644572 0   0     0  1617 6498 3304  0  0 100 0  0  0
 0  0      0 110225424 3172 146830716 0   0     0     0 7066 2320  0  0 100 0  0  0
 0  0      0 110214564 3172 146842588 0   0     0     0 2500 2715  0  0 100 0  0  0
 0  0      0 109964536 3172 147094588 0   0     0     0 8481 2610  0  0 100 0  0  0
 0  0      0 109826988 3172 147238332 0   0     0   192 7365 3714  0  0 100 0  0  0
 1  0      0 109581548 3172 147474084 0   0     0     0 7903 3682  0  0 100 0  0  0
 1  0      0 109209504 3172 147845420 0   0     0     0 7169 5518  1  0 99  0  0  0
procs -----------memory---------- ---swap-- -----io---- -system-- -------cpu-------
 r  b   swpd   free   buff  cache   si   so    bi    bo   in   cs us sy id wa st gu
 1  0      0 108750780 3172 148306780 0   0     0     0 6666 4422  1  0 99  0  0  0
 1  0      0 108293356 3172 148764460 0   0     0     0 6999 5609  1  0 99  0  0  0
 1  0      0 107834184 3172 149225532 0   0     0     4 6021 2704  1  0 99  0  0  0
 1  0      0 107374888 3172 149687404 0   0     0     0 5723 2342  1  0 99  0  0  0
 1  0      0 106916748 3172 150147660 0   0     0     0 6844 5993  1  0 99  0  0  0
 1  0      0 106743620 3000 150451316 0   0     0     0 7131 3321  1  0 99  0  0  0
 1  1      0 106630976 3000 150562796 0   0     0 1819816 14087 10899 1 0 99 0 0  0
 1  1      0 106590368 3000 150591744 0   0     0 1788096 17826 7294 1 0 98 1  0  0
 1  1      0 106704356 3000 150473188 0   0   260 1167364 18591 6401 1 0 98 1  0  0
 2  1      0 106736604 3000 150422040 0   0   636 1179648 20835 9749 1 0 98 1  0  0
 1  1      0 106854244 3000 150324588 0   0   104 1232896 15929 6939 1 0 98 1  0  0
 1  1      0 106940632 3000 150229388 0   0    40 1150976 16444 8863 1 0 98 1  0  0
 1  0      0 107033004 3000 150138784 0   0     0 892928 13053 6798 1 0 99  1  0  0
 1  0      0 107140596 3000 150031492 0   0     0     0 6428 3167  1  0 99  0  0  0
 1  0      0 107148640 3000 150022920 0   0     8     0 5924 2811  1  0 99  0  0  0
 1  0      0 107164556 3000 150006336 0   0     0     0 6108 3141  1  0 99  0  0  0
 1  0      0 107167904 3000 150003272 0   0     0     0 6273 2811  1  0 99  0  0  0
 1  0      0 107158752 3000 150015384 0   0     0     0 6055 3487  1  0 99  0  0  0
 1  0      0 107161332 3000 150023800 0   0   752     0 5354 3919  1  0 99  0  0  0
 2  0      0 107068848 3000 150068900 0   0  1328     0 9118 11718 1  0 99  0  0  0
 1  0      0 107028388 3000 150103124 0   0     0     0 7304 4468  1  0 99  0  0  0
procs -----------memory---------- ---swap-- -----io---- -system-- -------cpu-------
 r  b   swpd   free   buff  cache   si   so    bi    bo   in   cs us sy id wa st gu
 2  0      0 107002544 3000 150128168 0   0     0    24 6666 5416  1  0 99  0  0  0
 1  0      0 106974124 3000 150160300 0   0     0     0 7471 2697  1  0 99  0  0  0
 1  0      0 106945852 3000 150190584 0   0     0   102 5798 2844  1  0 99  0  0  0
 1  0      0 106915620 3000 150221072 0   0   428     0 5022 2015  1  0 99  0  0  0
 1  0      0 106877784 3000 150251588 0   0     0     0 6614 3238  1  0 99  0  0  0
 1  0      0 106841352 3000 150287464 0   0     0     0 6039 2412  1  0 99  0  0  0
 1  0      0 106816284 3000 150313528 0   0     0   232 7161 3360  1  0 99  0  0  0
 1  0      0 106777628 3000 150349436 0   0     0     0 6880 3575  1  0 99  0  0  0
 5  1      0 106746940 3000 150370992 0   0     0 1733820 15922 16063 1 0 98 0 0  0
 1  1      0 106723640 3000 150391332 0   0     0 2075968 16763 7895 1 0 98 1  0  0
 1  1      0 106737972 3000 150436676 0   0     0 1232208 16477 8677 1 0 98 1  0  0
 2  1      0 106745836 3000 150427652 0   0     0 1153088 15755 5589 1 0 98 1  0  0
 3  1      0 106742268 3000 150431900 0   0     0 1184256 16294 5878 1 0 98 1  0  0
 1  1      0 106712840 3000 150441404 0   0     0 1195040 16605 8976 1 0 98 1  0  0
 0  0      0 106739828 3000 150441612 0   0     0 864320 12668 4862 1 0 99  1  0  0
 1  0      0 106734544 3000 150445100 0   0     0     0 5768 2822  1  0 99  0  0  0
 1  0      0 106744820 3000 150439400 0   0     0     0 6637 3469  1  0 99  0  0  0
 1  0      0 106744304 3000 150435920 0   0   248     0 6442 3682  1  0 99  0  0  0
 1  0      0 106728660 3000 150440008 0   0     0     0 8321 6988  1  0 99  0  0  0
 1  0      0 106734696 3000 150432120 0   0     0     0 6395 3026  1  0 99  0  0  0
 1  0      0 106742136 3000 150439408 0   0     0     0 7657 6602  1  0 99  0  0  0
procs -----------memory---------- ---swap-- -----io---- -system-- -------cpu-------
 r  b   swpd   free   buff  cache   si   so    bi    bo   in   cs us sy id wa st gu
 1  0      0 106747064 3000 150433472 0   0     0     0 5473 2367  1  0 99  0  0  0
 1  0      0 106740204 3000 150437216 0   0     0     0 6163 3359  1  0 99  0  0  0
 1  0      0 106742560 3000 150435232 0   0     0     0 6109 2380  1  0 99  0  0  0
 1  0      0 106743480 3000 150433560 0   0     0     0 6702 3537  1  0 99  0  0  0
 1  0      0 106745072 3000 150430700 0   0     0     0 5786 2206  1  0 99  0  0  0
 1  0      0 106751252 3000 150425516 0   0     0     0 6599 3310  1  0 99  0  0  0
 1  0      0 106728308 3000 150423672 0   0   184     0 7355 4115  1  0 99  0  0  0
 1  0      0 106711812 3000 150427128 0   0     0     0 10136 13167 1 0 99  0  0  0
 1  0      0 106711384 3000 150427600 0   0     0     0 6323 3292  1  0 99  0  0  0
 1  0      0 106749952 3000 150431880 0   0     0     0 7020 4942  1  0 99  0  0  0
 1  0      0 106747472 3000 150432568 0   0     0     0 6032 2278  1  0 99  0  0  0
 1  0      0 106743604 3000 150439268 0   0     0    94 6393 3533  1  0 99  0  0  0
 1  0      0 106739820 3000 150430124 0   0     0     0 6413 2395  1  0 99  0  0  0
 1  0      0 106740008 3000 150429664 0   0     0 311296 8242 7737 1  0 99  0  0  0
 2  0      0 106735632 3000 150434512 0   0     0     0 5034 2258  1  0 99  0  0  0
 2  0      0 106757768 3000 150413868 0   0     0    16 4363 2808  0  0 100 0  0  0
 3  1      0 106741068 3000 150434496 0   0  2224 75500 7634 5542  1  0 99  0  0  0
 2  1      0 106745944 3000 150442392 0   0   500 2750496 22288 17728 1 0 98 1 0  0
 2  1      0 106735864 3000 150449432 0   0     0 1275068 18425 6619 1 0 98 1  0  0
 2  1      0 106737772 3000 150447508 0   0     0 1192976 16989 9049 1 0 99 1  0  0
 2  1      0 106748048 3000 150435212 0   0     0 1192251 15762 5522 1 0 98 1  0  0
procs -----------memory---------- ---swap-- -----io---- -system-- -------cpu-------
 r  b   swpd   free   buff  cache   si   so    bi    bo   in   cs us sy id wa st gu
 2  1      0 106751964 3000 150428992 0   0     0 1209888 18200 6295 1 0 98 1  0  0
 2  1      0 106747416 3000 150431900 0   0     0 1168432 18182 9199 1 0 98 1  0  0
 2  1      0 106756604 3000 150430252 0   0     0 1210224 16130 6034 1 0 98 1  0  0
 2  1      0 106744604 3000 150435264 0   0     0 1183392 15325 5070 1 0 98 1  0  0
 2  1      0 106748556 3000 150434968 0   0     0 1195680 16588 5905 1 0 98 1  0  0
 2  0      0 106731136 3000 150441072 0   0    24 868352 13834 5703 1 0 99  1  0  0
 2  0      0 106696856 3000 150438316 0   0     0     0 8007 7503  1  0 99  0  0  0
 2  0      0 106693092 3000 150442128 0   0     0     0 6406 3262  1  0 99  0  0  0
 2  0      0 106686492 3000 150442624 0   0     0     0 7550 5908  1  0 99  0  0  0
 2  0      0 106698152 3000 150432452 0   0     0     0 5908 2221  1  0 99  0  0  0
 2  0      0 106736856 3000 150436820 0   0     0     0 6694 3459  1  0 99  0  0  0
 2  0      0 106741320 3000 150432160 0   0     0     0 5798 2337  1  0 99  0  0  0
 2  0      0 106733120 3000 150431700 0   0     0     0 6656 3614  1  0 99  0  0  0
 2  0      0 106735804 3000 150429216 0   0     0     0 6184 2331  1  0 99  0  0  0
 2  0      0 106751020 3000 150430872 0   0     0     0 6631 3581  1  0 99  0  0  0
 2  0      0 106746792 3000 150433136 0   0     0     0 6527 3879  1  0 99  0  0  0
 2  0      0 106691848 3000 150434936 0   0     0     0 11640 14291 1 0 99  0  0  0
 2  0      0 106694528 3000 150433572 0   0     0     0 6918 3622  1  0 99  0  0  0
 2  0      0 106689024 3000 150438676 0   0    92     0 8013 5891  1  0 99  0  0  0
 2  0      0 106746500 3000 150439840 0   0     0     0 5826 2430  1  0 99  0  0  0
 2  0      0 106752032 3000 150433664 0   0     0   101 6489 3144  1  0 99  0  0  0
procs -----------memory---------- ---swap-- -----io---- -system-- -------cpu-------
 r  b   swpd   free   buff  cache   si   so    bi    bo   in   cs us sy id wa st gu
 2  0      0 106741272 3000 150439668 0   0     0     0 5497 2492  1  0 99  0  0  0
 2  0      0 106748512 3000 150433236 0   0     0     0 6606 3480  1  0 99  0  0  0
 2  0      0 106741176 3000 150434084 0   0     0     0 7072 2736  1  0 99  0  0  0
 3  0      0 106750556 3000 150424452 0   0     0    64 6522 2634  1  0 99  0  0  0
 3  1      0 106750468 3000 150438348 0   0     8 311296 8582 8174 1  0 99  0  0  0
 2  0      0 106716936 3000 150431080 0   0   388 1323008 14184 24026 1 0 99 0 0  0
 2  1      0 106746204 3000 150432928 0   0     0 749772 9943 6012 1  0 99  0  0  0
 2  1      0 106734712 3000 150428496 0   0     0 2391200 18390 11560 1 0 98 1 0  0
 2  1      0 106729184 3000 150440104 0   0     0 1184316 16435 5262 1 0 98 1  0  0
 2  1      0 106750152 3000 150418400 0   0     0 1187520 17276 6218 1 0 98 1  0  0
 2  1      0 106722916 3000 150443076 0   0     0 1196868 17103 9509 1 0 98 1  0  0
 2  1      0 106719920 3000 150443944 0   0     0 1188512 17909 5711 1 0 98 1  0  0
 2  1      0 106718692 3000 150444688 0   0     0 1194608 15520 5211 1 0 98 1  0  0
 2  1      0 106724460 3000 150439768 0   0     0 1191520 17236 6630 1 0 98 1  0  0
 2  1      0 106715656 3000 150443980 0   0     0 1199200 16819 7299 1 0 98 1  0  0
 2  1      0 106723288 3000 150447208 0   0  4268 1177288 19425 10393 1 0 98 1 0  0
 2  0      0 106728300 3000 150442196 0   0     0 385024 11287 6330 1 0 99  0  0  0
 2  0      0 106708044 3000 150440752 0   0   156     0 8354 7032  1  0 99  0  0  0
 2  0      0 106707804 3000 150440864 0   0     0     0 5870 2366  1  0 99  0  0  0
 2  0      0 106725744 3000 150448148 0   0     0     0 6210 2839  1  0 99  0  0  0
 2  0      0 106720600 3000 150447276 0   0     0     0 6837 2715  1  0 99  0  0  0
procs -----------memory---------- ---swap-- -----io---- -system-- -------cpu-------
 r  b   swpd   free   buff  cache   si   so    bi    bo   in   cs us sy id wa st gu
 3  0      0 106697292 3000 150443976 0   0   120     0 6909 3808  1  0 99  0  0  0
 2  0      0 106737844 3000 150444304 0   0     0     0 6483 2536  1  0 99  0  0  0
 2  0      0 106724724 3000 150445556 0   0     0     0 6297 3323  1  0 99  0  0  0
 2  0      0 106722820 3000 150439540 0   0     0     0 6706 3316  1  0 99  0  0  0
 3  0      0 106672180 3000 150447384 0   0     0     0 10226 13749 1 0 99  0  0  0
 2  0      0 106680812 3000 150439124 0   0     0     0 6469 3169  1  0 99  0  0  0
 2  0      0 106678372 3000 150445888 0   0     0     0 6844 5111  1  0 99  0  0  0
 2  0      0 106736112 3000 150443248 0   0     0     0 5909 2176  1  0 99  0  0  0
 2  0      0 106735860 3000 150445228 0   0     0   110 6537 3374  1  0 99  0  0  0
 2  0      0 106738912 3000 150437260 0   0     0     0 6072 2520  1  0 99  0  0  0
 2  0      0 106748728 3000 150438968 0   0     0     0 6053 3102  1  0 99  0  0  0
 2  0      0 106722480 3000 150442144 0   0     0     0 5281 2353  1  0 99  0  0  0
 2  0      0 106722612 3000 150437300 0   0     0    60 6185 2820  1  0 99  0  0  0
 3  0      0 106641408 3000 150442380 0   0   228     0 8537 4529  1  0 99  0  0  0
 2  0      0 106699376 3000 150446464 0   0    32     0 8318 7656  1  0 99  0  0  0
 2  0      0 106697456 3000 150445952 0   0     0 1323008 11948 20583 1 0 99 0 0  0
 2  0      0 106730084 3000 150439580 0   0     0     0 7427 6102  1  0 99  0  0  0
 2  0      0 106731588 3000 150438728 0   0     0     0 5743 2226  1  0 99  0  0  0
 2  1      0 106731596 3000 150442064 0   0     0 1140796 11402 9736 1 0 99 0  0  0
 3  1      0 106715368 3000 150449796 0   0     0 2337028 21294 12271 1 0 98 1 0  0
 2  1      0 106711700 3000 150452896 0   0     0 1191696 19297 6183 1 0 98 1  0  0
procs -----------memory---------- ---swap-- -----io---- -system-- -------cpu-------
 r  b   swpd   free   buff  cache   si   so    bi    bo   in   cs us sy id wa st gu
 3  1      0 106714316 3000 150448708 0   0     0 1191056 16573 5403 1 0 98 1  0  0
 2  1      0 106712228 3000 150449344 0   0     0 1203712 18158 6057 1 0 98 1  0  0
 2  1      0 106693660 3000 150454128 0   0     0 1172624 16284 6434 1 0 98 1  0  0
 2  1      0 106660072 3000 150452948 0   0     0 1201216 19127 11583 1 0 98 1 0  0
 2  1      0 106707244 3000 150450364 0   0     0 1192008 16550 6102 1 0 98 1  0  0
 2  1      0 106702368 3000 150455032 0   0     0 1191088 19155 8954 1 0 98 1  0  0
 2  1      0 106698232 3000 150459228 0   0     0 1189680 15265 5458 1 0 98 1  0  0
 1  0      0 106697412 3000 150458264 0   0     0 346240 8672 4410 1  0 99  0  0  0
 1  0      0 106700600 3000 150459772 0   0     0     0 5938 2829  1  0 99  0  0  0
 2  0      0 106700768 3000 150457988 0   0     0     0 6114 3023  1  0 99  0  0  0
 2  0      0 106705004 3000 150460116 0   0     0     0 6306 2486  1  0 99  0  0  0
 7  0      0 106715244 3000 150452476 0   0     0     0 6619 3672  1  0 99  0  0  0
 1  0      0 106708496 3000 150459000 0   0     0     0 7233 3942  1  0 99  0  0  0
 2  0      0 106679144 3000 150452456 0   0     0     0 9543 12533 1  0 99  0  0  0
 1  0      0 106671444 3000 150460480 0   0     0     0 7032 3770  1  0 99  0  0  0
 1  0      0 106715148 3000 150459064 0   0     0     0 6937 5458  1  0 99  0  0  0
 1  0      0 106716740 3000 150455012 0   0     0     0 5735 2285  1  0 99  0  0  0
 1  0      0 106704760 3000 150456968 0   0     0    49 6220 2852  1  0 99  0  0  0
 1  0      0 106702460 3000 150459068 0   0     0     0 6244 2592  1  0 99  0  0  0
 1  0      0 106706580 3000 150456272 0   0     0     0 6780 3579  1  0 99  0  0  0
 2  0      0 106733148 3000 150451592 0   0     0     0 5273 2368  1  0 99  0  0  0
procs -----------memory---------- ---swap-- -----io---- -system-- -------cpu-------
 r  b   swpd   free   buff  cache   si   so    bi    bo   in   cs us sy id wa st gu
 1  0      0 106728232 3000 150457852 0   0     0     0 6087 2690  1  0 99  0  0  0
 1  0      0 106724776 3000 150460012 0   0     0    16 6637 3542  1  0 99  0  0  0
 1  0      0 106717320 3000 150456492 0   0     0     0 9231 8018  1  0 99  0  0  0
 1  0      0 106718700 3000 150453092 0   0     0     0 6530 3614  1  0 99  0  0  0
 1  0      0 106736828 3000 150459148 0   0     0     0 6756 5699  1  0 99  0  0  0
 1  0      0 106745892 3000 150455044 0   0     0     0 6573 2323  1  0 99  0  0  0
 1  1      0 106745636 3000 150454548 0   0     0 1549904 12514 23839 1 0 99 0 0  0
 1  0      0 106745172 3000 150456412 0   0     0 84400 8131 9287  1  0 99  0  0  0
 1  0      0 106749740 3000 150455580 0   0     0     0 6629 2804  1  0 99  0  0  0
 1  1      0 106736184 3000 150454016 0   0     0 2301484 16557 12214 1 0 98 1 0  0
 1  1      0 106734508 3000 150459420 0   0     0 1499104 17803 6903 1 0 98 1  0  0
 1  1      0 106719596 3000 150465228 0   0     0 1198800 17446 6390 1 0 98 1  0  0
 0  1      0 106690128 3000 150465808 0   0   512 1183172 19359 10649 1 0 99 1 0  0
 1  1      0 106689192 3000 150465656 0   0     0 1194800 17146 6882 1 0 98 1  0  0
 1  1      0 106718616 3000 150465224 0   0     0 1203680 17045 9786 1 0 98 1  0  0
 1  1      0 106717924 3000 150459908 0   0     0 1172896 15510 5270 1 0 98 1  0  0
 1  1      0 106715440 3000 150458060 0   0     0 1194320 16626 5866 1 0 98 1  0  0
 1  1      0 106713312 3000 150463032 0   0     0 1191756 17784 5773 1 0 98 1  0  0
 2  0      0 106710416 3000 150463948 0   0     0 905840 14449 5464 1 0 99  1  0  0
 5  0      0 106722708 3000 150462204 0   0  1924     0 6024 2488  1  0 99  0  0  0
 1  0      0 106713240 3000 150470324 0   0     0     0 6608 3694  1  0 99  0  0  0
procs -----------memory---------- ---swap-- -----io---- -system-- -------cpu-------
 r  b   swpd   free   buff  cache   si   so    bi    bo   in   cs us sy id wa st gu
 1  0      0 106710164 3000 150466300 0   0     0     0 6581 3582  1  0 99  0  0  0
 1  0      0 106638680 3000 150461708 0   0     0     0 10181 13571 1 0 99  0  0  0
 1  0      0 106620860 3000 150469604 0   0   172 16384 8096 6668  1  0 99  0  0  0
 0  0      0 106628064 3000 150467012 0   0     0     0 5645 4698  1  0 99  0  0  0
 1  0      0 106626988 3000 150468428 0   0     0     0 5585 2213  1  0 99  0  0  0
 1  0      0 106705200 3000 150463748 0   0     0    52 6660 3341  1  0 99  0  0  0
 1  0      0 106699168 3000 150469316 0   0     0     0 6073 2526  1  0 99  0  0  0
 2  0      0 106693212 3000 150473416 0   0     0     0 6573 3859  1  0 99  0  0  0
 1  0      0 106700428 3000 150468684 0   0     0     0 5970 2367  1  0 99  0  0  0
 1  0      0 106714996 3000 150469944 0   0     0     0 7072 3438  1  0 99  0  0  0
 1  0      0 106707976 3000 150467728 0   0     0    16 7825 3522  1  0 99  0  0  0
 1  0      0 106726452 3000 150452236 0   0     0     0 8896 7233  1  0 99  0  0  0
 1  0      0 106706824 3000 150470808 0   0    64     0 7978 4623  1  0 99  0  0  0
 1  0      0 106707748 3000 150474064 0   0     0     0 7018 6103  1  0 99  0  0  0
 1  0      0 106708616 3000 150473016 0   0     0     0 5973 2499  1  0 99  0  0  0
 2  0      0 106721620 3000 150466860 0   0     0     0 6175 2927  1  0 99  0  0  0
 1  0      0 106702296 3000 150471116 0   0     0     0 7015 6503  1  0 99  0  0  0
 1  1      0 106730176 3000 150463996 0   0     0 273744 10094 7839 1 0 99  0  0  0
 1  0      0 106719352 3000 150475084 0   0     0 1360560 11403 19273 1 0 99 0 0  0
 1  0      0 106727448 3000 150466764 0   0     0     0 5620 2622  1  0 99  0  0  0
 1  0      0 106705796 3000 150470088 0   0     0     0 6826 3402  1  0 99  0  0  0
procs -----------memory---------- ---swap-- -----io---- -system-- -------cpu-------
 r  b   swpd   free   buff  cache   si   so    bi    bo   in   cs us sy id wa st gu
 1  1      0 106652136 3000 150453116 0   0     0 2739136 21172 18496 1 0 98 1 0  0
 1  1      0 106715784 3000 150470180 0   0     0 1243460 17843 6955 1 0 98 1  0  0
 1  1      0 106710792 3000 150473140 0   0     0 1199184 17096 8839 1 0 98 1  0  0
 1  1      0 106710856 3000 150472740 0   0     0 1189088 17040 5438 1 0 98 1  0  0
 1  1      0 106703468 3000 150474564 0   0    36 1191136 18663 6386 1 0 98 1  0  0
 1  1      0 106706216 3000 150471180 0   0     0 1182496 15463 5304 1 0 98 1  0  0
 1  1      0 106703732 3000 150475992 0   0     0 1194032 16547 6888 1 0 98 1  0  0
 1  1      0 106720300 3000 150467736 0   0     0 1190720 15829 5706 1 0 98 1  0  0
 1  1      0 106704096 3000 150470740 0   0     0 1196076 17903 6265 1 0 98 1  0  0
 1  0      0 106706508 3000 150475836 0   0     0 722000 13091 5648 1 0 99  0  0  0
 1  0      0 106666836 3000 150473592 0   0   224     0 10315 18557 1 0 99  0  0  0
 1  0      0 106665112 3000 150475512 0   0     0     0 7425 4738  1  0 99  0  0  0
 1  0      0 106711284 3000 150477672 0   0     0     0 7904 5874  1  0 99  0  0  0
 1  0      0 106719336 3000 150475044 0   0   476     0 6477 3122  1  0 99  0  0  0
 1  0      0 106712304 3000 150476776 0   0     0   125 6599 3333  1  0 99  0  0  0
 1  0      0 106716864 3000 150472972 0   0     0     4 5860 2134  1  0 99  0  0  0
 2  0      0 106728812 3000 150469372 0   0     0     0 6737 3772  1  0 99  0  0  0
 1  0      0 106728520 3000 150471612 0   0   308     0 6708 2411  1  0 99  0  0  0
 0  0      0 106725132 3000 150473472 0   0     0     0 4551 2746  0  0 100 0  0  0
 1  0      0 106720016 3000 150472552 0   0    64    60 6336 3848  1  0 99  0  0  0
 1  0      0 106683020 3000 150475044 0   0     0     0 8937 7443  1  0 99  0  0  0
procs -----------memory---------- ---swap-- -----io---- -system-- -------cpu-------
 r  b   swpd   free   buff  cache   si   so    bi    bo   in   cs us sy id wa st gu
 1  0      0 106678216 3000 150479488 0   0    56     0 6504 3807  1  0 99  0  0  0
 1  0      0 106692644 3000 150480688 0   0     0     4 6839 4558  1  0 99  0  0  0
 1  0      0 106694708 3000 150478056 0   0     0     0 6278 3890  1  0 99  0  0  0
 1  0      0 106725176 3000 150477032 0   0     0     0 6547 3183  1  0 99  0  0  0
 1  0      0 106700708 3000 150473864 0   0     0     0 7477 7249  1  0 99  0  0  0
 1  0      0 106724012 3000 150479192 0   0     0     0 6491 3319  1  0 99  0  0  0
 1  0      0 106721012 3000 150481456 0   0     0     0 6045 2365  1  0 99  0  0  0
 1  0      0 106727732 3000 150475608 0   0     0     0 6614 3436  1  0 99  0  0  0
 1  1      0 106723884 3000 150476752 0   0     0 633680 9197 11916 1 0 99  0  0  0
 1  0      0 106718788 3000 150467116 0   0     0 1000624 12711 19988 1 0 99 0 0  0
 1  0      0 106702636 3000 150480216 0   0   100     0 6306 3353  1  0 99  0  0  0
 1  0      0 106695628 3000 150479376 0   0     0     0 7057 4146  1  0 99  0  0  0
 1  1      0 106676556 3000 150481784 0   0   128 1971772 15534 14070 1 0 99 1 0  0
 1  1      0 106703248 3000 150474436 0   0     0 1702144 18958 7562 1 0 98 1  0  0
 1  1      0 106691480 3000 150481964 0   0     0 1180000 17612 5508 1 0 98 1  0  0
 1  1      0 106673804 3000 150482672 0   0     0 1207316 18537 6370 1 0 98 1  0  0
 0  1      0 106686396 3000 150488320 0   0     0 1174544 15693 5944 1 0 98 1  0  0
 1  1      0 106683876 3000 150484832 0   0   544 1194208 15749 6395 1 0 98 1  0  0
 1  1      0 106663068 3000 150490984 0   0     0 1195144 16934 6361 1 0 98 1  0  0
 1  1      0 106694488 3000 150484752 0   0     0 1181632 22405 15691 1 0 98 1 0  0
 1  1      0 106678536 3000 150489016 0   0     0 1233584 17108 6898 1 0 98 1  0  0
procs -----------memory---------- ---swap-- -----io---- -system-- -------cpu-------
 r  b   swpd   free   buff  cache   si   so    bi    bo   in   cs us sy id wa st gu
 1  1      0 106681056 3000 150488500 0   0     0 1161632 16177 6354 1 0 98 1  0  0
 0  0      0 106657868 3000 150483324 0   0     0 787424 12896 10598 1 0 99 1  0  0
 1  0      0 106700340 3000 150474428 0   0     0    58 6887 3514  1  0 99  0  0  0
 1  0      0 106684932 3000 150489076 0   0     0     0 6328 2435  1  0 99  0  0  0
 1  0      0 106700388 3000 150481652 0   0   344     0 6337 3519  1  0 99  0  0  0
 1  0      0 106710384 3000 150470020 0   0     0     0 4667 2995  0  0 100 0  0  0
 1  0      0 106694428 3000 150490932 0   0     0     0 6220 3064  1  0 99  0  0  0
 1  0      0 106689820 3000 150487416 0   0   128    48 7016 4010  1  0 99  0  0  0
 1  0      0 106683292 3000 150475224 0   0     0     0 8334 6913  1  0 99  0  0  0
 2  0      0 106649484 3000 150488592 0   0     0     0 6080 3864  1  0 99  0  0  0
 1  0      0 106693520 3000 150483744 0   0     0     0 7066 3522  1  0 99  0  0  0
 1  0      0 106689184 3000 150487976 0   0     0     0 6611 5601  1  0 99  0  0  0
 1  0      0 106692864 3000 150488080 0   0     0     0 6295 3103  1  0 99  0  0  0
 2  0      0 106702884 3000 150486568 0   0     0     0 7428 6752  1  0 99  0  0  0
 1  0      0 106699448 3000 150482488 0   0     0     0 6778 3685  1  0 99  0  0  0
 1  0      0 106699764 3000 150488048 0   0     0     0 5808 2713  1  0 99  0  0  0
 0  0      0 106693268 3000 150486824 0   0     0     0 5740 2640  0  0 99  0  0  0
 1  0      0 106688328 3000 150478416 0   0     0     0 7572 3448  0  0 100 0  0  0
 1  0      0 106672716 3000 150485944 0   0     0     0 14263 7870 0  0 100 0  0  0
 0  0      0 106676716 3000 150484552 0   0     0     0 6627 3121  0  0 100 0  0  0
 0  0      0 106676372 3000 150484776 0   0     0     0 7588 3067  0  0 100 0  0  0
procs -----------memory---------- ---swap-- -----io---- -system-- -------cpu-------
 r  b   swpd   free   buff  cache   si   so    bi    bo   in   cs us sy id wa st gu
 1  0      0 106659512 3000 150490976 0   0     0     0 7230 5429  0  0 100 0  0  0
 0  0      0 106665088 3000 150487500 0   0    28     0 7495 3368  0  0 100 0  0  0
 0  0      0 106686512 3000 150490316 0   0     0     0 5190 2347  0  0 100 0  0  0
 1  0      0 106672572 3000 150485700 0   0     0     0 7783 3764  0  0 100 0  0  0
 0  0      0 106665300 3000 150489808 0   0     0     0 6687 2846  0  0 100 0  0  0
 0  1      0 106658440 3000 150492472 0   0    56 340112 7286 8069 0  0 100 0  0  0
 1  0      0 106697312 3000 150494544 0   0     0 1757040 16232 29986 1 0 99 0 0  0
 0  0      0 106667604 3000 150491716 0   0     0     0 8790 12644 0  0 100 0  0  0
 0  0      0 106672020 3000 150487076 0   0     0     0 7349 3754  0  0 100 0  0  0
 0  0      0 106664668 3000 150494148 0   0     0    12 6549 3508  0  0 100 0  0  0
 0  0      0 106662820 3000 150495692 0   0     0     0 5643 4541  0  0 100 0  0  0
 0  1      0 106696456 3000 150491292 0   0     0 789820 9026 13404 0 0 100 0  0  0
 1  1      0 106694976 3000 150488956 0   0     0 2100280 17430 34949 0 0 99 1 0  0
 1  0      0 106689948 3000 150494124 0   0     0 362192 11099 13035 0 0 99 0  0  0
 0  0      0 106690912 3000 150492436 0   0     0     0 4469 2564  0  0 100 0  0  0
 0  0      0 106686840 3000 150497380 0   0     0     0 5837 2603  0  0 100 0  0  0
 1  0      0 106698792 3000 150488868 0   0     0    60 7129 3561  0  0 100 0  0  0
 0  0      0 106652336 3000 150493524 0   0     0     0 9470 7541  0  0 100 0  0  0
 2  1      0 106647680 3000 150494516 0   0     0 1802128 11162 25845 0 0 99 0 0  0
 1  0      0 106559500 3000 150536940 0   0     0 295024 8945 10528 0 0 99  0  0  0
 0  0      0 106565844 3000 150535212 0   0     0     0 7218 5074  0  0 100 0  0  0
procs -----------memory---------- ---swap-- -----io---- -system-- -------cpu-------
 r  b   swpd   free   buff  cache   si   so    bi    bo   in   cs us sy id wa st gu
 1  0      0 106561712 3000 150541756 0   0     0     0 8917 3214  0  0 100 0  0  0
 0  0      0 106648456 3000 150545444 0   0     0     0 8804 6621  0  0 100 0  0  0
 1  0      0 106648520 3000 150544196 0   0     0     0 6887 3226  0  0 100 0  0  0
 0  1      0 106651064 3000 150536100 0   0     0 2172904 15359 30656 0 0 99 1 0  0
 0  1      0 106635024 3000 150546836 0   0     0 1181968 16207 35155 0 0 99 1 0  0
 0  0      0 106624480 3000 150546436 0   0     0 410000 11575 15192 1 0 99 0  0  0
 0  0      0 106657276 3000 150528356 0   0     0     0 8909 6838  0  0 100 0  0  0
 0  0      0 106641796 3000 150543044 0   0     0     0 7916 3064  0  0 100 0  0  0
 3  0      0 106639048 3000 150546268 0   0   296     0 7176 3847  0  0 100 0  0  0
 0  0      0 106635560 3000 150547012 0   0     0  3120 6771 5372  0  0 100 0  0  0
 1  0      0 106640204 3000 150544052 0   0   160     0 4108 3480  0  0 100 0  0  0
 2  0      0 106638192 3000 150546200 0   0     0     0 7502 2910  0  0 100 0  0  0
 0  0      0 106651484 3000 150537584 0   0     0     0 5863 3167  0  0 100 0  0  0
 1  0      0 106640884 3000 150547184 0   0     0     0 6014 2705  0  0 100 0  0  0
 1  0      0 106648388 3000 150538644 0   0     0     0 5821 3477  0  0 100 0  0  0
 1  0      0 106643804 3000 150536276 0   0     0 1048580 12284 17022 0 0 99 0 0  0
 0  0      0 106645268 3000 150538956 0   0     0     0 9759 12299 0  0 100 0  0  0
 1  0      0 106635316 3000 150546924 0   0     0     0 6008 3413  0  0 100 0  0  0
 2  0      0 106639340 3000 150543308 0   0     0     8 6095 2649  0  0 100 0  0  0
 1  0      0 106632116 3000 150546092 0   0     0     0 7232 4434  0  0 100 0  0  0
 0  1      0 106633184 3000 150544652 0   0     0 369961 8881 8886 0  0 100 0  0  0
procs -----------memory---------- ---swap-- -----io---- -system-- -------cpu-------
 r  b   swpd   free   buff  cache   si   so    bi    bo   in   cs us sy id wa st gu
 0  0      0 106646868 3000 150543340 0   0     0 678656 8489 10519 0 0 100 0  0  0
 1  0      0 106638720 3000 150547036 0   0     0     0 6255 3249  0  0 100 0  0  0
 1  0      0 106642204 3000 150543596 0   0     0     0 6600 2573  0  0 100 0  0  0
 0  0      0 106638512 3000 150546716 0   0     0     0 6720 3529  0  0 100 0  0  0
 1  0      0 106633320 3000 150542388 0   0     0    60 6534 3955  0  0 99  0  0  0
 0  0      0 106618724 3000 150543932 0   0     0 1048616 11931 21264 0 0 99 0 0  0
 0  0      0 106631916 3000 150545356 0   0     0    12 6796 3344  0  0 100 0  0  0
 1  0      0 106627196 3000 150548340 0   0     0     4 5970 2906  0  0 100 0  0  0
 0  0      0 106613664 3000 150549860 0   0     0     0 7836 5562  0  0 100 0  0  0
 1  0      0 106612672 3000 150550116 0   0     0     0 6695 3171  0  0 100 0  0  0
 1  0      0 106602816 3000 150549764 0   0     0     0 7384 6672  0  0 100 0  0  0
 0  0      0 106635460 3000 150544988 0   0     0     0 11630 3381 0  0 100 0  0  0
 0  0      0 106628424 3000 150550028 0   0     0     0 6881 2125  0  0 100 0  0  0
 0  0      0 106629852 3000 150545148 0   0     0     0 6244 3470  0  0 100 0  0  0
 1  0      0 106633000 3000 150539820 0   0     0     0 6364 3632  0  0 100 0  0  0
 1  1      0 106604236 3000 150547944 0   0    36 618192 9778 15634 0 0 100 0  0  0
 1  0      0 106646276 3000 150543656 0   0     0 430384 7577 8625 0  0 100 0  0  0
 0  0      0 106636484 3000 150544264 0   0     0     0 6121 2693  0  0 100 0  0  0
 0  0      0 106640380 3000 150539724 0   0     0     0 7287 5598  0  0 100 0  0  0
 1  0      0 106630700 3000 150549068 0   0     0     0 6318 3486  0  0 100 0  0  0
 1  0      0 106623620 3000 150548268 0   0     0     0 6817 2480  0  0 100 0  0  0
procs -----------memory---------- ---swap-- -----io---- -system-- -------cpu-------
 r  b   swpd   free   buff  cache   si   so    bi    bo   in   cs us sy id wa st gu
 0  0      0 106646524 3000 150544908 0   0     0 1048576 11191 16974 0 0 99 0 0  0
 0  0      0 106648460 3000 150542124 0   0     0     0 7639 2247  0  0 100 0  0  0
 1  0      0 106642648 3000 150544820 0   0     0     0 9449 3453  0  0 100 0  0  0
 1  0      0 106642856 3000 150540084 0   0     0     0 9342 3586  0  0 99  0  0  0
 1  0      0 106573420 3000 150546800 0   0     0     0 10402 13054 0 0 100 0  0  0
 1  1      0 106631820 3000 150540896 0   0     0 959536 9924 15814 0 0 99  0  0  0
 1  0      0 106612736 3000 150539648 0   0     0 89060 10254 4654 0  0 100 0  0  0
 1  0      0 106606292 3000 150539848 0   0     0     8 7418 4198  0  0 100 0  0  0
 0  0      0 106599600 3000 150543112 0   0     0     0 7221 4112  0  0 100 0  0  0
 1  0      0 106596508 3000 150547696 0   0     0    59 7001 2561  0  0 100 0  0  0
 2  0      0 106630864 3000 150542608 0   0     0     0 9745 4250  0  0 100 0  0  0
 0  0      0 106633432 3000 150540248 0   0     0     0 6281 2410  0  0 100 0  0  0
 1  0      0 106627800 3000 150545976 0   0     0     0 6708 3044  0  0 100 0  0  0
 0  0      0 106618744 3000 150540064 0   0     0   100 6151 3652  0  0 100 0  0  0
 1  0      0 106634200 3000 150547944 0   0     0     0 9920 7732  0  0 100 0  0  0
 2  0      0 106625388 3000 150541576 0   0     0     0 8092 3557  0  0 100 0  0  0
 0  0      0 106624100 3000 150542224 0   0     0 1048576 9605 16279 0 0 99 0  0  0
 1  0      0 106615584 3000 150545652 0   0   192     0 6631 5703  0  0 100 0  0  0
 1  0      0 106619844 3000 150539740 0   0     0    12 6454 3032  0  0 100 0  0  0
 0  0      0 106641012 3000 150545124 0   0     0     8 9598 7366  1  0 99  0  0  0
 1  0      0 106640412 3000 150545448 0   0     0     0 7465 3252  0  0 100 0  0  0
procs -----------memory---------- ---swap-- -----io---- -system-- -------cpu-------
 r  b   swpd   free   buff  cache   si   so    bi    bo   in   cs us sy id wa st gu
 0  0      0 106637408 3000 150546608 0   0     0 1048576 11533 16058 0 0 99 0 0  0
 2  0      0 106643668 3000 150541324 0   0     0     0 6578 3676  0  0 100 0  0  0
 0  0      0 106632184 3000 150541268 0   0     0     0 7155 3441  0  0 100 0  0  0
 0  0      0 106636076 3000 150542792 0   0     0     0 8202 7735  0  0 100 0  0  0
 0  0      0 106629684 2948 150545640 0   0  3528     0 6866 3137  0  0 100 0  0  0
 1  0      0 106629560 2948 150549308 0   0     0     0 7638 3594  0  0 100 0  0  0
 1  0      0 106617892 2948 150548372 0   0     0 1048576 12862 23394 0 0 99 0 0  0
 1  0      0 106620208 2948 150547308 0   0     0     0 5323 2816  0  0 100 0  0  0
 0  1      0 106543572 2948 150571960 0   0    20 576233 6712 6926 0  0 99  0  0  0
 0  1      0 106543392 2948 150571968 0   0     0 2115200 13269 6872 0 0 99 1  0  0
 1  0      0 106543408 2948 150571968 0   0     0 1178512 11509 3738 0 0 99 1  0  0
 1  0      0 106468008 2948 150588488 0   0    76 339470 8258 10427 0 0 99  0  0  0
 1  0      0 106418380 2948 150621260 0   0     0 32778 5442 8628  1  0 99  0  0  0
 0  0      0 106338464 2948 150639956 0   0  1236 33002 9494 19163 1  0 99  0  0  0
 1  0      0 106338796 2948 150640264 0   0     8    83 2961 3174  0  0 100 0  0  0
 0  0      0 106343028 2948 150640264 0   0     0     0 2332 2591  0  0 100 0  0  0
 0  0      0 106343340 2948 150640268 0   0     0     8 2605 4228  0  0 100 0  0  0
 0  0      0 106350776 2948 150640268 0   0     0     0 2800 3281  0  0 100 0  0  0
 0  0      0 106354352 2948 150640380 0   0    48 17513 2673 3429  0  0 100 0  0  0
 0  0      0 106357492 2948 150640384 0   0     0     0 2500 2902  0  0 100 0  0  0
 0  0      0 106365012 2948 150640384 0   0     0     0 2016 2162  0  0 100 0  0  0
procs -----------memory---------- ---swap-- -----io---- -system-- -------cpu-------
 r  b   swpd   free   buff  cache   si   so    bi    bo   in   cs us sy id wa st gu
 0  0      0 106387696 2948 150641660 0   0  1056 16624 3435 4510  0  0 100 0  0  0
 0  0      0 106394872 2948 150642088 0   0   176  1092 3158 3784  0  0 100 0  0  0
 0  0      0 106390120 2948 150642060 0   0    68     0 4429 6872  0  0 100 0  0  0
 0  0      0 106419576 2948 150624976 0   0     0    69 2675 3281  0  0 100 0  0  0
 0  0      0 106445684 2948 150632404 0   0 12140  5472 7931 13919 0  0 100 0  0  0
 0  0      0 106449256 2948 150632452 0   0     0     0 3198 5703  0  0 100 0  0  0
 0  0      0 106505388 2948 150572676 0   0   136    20 3708 5144  0  0 100 0  0  0
 0  0      0 106516884 2948 150572692 0   0    80     0 3856 6889  1  0 99  0  0  0
 0  0      0 106531056 2948 150573372 0   0   544    36 3727 5416  0  0 100 0  0  0
 0  0      0 106430988 2948 150636352 0   0  3400 64568 14876 26817 0 0 99  0  0  0
 1  0      0 106436888 2948 150637084 0   0     0     0 3323 4179  0  0 100 0  0  0
 0  0      0 106433264 2948 150637088 0   0     0     0 2877 3592  0  0 100 0  0  0
 0  0      0 106439144 2948 150637080 0   0     0     0 5651 8475  0  0 100 0  0  0
 1  0      0 106444932 2948 150637080 0   0     0     0 3202 3865  0  0 100 0  0  0
 1  0      0 106452940 2948 150637080 0   0     0     4 2472 2908  0  0 100 0  0  0
 0  0      0 106460404 2948 150637080 0   0     0     0 2698 5278  0  0 100 0  0  0
 1  0      0 106469156 2948 150637084 0   0     0     0 2780 3533  0  0 100 0  0  0
 0  0      0 106472228 2948 150637084 0   0     0     0 2212 2809  0  0 100 0  0  0
 0  0      0 106476664 2948 150637084 0   0     0   200 2262 2763  0  0 100 0  0  0
 0  0      0 106466836 2948 150637416 0   0   260   316 7581 13447 0  0 100 0  0  0
 3  0      0 106344160 2948 150663432 0   0  2656   224 8304 14141 0  0 99  0  0  0
procs -----------memory---------- ---swap-- -----io---- -system-- -------cpu-------
 r  b   swpd   free   buff  cache   si   so    bi    bo   in   cs us sy id wa st gu
 2  0      0 106235388 2948 150647300 0   0     0     0 8133 13062 1  0 99  0  0  0
 0  0      0 106263388 2948 150630936 0   0     0     0 6926 14058 0  0 100 0  0  0
 0  0      0 106262712 2948 150630936 0   0     0     0 2778 3816  0  0 100 0  0  0
 0  0      0 106275988 2948 150630936 0   0     0   516 2766 3336  0  0 100 0  0  0
 0  0      0 106300612 2948 150630996 0   0     8     0 3168 5160  0  0 100 0  0  0
 0  0      0 106310936 2948 150630996 0   0     0     0 2899 3781  0  0 100 0  0  0
 1  0      0 106316716 2948 150630996 0   0     0   193 2510 3222  0  0 100 0  0  0
 0  0      0 106320756 2948 150630996 0   0     0     0 2973 4045  0  0 100 0  0  0
