procs -----------memory---------- ---swap-- -----io---- -system-- -------cpu-------
 r  b   swpd   free   buff  cache   si   so    bi    bo   in   cs us sy id wa st gu
 0  0      0 120667820 1676 136485032 0   0   127 102965 5956   0  0  0 98  1  0  0
 0  0      0 120654056 1676 136485868 0   0     0     0 5666 9107  0  0 100 0  0  0
 0  0      0 120657352 1676 136485868 0   0     0    73 2820 3823  0  0 100 0  0  0
 0  0      0 120654528 1676 136485868 0   0     0     0 3282 4748  0  0 100 0  0  0
 0  0      0 120662540 1676 136485868 0   0     0     0 2800 3385  0  0 100 0  0  0
 0  0      0 120665860 1676 136485868 0   0     0     0 2062 2536  0  0 100 0  0  0
 0  0      0 120672884 1676 136485868 0   0     0     0 2623 5248  0  0 100 0  0  0
 0  0      0 120670432 1676 136485872 0   0     0     0 4452 6744  0  0 100 0  0  0
 0  0      0 120618372 1676 136509888 0   0     0   624 7152 10631 0  0 100 0  0  0
 0  0      0 120538876 1676 136591836 0   0     0     0 4940 4623  1  0 99  0  0  0
 0  0      0 120459492 1676 136673760 0   0     0     0 5318 4450  0  0 100 0  0  0
 0  0      0 120395500 1676 136741368 0   0     0     0 6098 10915 0  0 100 0  0  0
 1  0      0 120327192 1676 136813048 0   0     0     0 4988 4223  0  0 100 0  0  0
 0  0      0 120236256 1676 136895992 0   0     0     8 5920 5537  0  0 100 0  0  0
 0  0      0 120151600 1676 136986104 0   0     0  2920 5763 4260  0  0 100 0  0  0
 0  0      0 120087076 1676 137053688 0   0     0     0 4239 3733  0  0 100 0  0  0
 0  0      0 120021756 1676 137122296 0   0     0     0 4520 5502  0  0 100 0  0  0
 0  0      0 119927836 1676 137217528 0   0     0     0 4482 2865  0  0 100 0  0  0
 0  0      0 119848640 1676 137298424 0   0     0  3532 5345 4444  0  0 100 0  0  0
 0  0      0 119754256 1676 137393656 0   0     0     0 4584 3534  0  0 100 0  0  0
 0  0      0 119688604 1676 137462264 0   0     0    33 4813 3929  0  0 100 0  0  0
procs -----------memory---------- ---swap-- -----io---- -system-- -------cpu-------
 r  b   swpd   free   buff  cache   si   so    bi    bo   in   cs us sy id wa st gu
 1  0      0 119638480 1676 137516536 0   0     0     8 4846 6313  0  0 100 0  0  0
 0  0      0 119602656 1676 137545228 0   0     0 1048841 13432 8272 0 0 100 0 0  0
 0  0      0 119510008 1676 137627140 0   0     0     0 5455 5527  0  0 100 0  0  0
 0  0      0 119463392 1676 137681420 0   0     0     0 4305 4049  0  0 100 0  0  0
 0  0      0 119411264 1676 137735692 0   0     0     0 4186 3309  0  0 100 0  0  0
 0  0      0 119363088 1676 137789948 0   0     0     0 5650 10103 0  0 100 0  0  0
 0  0      0 119293972 1676 137860604 0   0     0     4 4522 3806  0  0 100 0  0  0
 1  0      0 119226148 1676 137930236 0   0     0  1332 5088 4339  0  0 100 0  0  0
 0  0      0 119151060 1676 138007036 0   0     0    12 4976 3997  0  0 100 0  0  0
 1  0      0 119078148 1676 138081788 0   0     0     0 5288 3694  0  0 100 0  0  0
 0  0      0 119016708 1676 138143232 0   0     0     0 6059 6831  0  0 100 0  0  0
 0  0      0 118950628 1676 138210812 0   0     0  1467 4293 4555  0  0 100 0  0  0
 0  0      0 118887824 1676 138266112 0   0     0     4 4444 5205  0  0 100 0  0  0
 0  0      0 118813484 1676 138347008 0   0     0     0 4593 4308  0  0 100 0  0  0
 0  0      0 118745568 1676 138415616 0   0     0     0 4397 3923  0  0 100 0  0  0
 0  0      0 118679148 1676 138483200 0   0     0     0 5016 6431  0  0 100 0  0  0
 0  0      0 118611688 1676 138550784 0   0     0     0 4005 3303  0  0 100 0  0  0
 0  1      0 118580152 1676 138583552 0   0     0 979968 9668 4671 0  0 100 0  0  0
 1  0      0 118519336 1676 138646016 0   0     0 68610 7232 4343  0  0 100 0  0  0
 0  0      0 118489620 1676 138675712 0   0     0     0 3464 3620  0  0 100 0  0  0
 0  0      0 118420556 1676 138743300 0   0     0     0 6606 11971 0  0 100 0  0  0
procs -----------memory---------- ---swap-- -----io---- -system-- -------cpu-------
 r  b   swpd   free   buff  cache   si   so    bi    bo   in   cs us sy id wa st gu
 0  0      0 118365988 1676 138797568 0   0     0     0 4982 4128  0  0 100 0  0  0
 0  0      0 118277056 1676 138879488 0   0     0     4 5348 5424  0  0 100 0  0  0
 0  0      0 118214100 1676 138947064 0   0     0     4 4677 4563  0  0 100 0  0  0
 0  0      0 118146364 1676 139015672 0   0     0     0 4527 4515  0  0 100 0  0  0
 0  0      0 118067560 1676 139096608 0   0     0     0 5161 6276  0  0 100 0  0  0
 0  0      0 118003388 1676 139162144 0   0     0     0 3572 3258  0  0 100 0  0  0
 0  0      0 117950416 1676 139219488 0   0     0    80 4803 3743  0  0 100 0  0  0
 0  0      0 117884464 1676 139287072 0   0     0     0 4721 3781  0  0 100 0  0  0
 0  0      0 117831584 1676 139341344 0   0     0     0 3253 3130  0  0 100 0  0  0
 0  0      0 117756140 1676 139409948 0   0     0     0 5010 5877  0  0 100 0  0  0
 0  0      0 117689240 1676 139477536 0   0     0     0 4783 4232  0  0 100 0  0  0
 0  0      0 117635184 1676 139531808 0   0     0    24 5583 7088  0  0 100 0  0  0
 0  0      0 117565828 1676 139599424 0   0     0     0 5618 3936  0  0 100 0  0  0
 0  1      0 117534416 1676 139632192 0   0     0 866304 10322 4478 0 0 100 0  0  0
 0  0      0 117454876 1676 139711040 0   0     0 182275 7975 10467 0 0 100 0  0  0
 0  0      0 117402512 1676 139765312 0   0     0     0 4024 3481  0  0 100 0  0  0
 1  0      0 117344552 1676 139824704 0   0     0     0 4186 3917  0  0 100 0  0  0
 0  0      0 117269964 1676 139900484 0   0     0     0 4885 4386  0  0 100 0  0  0
 0  0      0 117202436 1676 139969092 0   0     0     0 5626 4611  0  0 100 0  0  0
 0  0      0 117120548 1676 140049988 0   0     0     4 6032 7069  0  0 100 0  0  0
 0  0      0 117042988 1676 140126788 0   0     0    23 5432 4733  0  0 100 0  0  0
procs -----------memory---------- ---swap-- -----io---- -system-- -------cpu-------
 r  b   swpd   free   buff  cache   si   so    bi    bo   in   cs us sy id wa st gu
 1  0      0 116975432 1676 140193384 0   0     0    57 4762 5654  0  0 100 0  0  0
 0  0      0 116914636 1676 140253828 0   0     0     0 4768 4187  0  0 100 0  0  0
 0  0      0 116847668 1676 140322436 0   0     0     0 3783 3722  0  0 100 0  0  0
 0  0      0 116791336 1676 140379780 0   0     0     0 4392 6264  0  0 100 0  0  0
 1  0      0 116721252 1676 140450436 0   0     0     0 3775 2924  0  0 100 0  0  0
 0  0      0 116659472 1676 140512900 0   0     0     0 3865 3383  0  0 100 0  0  0
 0  0      0 116579492 1676 140593796 0   0     0     0 4177 3503  0  0 100 0  0  0
 0  0      0 116511272 1676 140662404 0   0     0     0 4406 3604  0  0 100 0  0  0
 0  0      0 116473164 1676 140704384 0   0     0 1048577 13651 10664 0 0 100 0 0 0
 0  0      0 116418936 1676 140758660 0   0     0     4 4507 3929  0  0 100 0  0  0
 0  0      0 116351860 1676 140813960 0   0     0     0 4809 4629  0  0 100 0  0  0
 2  0      0 116278832 1676 140894852 0   0     0     0 4801 4460  0  0 100 0  0  0
 1  0      0 116227120 1676 140948100 0   0     0     0 3757 3360  0  0 100 0  0  0
 1  0      0 116158096 1676 141017732 0   0     0    20 4636 6388  0  0 100 0  0  0
 0  0      0 116091596 1676 141085316 0   0     0     0 4798 3649  0  0 100 0  0  0
 0  0      0 116024400 1676 141152900 0   0     0  1232 3601 3133  0  0 100 0  0  0
 0  0      0 115942744 1676 141234820 0   0     0     0 5118 3730  0  0 100 0  0  0
 0  0      0 115889232 1676 141289092 0   0     0     0 5035 3994  0  0 100 0  0  0
 1  0      0 115807592 1676 141371012 0   0     0     0 5968 6298  0  0 100 0  0  0
 1  0      0 115738012 1676 141438596 0   0     0     4 5625 4769  0  0 100 0  0  0
 0  0      0 115656356 1676 141507204 0   0     0     0 5388 5470  0  0 100 0  0  0
procs -----------memory---------- ---swap-- -----io---- -system-- -------cpu-------
 r  b   swpd   free   buff  cache   si   so    bi    bo   in   cs us sy id wa st gu
 2  0      0 115615996 1676 141551240 0   0     0     0 4314 4530  0  0 100 0  0  0
 0  0      0 115525228 1676 141642376 0   0     0     0 5473 3826  0  0 100 0  0  0
 0  0      0 115484140 1676 141683336 0   0     0     0 5015 10305 0  0 100 0  0  0
 0  1      0 115438364 1676 141729416 0   0     0 1048576 11190 4343 0 0 100 0 0  0
 0  0      0 115396704 1676 141772424 0   0     0     3 4593 3501  0  0 100 0  0  0
 0  0      0 115337052 1676 141834888 0   0     0     0 3929 3875  0  0 100 0  0  0
 0  0      0 115296544 1676 141875848 0   0     0     0 3577 3444  0  0 100 0  0  0
 0  0      0 115227668 1676 141943432 0   0     0     0 5618 6563  0  0 100 0  0  0
 0  0      0 115173604 1676 141997704 0   0     0     0 5409 5109  0  0 100 0  0  0
 0  0      0 115120000 1676 142051976 0   0     0    23 4595 5507  0  0 100 0  0  0
 0  0      0 115048812 1676 142120584 0   0     0     8 4459 3848  0  0 100 0  0  0
 0  0      0 114994224 1676 142174856 0   0     0     0 3745 3400  0  0 100 0  0  0
 1  0      0 114913652 1676 142259848 0   0     0     0 5342 6049  0  0 100 0  0  0
 1  0      0 114876548 1676 142297736 0   0     0     4 2930 2574  0  0 100 0  0  0
 0  0      0 114796180 1676 142378632 0   0     0     4 5458 3665  0  0 100 0  0  0
 0  0      0 114700092 1676 142473864 0   0     0     0 5670 4525  0  0 100 0  0  0
 0  0      0 114646416 1676 142528136 0   0     0     0 5293 4612  0  0 100 0  0  0
 0  0      0 114578292 1676 142595720 0   0     0     0 6273 10356 0  0 100 0  0  0
 0  0      0 114507816 1676 142664328 0   0     0     0 5715 4750  0  0 100 0  0  0
 5  0      0 114461276 1676 142705288 0   0     0     0 4628 5386  0  0 100 0  0  0
 0  0      0 114390964 1676 142772872 0   0     0     0 4679 4481  0  0 100 0  0  0
procs -----------memory---------- ---swap-- -----io---- -system-- -------cpu-------
 r  b   swpd   free   buff  cache   si   so    bi    bo   in   cs us sy id wa st gu
 0  0      0 114361512 1676 142801544 0   0     0 1048578 11539 4882 0 0 100 0 0  0
 0  0      0 114308800 1676 142855856 0   0     0     0 4728 6037  0  0 100 0  0  0
 1  0      0 114233332 1676 142930608 0   0     0     0 4194 3207  0  0 100 0  0  0
 0  0      0 114146828 1676 143019696 0   0     0     0 4232 3493  0  0 100 0  0  0
 0  0      0 114081280 1676 143087280 0   0     0    16 3864 3255  0  0 100 0  0  0
 0  0      0 114013952 1676 143154868 0   0     0     4 4589 4106  0  0 100 0  0  0
 0  0      0 113947760 1676 143223476 0   0     0     0 5487 6602  0  0 100 0  0  0
 0  0      0 113906392 1676 143264436 0   0     0     4 3778 4174  0  0 100 0  0  0
 0  0      0 113828208 1676 143332020 0   0     0     0 6477 6851  0  0 100 0  0  0
 2  0      0 113747316 1676 143413948 0   0     0     0 4615 3234  0  0 100 0  0  0
 0  0      0 113679156 1676 143481532 0   0     0     0 4252 4077  0  0 100 0  0  0
 0  0      0 113624236 1676 143535804 0   0     0     0 4802 9893  0  0 100 0  0  0
 0  0      0 113582992 1676 143576764 0   0     0     0 3308 3082  0  0 100 0  0  0
 0  0      0 113515832 1676 143645372 0   0     0     0 4219 3635  0  0 100 0  0  0
 0  0      0 113448224 1676 143712956 0   0     0     0 4600 3920  0  0 100 0  0  0
 0  0      0 113394876 1676 143767228 0   0     0     0 4377 4218  0  0 100 0  0  0
 0  1      0 113334304 1676 143826620 0   0     0 866304 8751 6629 0  0 100 0  0  0
 0  0      0 113283368 1676 143877820 0   0     0 182275 9419 4594 0  0 100 0  0  0
 0  0      0 113228828 1676 143932096 0   0     0    19 4433 4578  0  0 100 0  0  0
 1  0      0 113165196 1676 143999676 0   0     0     0 5755 4359  0  0 100 0  0  0
 0  0      0 113088784 1676 144076476 0   0     0     8 4774 3982  0  0 100 0  0  0
procs -----------memory---------- ---swap-- -----io---- -system-- -------cpu-------
 r  b   swpd   free   buff  cache   si   so    bi    bo   in   cs us sy id wa st gu
 0  0      0 113043804 1676 144122556 0   0     0     0 3612 5547  0  0 100 0  0  0
 0  0      0 112989580 1676 144176828 0   0     0     8 4537 3612  0  0 100 0  0  0
 1  0      0 112908020 1676 144258748 0   0     0     0 5515 4101  0  0 100 0  0  0
 0  0      0 112841664 1676 144326332 0   0     0     0 4596 3646  0  0 100 0  0  0
 0  0      0 112774532 1676 144393916 0   0     0     0 4573 4214  0  0 100 0  0  0
 0  0      0 112719372 1676 144448200 0   0     0     0 6256 10080 0  0 100 0  0  0
 0  0      0 112649836 1676 144516804 0   0     0     0 4398 4253  0  0 100 0  0  0
 0  0      0 112581392 1676 144584388 0   0     0    44 5006 5899  0  0 100 0  0  0
 0  0      0 112510624 1676 144652996 0   0     0     0 3923 3023  0  0 100 0  0  0
 0  0      0 112456092 1676 144707272 0   0     0     0 4443 4055  0  0 100 0  0  0
 1  0      0 112378124 1676 144786120 0   0     0     0 4702 6493  0  0 100 0  0  0
 0  0      0 112307196 1676 144856776 0   0     0     0 4907 3086  0  0 100 0  0  0
 0  0      0 112267680 1676 144898760 0   0     0 1048577 11738 4124 0 0 100 0 0  0
 0  0      0 112199508 1676 144967368 0   0     0    72 5098 4336  0  0 99  0  0  0
 0  0      0 112129444 1676 145038024 0   0     0     0 5556 4417  0  0 100 0  0  0
 0  0      0 112063412 1676 145103560 0   0     0     0 5251 6369  0  0 100 0  0  0
 0  0      0 112008576 1676 145157840 0   0     0     4 3917 4220  0  0 100 0  0  0
 0  0      0 111947344 1676 145212116 0   0     0     4 5500 6069  0  0 100 0  0  0
 0  0      0 111876000 1676 145282768 0   0     0     0 4723 3705  0  0 100 0  0  0
 0  0      0 111812168 1676 145348304 0   0     0     0 4423 4016  0  0 100 0  0  0
 0  0      0 111772728 1676 145388240 0   0     0     0 4748 9967  0  0 100 0  0  0
procs -----------memory---------- ---swap-- -----io---- -system-- -------cpu-------
 r  b   swpd   free   buff  cache   si   so    bi    bo   in   cs us sy id wa st gu
 0  0      0 111718220 1676 145442512 0   0     0     0 4721 4525  0  0 100 0  0  0
 0  0      0 111678100 1676 145483472 0   0     0     0 3471 3632  0  0 100 0  0  0
 0  0      0 111624608 1676 145537744 0   0     0     0 3961 3620  0  0 100 0  0  0
 0  0      0 111564868 1676 145598160 0   0     0     0 4430 4056  0  0 100 0  0  0
 0  0      0 111486144 1676 145673936 0   0     0     0 6826 7147  0  0 100 0  0  0
 0  0      0 111419592 1676 145742544 0   0     0     0 4389 4567  0  0 100 0  0  0
 0  0      0 111340976 1676 145810128 0   0     0    19 5333 5873  0  0 100 0  0  0
 0  0      0 111298252 1676 145853136 0   0     0     0 3816 3491  0  0 100 0  0  0
 1  0      0 111247028 1676 145905360 0   0     0     8 3795 3700  0  0 100 0  0  0
 0  0      0 111208516 1676 145947344 0   0     0 1048578 12111 7235 0 0 100 0 0  0
 0  0      0 111153748 1676 146002640 0   0     0     0 4415 3676  0  0 100 0  0  0
 0  0      0 111091808 1676 146065104 0   0     0     0 3835 3493  0  0 100 0  0  0
 0  0      0 111020752 1676 146137808 0   0     0     0 6159 5200  0  0 100 0  0  0
 0  0      0 110952156 1676 146206416 0   0     0     0 4003 3914  0  0 100 0  0  0
 0  0      0 110913464 1676 146246356 0   0     0     4 5967 11182 0  0 100 0  0  0
 0  0      0 110860760 1676 146300624 0   0     0     0 4302 4110  0  0 100 0  0  0
 0  0      0 110799256 1676 146355920 0   0     0     0 4927 5685  0  0 100 0  0  0
 1  0      0 110724112 1676 146432720 0   0     0     0 5545 4087  0  0 100 0  0  0
 0  0      0 110679764 1676 146477776 0   0     0     0 4211 4301  0  0 100 0  0  0
 0  0      0 110613116 1676 146545400 0   0     0     0 5822 6560  0  0 100 0  0  0
 0  0      0 110559836 1676 146599676 0   0     0     0 3320 2922  0  0 100 0  0  0
procs -----------memory---------- ---swap-- -----io---- -system-- -------cpu-------
 r  b   swpd   free   buff  cache   si   so    bi    bo   in   cs us sy id wa st gu
 0  0      0 110520220 1676 146640636 0   0     0    44 4018 3476  0  0 100 0  0  0
 0  0      0 110439328 1676 146722556 0   0     0    16 4669 3027  0  0 100 0  0  0
 0  0      0 110386612 1676 146776828 0   0     0     0 3989 3148  0  0 100 0  0  0
 0  0      0 110315024 1676 146844416 0   0     0     0 5986 6218  0  0 100 0  0  0
 0  0      0 110256044 1676 146904828 0   0     0     0 4457 4291  0  0 100 0  0  0
 0  0      0 110195708 1676 146967292 0   0     0     8 6002 6099  0  0 100 0  0  0
 0  0      0 110167888 1676 146995964 0   0     0 1048579 11675 3789 0 0 100 0 0  0
 2  0      0 110099780 1676 147064572 0   0     0     0 4262 3377  0  0 100 0  0  0
 0  0      0 110046696 1676 147118844 0   0     0     0 5510 11024 0  0 100 0  0  0
 0  0      0 109964964 1676 147199744 0   0     0     0 4945 3460  0  0 100 0  0  0
 0  0      0 109909420 1676 147255040 0   0     0     4 4254 3721  0  0 100 0  0  0
 0  0      0 109829540 1676 147335936 0   0     0     4 5494 3813  0  0 100 0  0  0
 0  0      0 109776188 1676 147390208 0   0     0     0 4267 3816  0  0 100 0  0  0
 0  0      0 109706576 1676 147458816 0   0     0     0 6746 7482  0  0 100 0  0  0
 1  0      0 109664920 1676 147499776 0   0     0     0 4960 5031  0  0 100 0  0  0
 0  0      0 109572992 1676 147593988 0   0     0    28 5880 5740  0  0 100 0  0  0
 0  0      0 109518500 1676 147649280 0   0     0     0 4233 2948  0  0 100 0  0  0
 0  0      0 109466752 1676 147703552 0   0     0     0 3320 3052  0  0 100 0  0  0
 0  0      0 109412980 1676 147757824 0   0     0     8 3908 5599  0  0 100 0  0  0
 0  0      0 109358272 1676 147812096 0   0     0     4 3460 3097  0  0 100 0  0  0
 0  0      0 109290632 1676 147879680 0   0     0     0 3781 3307  0  0 100 0  0  0
procs -----------memory---------- ---swap-- -----io---- -system-- -------cpu-------
 r  b   swpd   free   buff  cache   si   so    bi    bo   in   cs us sy id wa st gu
 1  0      0 109197116 1676 147972864 0   0     0     0 4788 3411  0  0 100 0  0  0
 0  1      0 109149028 1676 148020992 0   0     0 1048576 11246 4272 0 0 99 0  0  0
 0  0      0 109105972 1676 148058880 0   0     0     1 6608 10191 0  0 100 0  0  0
 0  0      0 109038456 1676 148126468 0   0     0     0 4955 5364  0  0 100 0  0  0
 0  0      0 108977640 1676 148180748 0   0     0     0 5600 6206  0  0 100 0  0  0
 0  0      0 108909392 1676 148249352 0   0     0     0 4115 3416  0  0 100 0  0  0
 0  0      0 108870780 1676 148289288 0   0     0     0 3290 3140  0  0 100 0  0  0
 0  0      0 108822512 1676 148343560 0   0     0    20 4033 5951  0  0 100 0  0  0
 0  0      0 108768236 1676 148398856 0   0     0     0 3504 3108  0  0 100 0  0  0
 1  0      0 108709896 1676 148458248 0   0     0     0 3300 2721  0  0 100 0  0  0
 0  0      0 108662256 1676 148507400 0   0     0   116 4534 3615  0  0 100 0  0  0
 0  0      0 108634340 1676 148534024 0   0     0     0 4083 8383  0  0 100 0  0  0
 0  0      0 108574520 1676 148589316 0   0     0     0 6229 6609  0  0 100 0  0  0
 0  0      0 108501296 1676 148665096 0   0     0     0 5910 5048  0  0 100 0  0  0
 0  0      0 108422024 1676 148738824 0   0     0     4 6670 6581  0  0 100 0  0  0
 0  0      0 108355244 1676 148806408 0   0     0     4 4410 3474  0  0 100 0  0  0
 0  0      0 108288500 1676 148873992 0   0     0     0 5794 3700  0  0 100 0  0  0
 0  0      0 108236416 1676 148928264 0   0     0     0 5320 10012 0  0 100 0  0  0
 0  0      0 108168404 1676 148996872 0   0     0     0 4420 4024  0  0 100 0  0  0
 0  0      0 108068860 1676 149080832 0   0     0 16396 7395 7163  0  0 100 0  0  0
 0  0      0 108039760 1676 149109508 0   0     0 1048582 11431 3781 0 0 100 0 0  0
procs -----------memory---------- ---swap-- -----io---- -system-- -------cpu-------
 r  b   swpd   free   buff  cache   si   so    bi    bo   in   cs us sy id wa st gu
 1  0      0 107983264 1676 149170948 0   0     0     0 5192 3458  0  0 100 0  0  0
 0  0      0 107909956 1676 149245700 0   0     0     0 5564 6467  0  0 100 0  0  0
 0  0      0 107841492 1676 149314308 0   0     0     0 5104 5029  0  0 100 0  0  0
 1  0      0 107751608 1676 149395204 0   0     0    65 5374 4851  0  0 100 0  0  0
 0  0      0 107697480 1676 149457668 0   0     0     4 5299 4736  0  0 100 0  0  0
 0  0      0 107665156 1676 149490436 0   0     0     0 3517 3469  0  0 100 0  0  0
 1  0      0 107600900 1676 149556996 0   0     0     0 4899 6327  0  0 100 0  0  0
 0  0      0 107545132 1676 149613316 0   0     0     8 4692 3479  0  0 100 0  0  0
 1  0      0 107493556 1676 149666568 0   0     0     0 4806 3812  0  0 100 0  0  0
 0  0      0 107478776 1676 149680904 0   0     0     0 3064 3334  0  0 100 0  0  0
 0  0      0 107418424 1676 149743368 0   0     0     0 5239 4292  0  0 100 0  0  0
 0  0      0 107364476 1676 149802768 0   0     0     0 6460 10511 0  0 100 0  0  0
 1  0      0 107302592 1676 149865192 0   0     0     4 5034 5076  0  0 100 0  0  0
 0  0      0 107267624 1676 149897960 0   0     0     8 5181 6282  0  0 100 0  0  0
 0  0      0 107193960 1676 149971688 0   0     0     0 4214 3534  0  0 100 0  0  0
 0  0      0 107136480 1676 150029032 0   0     0     0 4534 4190  0  0 100 0  0  0
 0  0      0 107078928 1676 150088464 0   0     0     0 4943 6858  0  0 100 0  0  0
 0  0      0 107038716 1676 150134544 0   0     0 1048578 12489 4545 0 0 100 0 0  0
 0  0      0 106985620 1676 150185744 0   0     0     0 5181 4644  0  0 100 0  0  0
 0  0      0 106935868 1676 150236944 0   0     0  1284 3756 3229  0  0 100 0  0  0
 1  0      0 106879220 1676 150294288 0   0     0     0 3690 3348  0  0 100 0  0  0
procs -----------memory---------- ---swap-- -----io---- -system-- -------cpu-------
 r  b   swpd   free   buff  cache   si   so    bi    bo   in   cs us sy id wa st gu
 0  0      0 106796996 1676 150376208 0   0     0     0 5910 6555  0  0 100 0  0  0
 0  0      0 106729908 1676 150443792 0   0     0     4 5585 4771  0  0 100 0  0  0
 0  0      0 106661416 1676 150511376 0   0     0     0 5509 6549  0  0 100 0  0  0
 0  0      0 106619040 1676 150558480 0   0     0     0 3579 3188  0  0 100 0  0  0
 0  0      0 106556644 1676 150620944 0   0     0     0 4232 3605  0  0 100 0  0  0
 0  0      0 106501112 1676 150675216 0   0     0     0 5802 10231 0  0 100 0  0  0
 0  0      0 106446912 1676 150729488 0   0     0     0 4418 3633  0  0 100 0  0  0
 0  0      0 106379684 1676 150797072 0   0     0    44 4999 4629  0  0 100 0  0  0
 0  0      0 106325920 1676 150851344 0   0     0     0 3367 3152  0  0 100 0  0  0
 0  0      0 106257908 1676 150919952 0   0     0     0 4028 3811  0  0 100 0  0  0
 0  0      0 106174688 1676 151000852 0   0     0     0 6213 6351  0  0 100 0  0  0
 1  0      0 106120052 1676 151055120 0   0     0     8 3874 4010  0  0 100 0  0  0
 0  0      0 106053696 1676 151110420 0   0     0    29 6057 6587  0  0 100 0  0  0
 0  0      0 106004696 1676 151158548 0   0     0     8 3916 3237  0  0 100 0  0  0
 0  0      0 105953544 1676 151206676 0   0     0 1048577 11609 3898 0 0 100 0 0  0
 1  0      0 105901144 1676 151261972 0   0     0     0 3326 3260  0  0 100 0  0  0
 0  0      0 105832588 1676 151329556 0   0     0     0 4094 4848  0  0 100 0  0  0
 0  0      0 105779724 1676 151383828 0   0     0     0 4343 4332  0  0 100 0  0  0
 0  0      0 105712096 1676 151451412 0   0     0     0 4428 3767  0  0 100 0  0  0
 0  0      0 105671696 1676 151492372 0   0     0     4 3143 2991  0  0 100 0  0  0
 0  0      0 105627460 1676 151533328 0   0     0     0 5721 10003 0  0 100 0  0  0
procs -----------memory---------- ---swap-- -----io---- -system-- -------cpu-------
 r  b   swpd   free   buff  cache   si   so    bi    bo   in   cs us sy id wa st gu
 0  0      0 105585240 1676 151574300 0   0     0    12 4341 4258  0  0 100 0  0  0
 0  0      0 105532180 1676 151628576 0   0     0     0 5482 6751  0  0 100 0  0  0
 0  0      0 105462776 1676 151696188 0   0     0     0 4080 3379  0  0 100 0  0  0
 0  0      0 105395360 1676 151764796 0   0     0     0 4301 3881  0  0 100 0  0  0
 0  0      0 105342372 1676 151819068 0   0     0     0 4357 3161  0  0 100 0  0  0
 0  0      0 105277768 1676 151886652 0   0     0     0 4083 5288  0  0 100 0  0  0
 2  0      0 105196892 1676 151968572 0   0     0     0 4070 3081  0  0 100 0  0  0
 0  0      0 105115080 1676 152050492 0   0     0    52 4745 3661  0  0 100 0  0  0
 0  0      0 105061460 1676 152104764 0   0     0     0 4253 3836  0  0 100 0  0  0
 0  0      0 105005044 1676 152159032 0   0     0     0 4914 5895  0  0 100 0  0  0
 0  1      0 104934056 1676 152231740 0   0     0 866304 5547 4690 0  0 100 0  0  0
 1  0      0 104900640 1676 152262460 0   0     0 182276 12472 6734 0 0 100 0  0  0
 1  0      0 104826992 1676 152334140 0   0     0     0 4349 4062  0  0 100 0  0  0
 0  0      0 104756620 1676 152404796 0   0     0     0 4294 3735  0  0 100 0  0  0
 0  0      0 104716008 1676 152445788 0   0     0     0 3944 7460  0  0 100 0  0  0
 0  0      0 104661988 1676 152500060 0   0     0     0 3874 4820  0  0 100 0  0  0
 0  0      0 104608172 1676 152554332 0   0     0     4 3612 3832  0  0 100 0  0  0
 1  0      0 104551852 1676 152610652 0   0     0     0 3915 3882  0  0 100 0  0  0
 0  0      0 104472364 1676 152690528 0   0     0     0 4426 3254  0  0 100 0  0  0
 0  0      0 104406624 1676 152758108 0   0     0     0 5631 6602  0  0 100 0  0  0
 1  0      0 104323588 1676 152826720 0   0     0     0 4040 4060  0  0 100 0  0  0
procs -----------memory---------- ---swap-- -----io---- -system-- -------cpu-------
 r  b   swpd   free   buff  cache   si   so    bi    bo   in   cs us sy id wa st gu
 0  0      0 104273332 1676 152867680 0   0     0    23 5860 6143  0  0 100 0  0  0
 0  0      0 104206948 1676 152935264 0   0     0     0 3996 3334  0  0 100 0  0  0
 0  0      0 104141284 1676 153002848 0   0     0     0 3365 3214  0  0 100 0  0  0
 0  0      0 104087616 1676 153057120 0   0     0     0 3180 3326  0  0 100 0  0  0
 0  0      0 104032424 1676 153112416 0   0     0     0 3572 5572  0  0 100 0  0  0
 0  0      0 103964732 1676 153180000 0   0     0     0 4053 3483  0  0 100 0  0  0
 0  0      0 103883972 1676 153261920 0   0     0     0 5883 4799  0  0 100 0  0  0
 0  0      0 103844424 1676 153303904 0   0     0 1048578 11115 4192 0 0 100 0 0  0
 0  0      0 103786500 1676 153358224 0   0     0     0 5523 10432 0  0 100 0  0  0
 0  0      0 103732104 1676 153413512 0   0     0     0 3779 3908  0  0 100 0  0  0
 0  0      0 103668996 1676 153467780 0   0     0     0 4932 6399  0  0 100 0  0  0
 0  0      0 103614856 1676 153522056 0   0     0     8 4513 4201  0  0 100 0  0  0
 0  0      0 103561288 1676 153576328 0   0     0    20 3368 3494  0  0 100 0  0  0
 0  0      0 103507740 1676 153630640 0   0     0     0 3212 3187  0  0 100 0  0  0
 0  0      0 103454492 1676 153684912 0   0     0     0 3812 5429  0  0 100 0  0  0
 0  0      0 103372988 1676 153766832 0   0     0     0 4114 3095  0  0 100 0  0  0
 0  0      0 103332908 1676 153807792 0   0     0   124 3914 4020  0  0 100 0  0  0
 0  0      0 103265300 1676 153875376 0   0     0     0 3351 3178  0  0 100 0  0  0
 1  0      0 103178808 1676 153964464 0   0     0     0 4872 5820  0  0 100 0  0  0
 0  0      0 103145060 1676 153997232 0   0     0  1064 4344 4117  0  0 100 0  0  0
 0  0      0 103065260 1676 154079152 0   0     0     0 6077 5884  0  0 100 0  0  0
procs -----------memory---------- ---swap-- -----io---- -system-- -------cpu-------
 r  b   swpd   free   buff  cache   si   so    bi    bo   in   cs us sy id wa st gu
 1  0      0 103003720 1676 154140624 0   0     0     0 3856 3498  0  0 100 0  0  0
 0  0      0 102942788 1676 154202068 0   0     0     0 4162 3935  0  0 100 0  0  0
 0  0      0 102890192 1676 154256340 0   0     0     0 4513 7973  0  0 100 0  0  0
 0  0      0 102838984 1676 154310612 0   0     0     0 4343 5396  0  0 100 0  0  0
 0  0      0 102760540 1676 154392532 0   0     0 1048579 11537 4449 0 0 100 0 0  0
 0  0      0 102442372 1676 154714068 0   0     0     0 4134 3876  0  0 100 0  0  0
 0  0      0 102045116 1676 155114484 0   0     0     0 3508 3394  0  0 100 0  0  0
 0  1      0 101779400 1676 155377652 0   0     0 865284 7153 6528 0  0 100 0  0  0
 0  0      0 101554508 1676 155601900 0   0     0 183297 9300 4424 0  0 100 0  0  0
 0  0      0 101238480 1676 155922448 0   0     0    25 4812 5252  0  0 100 0  0  0
 0  0      0 100919268 1676 156243980 0   0     0     4 3405 3174  0  0 100 0  0  0
 0  0      0 100737912 1676 156426252 0   0     0 1048577 11256 4215 0 0 100 0 0  0
 1  0      0 100376740 1676 156791856 0   0     0     0 4011 2295  0  0 100 0  0  0
 1  0      0 99981936 1676 157187120 0    0     0     0 4539 5372  0  0 100 0  0  0
 0  1      0 99694932 1676 157474896 0    0     0 875564 9063 3443 0  0 100 0  0  0
 1  0      0 99269404 1676 157901904 0    0     0 173060 4712 2846 0  0 100 0  0  0
 0  0      0 98991296 1676 158180464 0    0     0     0 3286 3509  0  0 100 0  0  0
 0  1      0 98640776 1676 158523504 0    0     0 872452 7389 10004 0 0 100 0  0  0
 0  0      0 98417944 1676 158747792 0    0     0 176132 9054 4459 0  0 100 0  0  0
 0  0      0 98013772 1676 159149196 0    0     0     0 5035 5474  0  0 100 0  0  0
 0  0      0 97855592 1676 159308944 0    0     0     8 2897 2754  0  0 100 0  0  0
procs -----------memory---------- ---swap-- -----io---- -system-- -------cpu-------
 r  b   swpd   free   buff  cache   si   so    bi    bo   in   cs us sy id wa st gu
 0  1      0 97592776 1676 159572112 0    0     0 865280 6884 3643 0  0 100 0  0  0
 1  0      0 97418908 1676 159748240 0    0     0 183300 7568 3129 0  0 100 0  0  0
 0  0      0 97050420 1676 160116912 0    0     0    20 3691 5213  0  0 100 0  0  0
 1  0      0 96674576 1676 160493744 0    0     0     0 3742 2496  0  0 100 0  0  0
 0  0      0 96484284 1676 160684272 0    0     0 1048692 10813 3804 0 0 99 0  0  0
 0  0      0 96164312 1676 161004784 0    0     0     0 3276 3174  0  0 100 0  0  0
 0  0      0 95840004 1676 161326324 0    0     0     0 4781 5825  0  0 100 0  0  0
 1  0      0 95579016 1676 161587476 0    0     0  1292 3718 3982  0  0 100 0  0  0
 0  0      0 95425332 1676 161732888 0    0     0 1049644 12087 6897 0 0 100 0 0  0
 0  0      0 95104536 1676 162054420 0    0     0    16 3484 3154  0  0 100 0  0  0
 0  0      0 94784740 1676 162374964 0    0     0     0 4184 3540  0  0 100 0  0  0
 0  0      0 94464340 1676 162695476 0    0     0     0 4708 7268  0  0 100 0  0  0
 0  0      0 94300864 1676 162862388 0    0     0 1048582 11563 5475 0 0 100 0 0  0
 0  0      0 93980572 1676 163182932 0    0     0     0 4252 3280  0  0 100 0  0  0
 1  0      0 93707228 1676 163457364 0    0     0     0 3019 2833  0  0 100 0  0  0
 0  0      0 93420960 1676 163744084 0    0     0     0 3230 3169  0  0 100 0  0  0
 1  0      0 93277916 1676 163891572 0    0     0 1048580 12394 6538 0 0 99 0  0  0
 1  0      0 93013828 1676 164154740 0    0     0     4 4631 4046  0  0 100 0  0  0
 0  0      0 92695768 1676 164472184 0    0     0    38 4499 4608  0  0 100 0  0  0
 0  0      0 92348864 1676 164815252 0    0     0 1048578 11941 3478 1 0 99 0  0  0
 1  0      0 92030476 1676 165136820 0    0     0     0 4234 3159  0  0 100 0  0  0
procs -----------memory---------- ---swap-- -----io---- -system-- -------cpu-------
 r  b   swpd   free   buff  cache   si   so    bi    bo   in   cs us sy id wa st gu
 1  0      0 91617756 1676 165550516 0    0     0     0 3827 3125  0  0 100 0  0  0
 0  1      0 91304976 1676 165863892 0    0     0 867328 8630 6168 0  0 100 0  0  0
 1  0      0 91081748 1676 166088148 0    0     0 181252 5348 2499 0  0 100 0  0  0
 1  0      0 90756080 1676 166414836 0    0     0     8 4332 3308  0  0 100 0  0  0
 0  0      0 90279980 1676 166890996 0    0     0     0 3532 3163  0  0 100 0  0  0
 0  0      0 90111180 1676 167056884 0    0     0 1048580 12796 10938 0 0 100 0 0 0
 1  0      0 89788576 1676 167377388 0    0     0     0 4017 3371  0  0 100 0  0  0
 1  0      0 89398412 1676 167764496 0    0     0     4 5110 5123  0  0 100 0  0  0
 0  1      0 89202412 1676 167961100 0    0     0 865280 9611 3839 0  0 100 0  0  0
 0  0      0 88820528 1676 168345132 0    0     0 183308 4843 2878 0  0 100 0  0  0
 0  0      0 88499024 1676 168666708 0    0     0    20 3704 3925  0  0 100 0  0  0
 0  1      0 88156000 1676 169009752 0    0     0 870400 7589 5744 0  0 99  0  0  0
 1  0      0 88043708 1676 169123416 0    0     0 178180 6846 3141 0  0 100 0  0  0
 0  0      0 87772348 1676 169394808 0    0     0   104 2653 2459  0  0 100 0  0  0
 0  0      0 87451952 1676 169715320 0    0     0     0 3437 2714  0  0 100 0  0  0
 0  1      0 87113176 1676 170058392 0    0     0 867328 7279 7186 0  0 100 0  0  0
 0  0      0 86808600 1676 170362520 0    0     0 181252 10508 4485 0 0 99  0  0  0
 1  0      0 86407440 1676 170753720 0    0     0     4 6454 5800  0  0 100 0  0  0
 1  0      0 86103416 1676 171058872 0    0     0     0 3201 2755  0  0 100 0  0  0
 1  0      0 85876548 1676 171283128 0    0     0 1048580 11041 3804 0 0 100 0 0  0
 0  0      0 85428396 1676 171732696 0    0     0     0 5001 8330  0  0 100 0  0  0
procs -----------memory---------- ---swap-- -----io---- -system-- -------cpu-------
 r  b   swpd   free   buff  cache   si   so    bi    bo   in   cs us sy id wa st gu
 1  1      0 85005940 1676 172155608 0    0     0 865280 5633 4632 0  0 100 0  0  0
 0  0      0 84782932 1676 172379896 0    0     0 183301 9155 3513 0  0 100 0  0  0
 1  0      0 84514004 1676 172649208 0    0     0     0 3266 3015  0  0 100 0  0  0
 0  0      0 84142676 1676 173021944 0    0     0     4 3804 3755  0  0 100 0  0  0
 1  0      0 83930360 1676 173229844 0    0     0 1048580 13436 7255 0 0 100 0 0  0
 0  0      0 83571352 1676 173589304 0    0     0     0 3729 3977  0  0 100 0  0  0
 0  0      0 83331108 1676 173829944 0    0     0    45 4086 4927  0  0 100 0  0  0
 1  0      0 83037904 1676 174123832 0    0     0     0 3717 3494  0  0 100 0  0  0
 0  0      0 82842612 1676 174316376 0    0     0 1048577 10250 3535 0 0 100 0 0  0
 0  0      0 82521532 1676 174637912 0    0     0     4 3092 2503  0  0 100 0  0  0
 0  0      0 82202828 1676 174958424 0    0     0     0 4542 5946  0  0 100 0  0  0
 0  0      0 81961744 1676 175199096 0    0     0     0 2948 2795  0  0 100 0  0  0
 0  0      0 81795976 1676 175364984 0    0     0 1048589 10612 3784 0 0 100 0 0  0
 0  0      0 81394872 1676 175766392 0    0     0     0 4784 3586  0  0 100 0  0  0
 0  0      0 81074864 1676 176086936 0    0     0     0 5232 9715  0  0 100 0  0  0
 0  1      0 80811012 1676 176350108 0    0     0 865280 9196 4852 0  0 100 0  0  0
 0  0      0 80501712 1676 176654232 0    0     0 183300 7423 4939 0  0 100 0  0  0
 0  0      0 80021352 1676 177135548 0    0     0    20 4804 2976  0  0 100 0  0  0
 0  1      0 79752856 1676 177399100 0    0     0 414936 5812 4035 1  0 99  0  0  0
 0  0      0 79530252 1676 177623356 0    0     0 633701 8482 3504 0  0 100 0  0  0
 0  0      0 79212100 1676 177943868 0    0     0     0 3615 5672  0  0 100 0  0  0
procs -----------memory---------- ---swap-- -----io---- -system-- -------cpu-------
 r  b   swpd   free   buff  cache   si   so    bi    bo   in   cs us sy id wa st gu
 0  0      0 78891536 1676 178265436 0    0     0     0 2928 2726  0  0 100 0  0  0
 0  0      0 78715672 1676 178447708 0    0     0 1048629 10439 3713 0 0 100 0 0  0
 1  0      0 78385508 1676 178775420 0    0     0     0 3856 3035  0  0 100 0  0  0
 0  0      0 77928568 1676 179233152 0    0     0     4 4846 5519  0  0 100 0  0  0
 0  0      0 77667200 1676 179496316 0    0     0 1048580 11479 5267 0 0 99 0  0  0
 0  0      0 77616932 1676 179648320 0    0     0     0 4835 5548  0  0 100 0  0  0
 0  0      0 77453980 1676 179809244 0    0     0     0 2526 2428  0  0 100 0  0  0
 0  0      0 76969600 1676 180290556 0    0     0     4 4026 3117  0  0 99  0  0  0
 1  0      0 76790268 1676 180463612 0    0     0 1048581 12031 8784 0 0 99 0  0  0
 1  0      0 76429044 1676 180825084 0    0     0     4 4724 5666  0  0 100 0  0  0
 1  0      0 76012328 1676 181241884 0    0     0     0 4823 3814  0  0 100 0  0  0
 0  1      0 75813940 1676 181441564 0    0     0 568320 7500 3686 0  0 99  0  0  0
 1  0      0 75548296 1676 181704732 0    0     0 480260 6726 2906 0  0 100 0  0  0
 0  0      0 75100928 1676 182147100 0    0     0     0 5054 5874  0  0 100 0  0  0
 0  0      0 74777368 1676 182468668 0    0     0     0 3669 4147  0  0 100 0  0  0
 0  0      0 74597584 1676 182633536 0    0     0 1048611 11540 5644 0 0 99 0  0  0
 0  0      0 74116612 1676 183112764 0    0     0     0 3469 2574  0  0 100 0  0  0
 0  1      0 73691596 1676 183538780 0    0     0 869380 3993 2807 0  0 100 0  0  0
 1  0      0 73521600 1676 183710812 0    0     0 179201 10486 3489 0 0 100 0  0  0
 0  0      0 73152388 1676 184080508 0    0     0     0 3643 5616  0  0 100 0  0  0
 0  0      0 72754304 1676 184478844 0    0     0     0 3386 2536  0  0 100 0  0  0
procs -----------memory---------- ---swap-- -----io---- -system-- -------cpu-------
 r  b   swpd   free   buff  cache   si   so    bi    bo   in   cs us sy id wa st gu
 0  0      0 72584804 1676 184650876 0    0     0 1048581 10930 3847 0 0 100 0 0  0
 1  0      0 72231796 1676 185006236 0    0     0     0 4047 2711  0  0 100 0  0  0
 1  0      0 71885064 1676 185356452 0    0     0    20 5286 10062 1  0 99  0  0  0
 0  1      0 71604392 1676 185636000 0    0     0 867328 9564 5159 0  0 99  0  0  0
 0  0      0 71124768 1676 186097860 0    0     0 181253 8514 5052 0  0 99  0  0  0
 0  0      0 70802068 1676 186416320 0    0     0     0 3854 2964  0  0 100 0  0  0
 0  1      0 70535424 1676 186684608 0    0     0 868360 7627 3940 0  0 100 0  0  0
 1  0      0 70347340 1676 186872072 0    0     0 180228 7092 3561 0  0 100 0  0  0
 1  0      0 70130904 1676 187089160 0    0     0     8 3321 5366  0  0 100 0  0  0
 0  0      0 69913832 1676 187306248 0    0     0    48 2821 2801  0  0 100 0  0  0
 1  0      0 69682516 1676 187538728 0    0     0    16 3104 2879  0  0 100 0  0  0
 1  0      0 69448176 1676 187773224 0    0     0 1048581 11356 3852 0 0 99 0  0  0
 0  0      0 69100348 1676 188118312 0    0     0     0 4531 5696  0  0 100 0  0  0
 1  0      0 68703044 1676 188516680 0    0     0     0 4503 4285  0  0 100 0  0  0
 0  1      0 68435776 1676 188781900 0    0     0 1048576 11664 6372 0 0 99 0  0  0
 1  0      0 68119280 1676 189101416 0    0     0     5 5258 2780  0  0 100 0  0  0
 0  0      0 67815432 1676 189405544 0    0     0     4 3231 3144  0  0 100 0  0  0
 0  0      0 67499236 1676 189725032 0    0     0     0 4694 7667  0  0 99  0  0  0
 1  0      0 67290624 1676 189929864 0    0     0 1048581 11624 5376 0 0 99 0  0  0
 1  0      0 66921300 1676 190298504 0    0     0     0 3162 3226  0  0 100 0  0  0
 0  0      0 66443520 1676 190776744 0    0     0     0 3889 3160  0  0 100 0  0  0
procs -----------memory---------- ---swap-- -----io---- -system-- -------cpu-------
 r  b   swpd   free   buff  cache   si   so    bi    bo   in   cs us sy id wa st gu
 1  0      0 66319792 1676 190902696 0    0     0 1048585 10874 4194 0 0 100 0 0  0
 1  0      0 65945452 1676 191273384 0    0     0     0 4494 5530  0  0 100 0  0  0
 0  0      0 65471024 1676 191745480 0    0     0    20 4712 4051  0  0 100 0  0  0
 0  1      0 65274916 1676 191927756 0    0     0 1048635 10789 6366 0 0 100 0 0  0
 1  0      0 64968688 1676 192233960 0    0     0     1 4215 2661  0  0 100 0  0  0
 0  0      0 64490308 1676 192713192 0    0     0     0 3748 2985  0  0 100 0  0  0
 0  0      0 64250988 1676 192953832 0    0     0     0 2905 2637  1  0 99  0  0  0
 0  0      0 64085736 1676 193120776 0    0     0 1048580 10686 6004 0 0 100 0 0  0
 0  0      0 63686204 1676 193521160 0    0     0     0 3338 2898  0  0 100 0  0  0
 1  0      0 63229924 1676 193977900 0    0     0     4 3941 2913  0  0 100 0  0  0
 1  0      0 63084508 1676 194125356 0    0     0 1048579 11108 3634 0 0 100 0 0  0
 0  0      0 62718520 1676 194489900 0    0     0     0 5571 9595  0  0 100 0  0  0
 0  0      0 62236044 1676 194971212 0    0     0     0 4441 4164  0  0 100 0  0  0
 0  0      0 62059468 1676 195137108 0    0     0 1048580 12133 6280 0 0 100 0 0  0
 0  0      0 61737812 1676 195458636 0    0     0     0 3113 2190  0  0 100 0  0  0
 1  0      0 61357944 1676 195840588 0    0     0     4 3839 2988  0  0 100 0  0  0
 0  1      0 61077680 1676 196122188 0    0     0 865280 9212 3579 0  0 100 0  0  0
 0  0      0 60857180 1676 196346476 0    0     0 183299 4954 5410 0  0 100 0  0  0
 1  0      0 60429364 1676 196774540 0    0     0     8 3405 2868  0  0 100 0  0  0
 1  0      0 60095380 1676 197109388 0    0     0    16 3176 2732  0  0 100 0  0  0
 0  1      0 60034208 1676 197170828 0    0     0 866304 8631 3701 0  0 100 0  0  0
procs -----------memory---------- ---swap-- -----io---- -system-- -------cpu-------
 r  b   swpd   free   buff  cache   si   so    bi    bo   in   cs us sy id wa st gu
 0  0      0 59651216 1676 197555916 0    0     0 182276 6037 5452 0  0 100 0  0  0
 1  0      0 59341716 1676 197866188 0    0     0     4 3676 3960  0  0 100 0  0  0
 0  0      0 59012860 1676 198198000 0    0     0     4 5203 6029  0  0 100 0  0  0
 0  0      0 58849648 1676 198363884 0    0     0 1048579 10513 3433 0 0 100 0 0  0
 0  0      0 58532540 1676 198684396 0    0     0     0 3147 3124  0  0 100 0  0  0
 1  0      0 58131048 1676 199085836 0    0     0     0 3965 7219  0  0 100 0  0  0
 0  0      0 57884108 1676 199331596 0    0     0 1048581 11663 6183 0 0 99 0  0  0
 0  0      0 57563652 1676 199653132 0    0     0     0 3070 2956  0  0 100 0  0  0
 0  0      0 57243984 1676 199973676 0    0     0     4 3625 3115  0  0 100 0  0  0
 0  0      0 56923184 1676 200295212 0    0     0     8 3005 2818  0  0 100 0  0  0
 1  0      0 56755720 1676 200462124 0    0     0 1048581 11933 6977 0 0 100 0 0  0
 1  0      0 56424988 1676 200791884 0    0     0     0 4509 4005  0  0 100 0  0  0
 0  0      0 55874312 1676 201342800 0    0     0    38 5645 5276  0  0 99  0  0  0
 0  0      0 55708844 1676 201508720 0    0     0 1048577 10566 2791 0 0 100 0 0  0
 0  0      0 55227452 1676 201991024 0    0     0     0 5211 2900  0  0 100 0  0  0
 1  0      0 54805788 1676 202413936 0    0     0 871428 4508 2616 0  0 100 0  0  0
 1  0      0 54600204 1676 202620816 0    0     0 177156 10469 6222 0 0 100 0  0  0
 0  0      0 54263320 1676 202958736 0    0     0     0 3378 2914  0  0 100 0  0  0
 0  0      0 53942996 1676 203280304 0    0     0     0 3149 3196  0  0 100 0  0  0
 0  1      0 53761244 1676 203462576 0    0     0 868352 8584 3703 0  0 100 0  0  0
 0  0      0 53456432 1676 203766700 0    0     0 180229 8067 9691 0  0 100 0  0  0
procs -----------memory---------- ---swap-- -----io---- -system-- -------cpu-------
 r  b   swpd   free   buff  cache   si   so    bi    bo   in   cs us sy id wa st gu
 1  0      0 53097508 1676 204125136 0    0     0    20 3805 3761  0  0 100 0  0  0
 0  1      0 52694604 1676 204511184 0    0     0 865280 7544 6048 0  0 100 0  0  0
 0  0      0 52471028 1676 204735440 0    0     0 183300 8028 2960 0  0 100 0  0  0
 0  0      0 52150192 1676 205055984 0    0     0     0 2970 2767  0  0 100 0  0  0
 0  1      0 51647632 1676 205559792 0    0     0 866304 5556 3395 0  0 99  0  0  0
 1  0      0 51470668 1676 205737016 0    0     0 182276 11144 6698 0 0 100 0  0  0
 0  0      0 51023700 1676 206185528 0    0     0     8 3915 2927  0  0 100 0  0  0
 0  0      0 50704132 1676 206506072 0    0     0    20 2866 2525  0  0 100 0  0  0
 1  0      0 50503692 1676 206704728 0    0     0 1048584 10898 3649 0 0 100 0 0  0
 1  0      0 50092948 1676 207115352 0    0     0     0 5303 5889  0  0 100 0  0  0
 0  0      0 49814188 1676 207393880 0    0     0     0 3015 3108  0  0 100 0  0  0
 0  1      0 49540796 1676 207657048 0    0     0 868352 7414 6381 0  0 100 0  0  0
 1  0      0 49253700 1676 207943768 0    0     0 180228 8564 3089 0  0 100 0  0  0
 1  0      0 48945548 1676 208253048 0    0     0     4 3612 3096  0  0 100 0  0  0
 0  0      0 48756668 1676 208442488 0    0     0     0 3327 7338  0  0 100 0  0  0
 0  0      0 48517336 1676 208683128 0    0     0     0 4018 5179  0  0 99  0  0  0
 1  0      0 48334784 1676 208869528 0    0     0 1048624 10773 3623 0 0 100 0 0  0
 0  0      0 47955524 1676 209250456 0    0     0     0 3723 3634  0  0 100 0  0  0
 0  0      0 47635920 1676 209570972 0    0     0     0 4330 3500  0  0 100 0  0  0
 1  0      0 47316820 1676 209892544 0    0     0 1048580 12795 7002 0 0 99 0  0  0
 0  0      0 46989804 1676 210219196 0    0     0     0 4748 4708  0  0 100 0  0  0
procs -----------memory---------- ---swap-- -----io---- -system-- -------cpu-------
 r  b   swpd   free   buff  cache   si   so    bi    bo   in   cs us sy id wa st gu
 0  0      0 46663140 1676 210539744 0    0     0    90 4983 5743  0  0 100 0  0  0
 0  1      0 46400256 1676 210802908 0    0     0 867328 6742 3646 0  0 100 0  0  0
 0  0      0 46097020 1676 211107036 0    0     0 181258 7428 3414 0  0 100 0  0  0
 1  0      0 45889568 1676 211314940 0    0     0     0 2661 2331  0  0 100 0  0  0
 0  0      0 45455120 1676 211749116 0    0     0     4 3712 5372  0  0 100 0  0  0
 1  0      0 45252828 1676 211954940 0    0     0 1048580 10787 3635 0 0 100 0 0  0
 0  0      0 44891672 1676 212316444 0    0     0     0 3316 3276  0  0 100 0  0  0
 0  0      0 44650344 1676 212557084 0    0     0     4 3346 3021  0  0 100 0  0  0
 1  0      0 44307012 1676 212900152 0    0     0 865280 9165 10358 0 0 99  0  0  0
 2  0      0 43997480 1676 213211484 0    0     0 183300 8029 3732 0  0 100 0  0  0
 1  0      0 43735172 1676 213477724 0    0     0     0 4501 4813  0  0 100 0  0  0
 0  0      0 43365696 1676 213846396 0    0     0     0 3235 3006  0  0 100 0  0  0
 0  0      0 43198952 1676 214012284 0    0     0 1048580 11185 4191 0 0 100 0 0  0
 0  0      0 42877952 1676 214333820 0    0     0     0 2706 2174  0  0 100 0  0  0
 2  0      0 42371196 1676 214841724 0    0     0     4 4245 5165  0  0 100 0  0  0
 0  0      0 42218624 1676 214997404 0    0     0 1048580 10557 3537 0 0 100 0 0  0
 0  0      0 41911072 1676 215301532 0    0     0    24 3642 3637  0  0 100 0  0  0
 0  0      0 41501132 1676 215702940 0    0     0     0 5217 9081  0  0 100 0  0  0
 0  1      0 41158920 1676 216045976 0    0     0 868352 8805 6695 0  0 99  0  0  0
 0  0      0 40932384 1676 216270236 0    0     0 180229 7863 4485 0  0 100 0  0  0
 0  0      0 40683260 1676 216510876 0    0     0     4 4752 5681  0  0 100 0  0  0
procs -----------memory---------- ---swap-- -----io---- -system-- -------cpu-------
 r  b   swpd   free   buff  cache   si   so    bi    bo   in   cs us sy id wa st gu
 0  0      0 40283336 1676 216911260 0    0     0     0 4482 3025  0  0 100 0  0  0
 0  0      0 40098432 1676 217094560 0    0     0 1048580 10630 3859 0 0 100 0 0  0
 1  0      0 39784932 1676 217404864 0    0     0     0 4782 7494  0  0 100 0  0  0
 0  0      0 39390332 1676 217800128 0    0     0     0 5030 4977  0  0 100 0  0  0
 0  1      0 39048452 1676 218143200 0    0     0 890880 8178 3623 0  0 99  0  0  0
 0  0      0 38904560 1676 218287584 0    0     0 157701 7118 3936 0  0 100 0  0  0
 0  0      0 38584264 1676 218608096 0    0     0     4 3742 3351  0  0 99  0  0  0
 0  0      0 38263704 1676 218928604 0    0     0     0 5814 6232  0  0 100 0  0  0
 0  1      0 37999104 1676 219191808 0    0     0 932864 8477 4495 0  0 100 0  0  0
 0  0      0 37690892 1676 219495940 0    0     0 115720 7918 5076 0  0 100 0  0  0
 0  0      0 37451504 1676 219736608 0    0     0    29 3304 3070  0  0 100 0  0  0
 1  0      0 37088752 1676 220100128 0    0     0     0 4668 3037  0  0 100 0  0  0
 0  0      0 36954044 1676 220240416 0    0     0 1048582 10468 3312 0 0 100 0 0  0
 0  0      0 36723452 1676 220464672 0    0     0     0 4145 5581  0  0 100 0  0  0
 0  0      0 36324476 1676 220866080 0    0     0     4 3798 3071  0  0 100 0  0  0
 0  1      0 35900068 1676 221288992 0    0     0 865280 6289 3773 0  0 100 0  0  0
 0  0      0 35601108 1676 221593152 0    0     0 183300 10102 3732 0 0 99  0  0  0
 1  0      0 35222376 1676 221968960 0    0     0     0 6470 10154 0  0 100 0  0  0
 0  1      0 34856604 1676 222337632 0    0     0 899072 9063 4638 0  0 99  0  0  0
 1  0      0 34554752 1676 222641752 0    0     0 149509 8447 5272 0  0 100 0  0  0
 1  0      0 34214608 1676 222981728 0    0     0     0 4023 3150  0  0 100 0  0  0
procs -----------memory---------- ---swap-- -----io---- -system-- -------cpu-------
 r  b   swpd   free   buff  cache   si   so    bi    bo   in   cs us sy id wa st gu
 1  0      0 33895120 1676 223301216 0    0     0    20 3517 3115  0  0 100 0  0  0
 1  0      0 33687016 1676 223509088 0    0     0 1048581 11296 4172 0 0 100 0 0  0
 1  0      0 33234152 1676 223962788 0    0     0     0 4774 5090  0  0 100 0  0  0
 1  0      0 32790508 1676 224406180 0    0     0     0 4668 2822  0  0 100 0  0  0
 1  0      0 32658404 1676 224538280 0    0     0 1048652 10952 3801 0 0 100 0 0  0
 1  0      0 32309236 1676 224887464 0    0     0     0 3567 3440  0  0 100 0  0  0
 0  0      0 31978580 1676 225220304 0    0     0    12 5331 6104  0  0 100 0  0  0
 0  0      0 31737640 1676 225460940 0    0     0     0 3971 3737  0  0 100 0  0  0
 1  0      0 31547136 1676 225632972 0    0     0 1048581 12983 6610 0 0 100 0 0  0
 0  0      0 31151364 1676 226028236 0    0     0     0 4629 2673  0  0 100 0  0  0
 0  0      0 30751328 1676 226429676 0    0     0     0 5576 3956  0  0 100 0  0  0
 0  1      0 30649396 1676 226532076 0    0     0 866304 8712 8011 0  0 100 0  0  0
 1  0      0 30388984 1676 226793228 0    0     0 182276 7117 5111 0  0 100 0  0  0
 1  0      0 29939592 1676 227244812 0    0     0     4 3690 3033  0  0 100 0  0  0
 0  1      0 29604480 1676 227580684 0    0     0 867328 9351 3562 0  0 99  0  0  0
 0  0      0 29303928 1676 227884844 0    0     0 181253 6148 3756 0  0 100 0  0  0
 0  0      0 29082804 1676 228110124 0    0     0     0 4815 6540  0  0 100 0  0  0
 0  0      0 28744964 1676 228447052 0    0     0     0 4253 4196  0  0 100 0  0  0
 0  0      0 28568756 1676 228629328 0    0     0 1048582 12928 5908 0 0 99 0  0  0
 0  0      0 28178440 1676 229014348 0    0     0    30 4348 3058  0  0 100 0  0  0
 0  0      0 27857980 1676 229334892 0    0     0     4 4111 3453  0  0 100 0  0  0
procs -----------memory---------- ---swap-- -----io---- -system-- -------cpu-------
 r  b   swpd   free   buff  cache   si   so    bi    bo   in   cs us sy id wa st gu
 0  1      0 27515044 1676 229677932 0    0     0 898048 4901 2468 0  0 100 0  0  0
 0  0      0 27369588 1676 229822316 0    0     0 150529 10278 6513 0 0 100 0  0  0
 0  0      0 27049244 1676 230142860 0    0     0    44 3851 2950  0  0 100 0  0  0
 0  0      0 26647980 1676 230544268 0    0     0     0 4007 2514  0  0 100 0  0  0
 0  1      0 26465536 1676 230726540 0    0     0 1048576 10625 4253 0 0 100 0 0  0
 1  0      0 25973788 1676 231212972 0    0     0     9 7578 10369 0  0 99  0  0  0
 0  0      0 25674896 1676 231511980 0    0     0    20 3710 3863  0  0 100 0  0  0
 0  1      0 25396436 1676 231775180 0    0     0 904192 5638 5777 0  0 99  0  0  0
 0  0      0 25252036 1676 231918540 0    0     0 144388 10736 3430 0 0 100 0  0  0
 1  0      0 24959868 1676 232211408 0    0     0     0 3971 3646  0  0 100 0  0  0
 1  0      0 24399804 1676 232772592 0    0     0     0 4510 2551  0  0 100 0  0  0
 0  0      0 24204088 1676 232967152 0    0     0 1048581 11745 6205 0 0 99 0  0  0
 1  0      0 23870180 1676 233302000 0    0     0     0 3289 2531  0  0 100 0  0  0
 0  0      0 23325972 1676 233849840 0    0     0     4 4402 2691  0  0 99  0  0  0
 0  0      0 23239564 1676 233935856 0    0     0 1048641 9910 4026 0 0 100 0  0  0
 0  0      0 22911928 1676 234257392 0    0     0     0 4714 5428  0  0 100 0  0  0
 0  0      0 22671836 1676 234498064 0    0     0     0 4490 4000  0  0 100 0  0  0
 0  0      0 22431776 1676 234738708 0    0     0     0 4657 5527  0  0 100 0  0  0
 0  0      0 22255468 1676 234920976 0    0     0 1048581 10023 3228 0 0 100 0 0  0
 2  0      0 21870208 1676 235303984 0    0     0     4 4817 3748  0  0 100 0  0  0
 1  0      0 21471188 1676 235702320 0    0     0     8 4655 7410  0  0 100 0  0  0
procs -----------memory---------- ---swap-- -----io---- -system-- -------cpu-------
 r  b   swpd   free   buff  cache   si   so    bi    bo   in   cs us sy id wa st gu
 1  0      0 21190604 1676 235983920 0    0     0 1048582 11719 5417 0 0 99 0  0  0
 0  0      0 20824576 1676 236351568 0    0     0     0 4612 3438  0  0 100 0  0  0
 0  0      0 20505512 1676 236671056 0    0     0     0 4537 3218  0  0 100 0  0  0
 0  1      0 20159688 1676 237018224 0    0     0 868352 6201 3478 0  0 100 0  0  0
 0  0      0 20014236 1676 237161584 0    0     0 180229 10975 6943 0 0 100 0  0  0
 0  0      0 19616112 1676 237559952 0    0     0    20 4745 3443  0  0 100 0  0  0
 0  0      0 19218028 1676 237958288 0    0     0     0 5380 5297  0  0 100 0  0  0
 1  0      0 19030524 1676 238148752 0    0     0 1048616 9749 2930 0 0 100 0  0  0
 0  0      0 18571976 1676 238608560 0    0     0     0 4463 3552  0  0 100 0  0  0
 1  0      0 18178224 1676 239002800 0    0     0     0 3596 2549  0  0 100 0  0  0
 1  0      0 18052192 1676 239129776 0    0     0 1048581 10377 6104 0 0 100 0 0  0
 1  0      0 17625928 1676 239555760 0    0     0     0 3939 2860  0  0 100 0  0  0
 1  0      0 17238088 1676 239943856 0    0     0     4 4326 4015  0  0 100 0  0  0
 0  1      0 17020160 1676 240164048 0    0     0 1048576 10786 3809 0 0 100 0 0  0
 0  0      0 16713180 1676 240468176 0    0     0     5 6732 9768  0  0 100 0  0  0
 0  0      0 16391944 1676 240788724 0    0     0     0 4284 3664  0  0 100 0  0  0
 0  0      0 16064804 1676 241109236 0    0     0     4 5449 5152  0  0 100 0  0  0
 0  0      0 15898988 1676 241276148 0    0     0 1048581 11051 3446 0 0 99 0  0  0
 0  0      0 15498296 1676 241677588 0    0     0     0 4265 2788  0  0 100 0  0  0
 0  0      0 15177624 1676 241998136 0    0     0     4 4790 3817  0  0 100 0  0  0
 0  0      0 14919972 1676 242261304 0    0     0 1048581 11394 6344 0 0 99 0  0  0
procs -----------memory---------- ---swap-- -----io---- -system-- -------cpu-------
 r  b   swpd   free   buff  cache   si   so    bi    bo   in   cs us sy id wa st gu
 0  0      0 14640008 1676 242533724 0    0     0     0 3439 2533  0  0 100 0  0  0
 0  0      0 14367508 1676 242806108 0    0     0     0 4162 3155  0  0 100 0  0  0
 0  0      0 13965880 1676 243207548 0    0     0    24 4685 2946  0  0 100 0  0  0
 0  0      0 13801132 1676 243373432 0    0     0 1048582 11798 7227 0 0 100 0 0  0
 0  0      0 13479572 1676 243695004 0    0     0     4 3377 3187  0  0 100 0  0  0
 0  0      0 12996860 1676 244176320 0    0     0     0 6169 5501  0  0 100 0  0  0
 1  0      0 12804928 1676 244370876 0    0     0 1048581 11364 3267 0 0 100 0 0  0
 1  0      0 12481336 1676 244695516 0    0     0     0 3909 3531  0  0 100 0  0  0
 1  0      0 12110620 1676 245068252 0    0     0     4 5131 7854  0  0 100 0  0  0
 0  1      0 11772556 1676 245407196 0    0     0 868352 6812 5069 0  0 100 0  0  0
 0  0      0 11548188 1676 245631452 0    0     0 180229 8675 2931 0  0 100 0  0  0
 0  0      0 11147848 1676 246032860 0    0     0     4 5172 3714  0  0 100 0  0  0
 0  0      0 10795028 1676 246386172 0    0     0     0 3947 3913  0  0 100 0  0  0
 0  0      0 10663916 1676 246519300 0    0     0 1048581 11480 7124 0 0 100 0 0  0
 1  0      0 10294792 1676 246888964 0    0     0     0 4959 3971  0  0 100 0  0  0
 0  0      0 10014396 1676 247161376 0    0     0     0 4727 5403  0  0 100 0  0  0
 0  0      0 9692724  1676 247482916 0    0     0    30 3385 2690  0  0 100 0  0  0
 0  0      0 9608452  1676 247567908 0    0     0 1048578 9708 3832 0 0 100 0  0  0
 1  0      0 9178352  1676 247999012 0    0     0     4 3850 2963  0  0 100 0  0  0
 0  0      0 8808472  1676 248370756 0    0     0     0 4427 5832  0  0 100 0  0  0
 0  0      0 8632052  1676 248553028 0    0     0 1048581 10890 3678 0 0 100 0 0  0
procs -----------memory---------- ---swap-- -----io---- -system-- -------cpu-------
 r  b   swpd   free   buff  cache   si   so    bi    bo   in   cs us sy id wa st gu
 1  0      0 8279932  1676 248902244 0    0     0     0 4833 3551  0  0 100 0  0  0
 1  0      0 7764916  1676 249418340 0    0     0     0 4551 2750  0  0 100 0  0  0
 0  1      0 7582432  1676 249601636 0    0     0 1045512 11476 11346 0 0 100 0 0 0
 2  0      0 7492552  1676 249692800 0    0     0  3077 4768 3491  0  0 100 0  0  0
 1  0      0 7190732  1676 249997952 0    0     0     0 5408 5084  0  0 100 0  0  0
 1  0      0 6893188  1676 250293888 0    0     0    20 4111 2920  0  0 100 0  0  0
 0  0      0 6640360  1676 250547872 0    0     0     0 3869 3475  0  0 100 0  0  0
 1  0      0 6447956  1676 250737312 0    0     0 1048626 10927 3782 0 0 100 0 0  0
 0  0      0 6086264  1676 251098784 0    0     0     0 4133 5270  0  0 100 0  0  0
 0  0      0 5749416  1676 251435680 0    0     0     0 2963 2343  0  0 100 0  0  0
 0  1      0 5487376  1676 251698848 0    0     0 848896 7791 3774 0  0 100 0  0  0
 1  0      0 5193320  1676 251996832 0    0     0 199702 6818 2986 0  0 100 0  0  0
 0  0      0 4787476  1676 252404384 0    0     0    12 5027 5905  0  0 100 0  0  0
 0  1      0 4443668  1676 252747424 0    0     0 1048596 11056 4802 0 0 99 0  0  0
 0  0      0 4374288  1676 252810948 0    0     0     5 5033 5923  0  0 100 0  0  0
 0  0      0 4132412  1676 253051584 0    0     0     0 2645 2196  0  0 100 0  0  0
 1  0      0 3762904  1676 253421248 0    0     0     0 4441 3389  0  0 100 0  0  0
 0  1      0 3389884  1676 253796064 0    0     0 1048576 12541 8650 0 0 99 0  0  0
 0  0      0 3085604  1676 254100192 0    0     0     6 5622 4924  0  0 100 0  0  0
 0  0      0 2613628  1676 254573148 0    0     0     4 4590 3230  1  0 99  0  0  0
 0  1      0 2606044  1676 254580080 0    0     0 800768 9099 4458 0  0 100 0  0  0
procs -----------memory---------- ---swap-- -----io---- -system-- -------cpu-------
 r  b   swpd   free   buff  cache   si   so    bi    bo   in   cs us sy id wa st gu
 0  0      0 2605124  1676 254581640 0    0     0 247813 6295 3400 0  0 100 0  0  0
 2  0      0 2607948  1676 254580808 0    0     0     0 6300 7415  0  0 100 0  0  0
 0  1      0 2611392  1676 254581400 0    0     0 1048576 11069 5173 0 0 99 0  0  0
 1  0      0 2606228  1676 254581248 0    0     0     6 6461 5376  0  0 100 0  0  0
 0  0      0 2607676  1676 254583576 0    0     0    31 3462 3014  0  0 100 0  0  0
 0  0      0 2612668  1676 254583832 0    0     0 1048581 11326 3591 0 0 100 0 0  0
 0  0      0 2718956  1676 254474652 0    0     0     0 3892 2720  0  0 100 0  0  0
 2  0      0 2614036  1676 254581280 0    0     0     0 5080 5898  0  0 100 0  0  0
 0  1      0 2613212  1676 254582840 0    0     0 694272 8688 4029 0  0 100 0  0  0
 1  0      0 2713524  1676 254483092 0    0     0 354310 6140 3648 0  0 100 0  0  0
 1  0      0 2614208  1676 254582268 0    0     0    20 3340 2953  0  0 100 0  0  0
 1  0      0 2616204  1676 254580220 0    0     0     0 6589 10598 0  0 100 0  0  0
 0  0      0 2612060  1676 254583292 0    0     0 1048582 10806 4951 0 0 100 0 0  0
 1  0      0 2615988  1676 254581920 0    0     4     0 5766 5494  0  0 100 0  0  0
 0  0      0 2613992  1676 254580696 0    0 13900    12 3497 4047  0  0 100 0  0  0
 2  0      0 2611832  1676 254581680 0    0     0     0 4537 3269  0  0 100 0  0  0
 0  0      0 2632060  1676 254561112 0    0     0 1048581 11250 4480 0 0 100 0 0  0
 2  0      0 2612872  1676 254580396 0    0     0     4 4564 6322  0  0 100 0  0  0
 0  0      0 2611160  1676 254583784 0    0     0    44 3850 3098  0  0 100 0  0  0
 0  0      0 2613712  1676 254583488 0    0     0 1048582 10574 3779 0 0 100 0 0  0
 0  0      0 2613628  1676 254581660 0    0     0    32 3457 3095  0  0 100 0  0  0
procs -----------memory---------- ---swap-- -----io---- -system-- -------cpu-------
 r  b   swpd   free   buff  cache   si   so    bi    bo   in   cs us sy id wa st gu
 0  0      0 2612728  1676 254581652 0    0     0     0 4754 6167  0  0 100 0  0  0
 2  0      0 2613048  1676 254580372 0    0     0     8 3880 4142  0  0 100 0  0  0
 0  0      0 2609784  1676 254582228 0    0     0 1048581 12396 6746 0 0 100 0 0  0
 0  0      0 2608696  1676 254584756 0    0     0     4 5051 2728  0  0 100 0  0  0
 0  0      0 2609676  1676 254583184 0    0    20     0 4439 3401  0  0 100 0  0  0
 0  0      0 2609484  1676 254584312 0    0     0 1048582 11755 8313 0 0 99 0  0  0
 0  0      0 2611604  1676 254583112 0    0     0     0 4909 5212  0  0 100 0  0  0
 0  0      0 2611032  1676 254584120 0    0     0     0 3975 3338  0  0 100 0  0  0
 0  1      0 2616304  1676 254582768 0    0     0 286725 5295 3796 0  0 100 0  0  0
 0  0      0 2615488  1676 254584000 0    0     0 761858 9470 4012 0  0 100 0  0  0
 0  0      0 2612388  1676 254584360 0    0     0     4 5558 6713  0  0 100 0  0  0
 0  0      0 2612988  1676 254584524 0    0     0     0 5199 4622  0  0 99  0  0  0
 1  0      0 2721108  1676 254482524 0    0     0 1048582 12677 6251 0 0 100 0 0  0
 3  0      0 2623120  1676 254582260 0    0     0    39 3723 3137  0  0 100 0  0  0
 1  0      0 2622116  1676 254583284 0    0     0     0 4437 3255  0  0 100 0  0  0
 2  0      0 2757692  1676 254447060 0    0     0 1048578 11269 3857 0 0 100 0 0  0
 1  0      0 2699652  1676 254505428 0    0     0     0 5309 7241  0  0 100 0  0  0
 1  0      0 2623580  1676 254582180 0    0     0     4 5123 4102  0  0 100 0  0  0
 2  0      0 2623260  1676 254583484 0    0     0     0 4614 3458  0  0 100 0  0  0
 1  0      0 2624540  1676 254582692 0    0     0     0 5022 4337  0  0 100 0  0  0
 1  0      0 2620312  1676 254584084 0    0     0     0 7180 11090 0  0 100 0  0  0
procs -----------memory---------- ---swap-- -----io---- -system-- -------cpu-------
 r  b   swpd   free   buff  cache   si   so    bi    bo   in   cs us sy id wa st gu
 2  0      0 2621608  1676 254583556 0    0     0     0 5386 4671  0  0 100 0  0  0
 3  0      0 2624028  1676 254580900 0    0     0     0 5419 5595  0  0 100 0  0  0
 2  0      0 2620312  1676 254581668 0    0   244     0 3020 3030  0  0 100 0  0  0
 1  0      0 2619052  1676 254583172 0    0     0     0 3553 3436  0  0 100 0  0  0
 2  0      0 2619884  1676 254582180 0    0     0     4 5096 3154  0  0 100 0  0  0
 1  0      0 2617972  1676 254583548 0    0     0     0 4630 5663  0  0 100 0  0  0
 1  0      0 2618720  1676 254582984 0    0     0     0 4086 3655  0  0 100 0  0  0
 1  0      0 2618852  1676 254583024 0    0     0     0 5119 3758  0  0 100 0  0  0
 1  0      0 2617592  1676 254583504 0    0     0    16 3762 3290  0  0 100 0  0  0
 2  0      0 2618432  1676 254583416 0    0     0     0 5489 6513  1  0 99  0  0  0
 1  0      0 2661380  1676 254543256 0    0     0 1038487 11109 5218 0 0 100 0 0  0
 1  0      0 2620792  1676 254583444 0    0     0     4 5918 6713  0  0 100 0  0  0
 1  0      0 2620100  1676 254583768 0    0     0 626922 7317 3228 0  0 100 0  0  0
 1  0      0 2622104  1676 254581848 0    0     0  6680 2812 3129  0  0 100 0  0  0
 1  0      0 2621936  1676 254582256 0    0     0  3388 3118 7150  0  0 100 0  0  0
 1  0      0 2623052  1676 254582272 0    0     0  2569 3187 4856  0  0 100 0  0  0
 1  0      0 2622780  1676 254582484 0    0     0  2605 3293 4249  0  0 100 0  0  0
 2  0      0 2625392  1676 254580820 0    0     8  1554 2404 2837  0  0 100 0  0  0
 2  0      0 2625328  1676 254580828 0    0     0  1225 2865 3541  0  0 100 0  0  0
 2  0      0 2625716  1676 254576260 0    0     0   820 4104 6091  0  0 100 0  0  0
 2  0      0 2625140  1676 254577172 0    0     0  1007 2908 3863  0  0 100 0  0  0
procs -----------memory---------- ---swap-- -----io---- -system-- -------cpu-------
 r  b   swpd   free   buff  cache   si   so    bi    bo   in   cs us sy id wa st gu
 2  0      0 2623860  1676 254574616 0    0     0   701 4030 5585  0  0 100 0  0  0
 1  0      0 2621352  1676 254575404 0    0     0   922 2446 2842  0  0 100 0  0  0
 2  0      0 2622828  1676 254575844 0    0     0   686 2939 3521  0  0 100 0  0  0
 2  0      0 2623468  1676 254576588 0    0     0   607 2437 2806  0  0 100 0  0  0
 2  0      0 2623476  1676 254577140 0    0     0   594 2921 5592  0  0 100 0  0  0
 2  0      0 2623952  1676 254577652 0    0     0   563 2757 3394  0  0 100 0  0  0
 1  0      0 2624432  1676 254577188 0    0     0   565 3536 4286  0  0 100 0  0  0
 1  0      0 2623644  1676 254577604 0    0     0   450 2746 3190  0  0 100 0  0  0
 2  0      0 2621144  1676 254578180 0    0     0   616 4485 9576  0  0 100 0  0  0
 2  0      0 2621020  1676 254578436 0    0     0   333 3058 3706  0  0 100 0  0  0
 1  0      0 2614744  1676 254574804 0    0     0   445 4472 6153  0  0 100 0  0  0
 2  0      0 2614520  1676 254575060 0    0     0   372 2291 2746  0  0 100 0  0  0
 2  0      0 2614208  1676 254575404 0    0     0   459 2417 2941  0  0 100 0  0  0
 1  0      0 2614884  1676 254575616 0    0     0   637 2815 3397  0  0 100 0  0  0
 1  0      0 2615392  1676 254576320 0    0     0   509 3242 5889  0  0 100 0  0  0
 1  0      0 2615252  1676 254576696 0    0     0   471 2520 3050  0  0 100 0  0  0
 1  0      0 2616976  1676 254576240 0    0     0   526 2992 3357  0  0 100 0  0  0
 1  0      0 2618032  1676 254576448 0    0     0   552 2582 3028  0  0 100 0  0  0
 2  0      0 2621540  1676 254573904 0    0     0   380 4159 6098  0  0 100 0  0  0
 2  0      0 2621880  1676 254574216 0    0     0   504 3379 4625  0  0 100 0  0  0
 2  0      0 2620564  1676 254573240 0    0     0   581 4922 6618  0  0 100 0  0  0
procs -----------memory---------- ---swap-- -----io---- -system-- -------cpu-------
 r  b   swpd   free   buff  cache   si   so    bi    bo   in   cs us sy id wa st gu
 2  0      0 2620260  1676 254573592 0    0     0   644 2654 2997  0  0 100 0  0  0
 2  0      0 2619948  1676 254573888 0    0     0   597 3080 3540  0  0 100 0  0  0
 2  0      0 2618252  1676 254574440 0    0     0   617 3220 7511  0  0 100 0  0  0
 1  0      0 2618060  1676 254574744 0    0     0   575 3008 4652  0  0 100 0  0  0
 1  0      0 2618080  1676 254575088 0    0     0   526 2938 3537  0  0 100 0  0  0
 1  0      0 2617924  1676 254575424 0    0     0   582 3961 4433  0  0 100 0  0  0
 1  0      0 2616948  1676 254575816 0    0     0   615 3014 3916  0  0 100 0  0  0
 2  0      0 2621220  1676 254572124 0    0     0   438 3850 5994  0  0 100 0  0  0
 2  0      0 2619144  1676 254572664 0    0     0   548 3413 4453  0  0 100 0  0  0
 1  0      0 2617828  1676 254572976 0    0     0   592 4134 5512  0  0 100 0  0  0
 2  0      0 2617912  1676 254573352 0    0     0  1300 2885 3686  0  0 100 0  0  0
 3  0      0 2604364  1676 254581788 0    0  2440  1619 3416 6463  0  0 100 0  0  0
 5  0      0 2589836  1676 254573620 0    0   364 40548 2942 3243  0  0 99  1  0  0
 1  0      0 2575836  1676 254558144 0    0  8176 58587 8758 17133 0  0 100 0  0  0
 1  0      0 2560116  1676 254558492 0    0  1580 32885 6060 9170  0  0 100 0  0  0
 1  0      0 2559692  1676 254558492 0    0     0     0 2713 3505  0  0 100 0  0  0
 0  0      0 2563892  1676 254558496 0    0     0     0 2336 2812  0  0 100 0  0  0
 0  0      0 2572384  1676 254557648 0    0     0     0 4852 10177 0  0 100 0  0  0
 1  0      0 2574388  1676 254557680 0    0    32     0 2845 3941  0  0 100 0  0  0
 1  0      0 2568448  1676 254557744 0    0     0 16453 3950 5251  0  0 100 0  0  0
 0  0      0 2571748  1676 254557748 0    0     0     0 2286 2718  0  0 100 0  0  0
procs -----------memory---------- ---swap-- -----io---- -system-- -------cpu-------
 r  b   swpd   free   buff  cache   si   so    bi    bo   in   cs us sy id wa st gu
 0  0      0 2573608  1676 254557748 0    0     0     0 2712 3448  0  0 100 0  0  0
 0  0      0 2571032  1676 254574668 0    0     0 33025 3414 4298  0  0 100 0  0  0
 0  0      0 2572856  1676 254574668 0    0     0     0 2922 5227  0  0 100 0  0  0
 0  0      0 2575232  1676 254574668 0    0     0     0 2129 2354  0  0 100 0  0  0
 0  0      0 2610616  1676 254556856 0    0   292  2037 4665 6375  0  0 99  0  0  0
 0  0      0 2639512  1676 254558220 0    0  1664  6408 6182 10571 0  0 100 0  0  0
 0  0      0 2638440  1676 254558148 0    0     0     0 3952 6586  0  0 100 0  0  0
 1  0      0 2679244  1676 254514024 0    0     0    20 4169 6772  0  0 100 0  0  0
 0  0      0 2674700  1676 254514028 0    0     0     0 4272 5614  0  0 100 0  0  0
 0  0      0 2598144  1676 254574336 0    0    16 65236 11843 20581 0 0 100 0  0  0
 0  0      0 2568200  1676 254574420 0    0     0   292 6621 10858 0  0 100 0  0  0
 0  0      0 2570880  1676 254574412 0    0     0     0 4153 8799  0  0 100 0  0  0
 1  0      0 2578352  1676 254574412 0    0     0     0 2532 3652  0  0 100 0  0  0
 0  0      0 2583592  1676 254574412 0    0     0     0 2901 4680  0  0 100 0  0  0
 0  0      0 2588256  1676 254574416 0    0     0     0 2826 3577  0  0 100 0  0  0
 0  0      0 2590816  1676 254574416 0    0     0     4 2621 3223  0  0 100 0  0  0
 0  0      0 2600776  1676 254574416 0    0     0     0 3605 5911  0  0 100 0  0  0
 1  0      0 2601132  1676 254574416 0    0     0     0 3106 4236  0  0 100 0  0  0
 0  0      0 2604556  1676 254574416 0    0     0     0 3538 4612  0  0 100 0  0  0
 0  0      0 2592304  1676 254574420 0    0     0   637 5487 7935  0  0 100 0  0  0
 0  0      0 2565844  1676 254553640 0    0     4  4188 9586 16331 0  0 100 0  0  0
procs -----------memory---------- ---swap-- -----io---- -system-- -------cpu-------
 r  b   swpd   free   buff  cache   si   so    bi    bo   in   cs us sy id wa st gu
 0  0      0 2545748  1676 254550184 0    0   392     0 6111 9976  0  0 100 0  0  0
 0  0      0 2535088  1676 254544804 0    0     0     0 5417 7078  0  0 100 0  0  0
 0  0      0 2517140  1676 254544812 0    0     0     0 3149 6560  0  0 100 0  0  0
 0  0      0 2521396  1676 254544812 0    0     0     0 3185 4283  0  0 100 0  0  0
 0  0      0 2517904  1676 254544860 0    0     0   512 2782 3816  0  0 100 0  0  0
 0  0      0 2529524  1676 254544860 0    0     0     0 4789 10378 0  0 100 0  0  0
 1  0      0 2533944  1676 254544860 0    0     0     4 3342 4798  0  0 100 0  0  0
 0  0      0 2539564  1676 254544892 0    0     0     0 4308 5917  0  0 100 0  0  0
 0  0      0 2542768  1676 254544896 0    0     0     0 3688 5286  0  0 100 0  0  0
