procs -----------memory---------- ---swap-- -----io---- -system-- -------cpu-------
 r  b   swpd   free   buff  cache   si   so    bi    bo   in   cs us sy id wa st gu
 1  0      0 119817820 3172 137373220 0   0    64 71791 5196    0  0  0 100 0  0  0
 0  0      0 119774048 3172 137376752 0   0     0   320 8222 15973 0  0 100 0  0  0
 0  0      0 119779884 3172 137376752 0   0     0     0 2376 2796  0  0 100 0  0  0
 0  0      0 119790348 3172 137376712 0   0     0     0 2248 2603  0  0 100 0  0  0
 0  0      0 119796020 3172 137376712 0   0     0     0 1869 2129  0  0 100 0  0  0
 0  0      0 119802116 3172 137376712 0   0     0     4 2916 3666  0  0 100 0  0  0
 0  0      0 119805160 3172 137376716 0   0     0     0 4186 6110  0  0 100 0  0  0
 0  0      0 119811864 3172 137376716 0   0     0     0 2639 3260  0  0 100 0  0  0
 0  0      0 119814524 3172 137376716 0   0     0  3156 3028 5775  0  0 100 0  0  0
 0  0      0 119800596 3172 137376716 0   0     0     0 5050 8563  0  0 100 0  0  0
 1  0      0 119765856 3172 137379816 0   0     0   364 5909 9717  0  0 100 0  0  0
 0  0      0 119712132 3172 137380196 0   0     0     0 3624 4934  0  0 100 0  0  0
 1  0      0 119650960 3172 137396932 0   0   196     0 3246 3565  0  0 100 0  0  0
 1  0      0 119194788 3172 137858564 0   0    17     0 5557 2377  1  0 99  0  0  0
 1  0      0 118864908 3172 138198788 0   0     0     0 4467 2266  1  0 99  0  0  0
 0  0      0 118472224 3172 138597444 0   0     0     4 9369 4186  1  0 99  0  0  0
 0  0      0 118431988 3172 138652032 0   0     0     0 5844 10601 0  0 100 0  0  0
 1  0      0 118304736 3172 138780176 0   0     0 130248 7444 7245 0  0 100 0  0  0
 1  0      0 118165244 3172 138933936 0   0     0     0 7050 5075  0  0 99  0  0  0
 0  0      0 118052324 3172 139053856 0   0     0     0 7322 5020  0  0 100 0  0  0
 1  0      0 117941576 3172 139167812 0   0     0     0 5295 2237  0  0 100 0  0  0
procs -----------memory---------- ---swap-- -----io---- -system-- -------cpu-------
 r  b   swpd   free   buff  cache   si   so    bi    bo   in   cs us sy id wa st gu
 1  0      0 117802912 3172 139307556 0   0     0     0 7249 2921  0  0 100 0  0  0
 0  0      0 117671980 3172 139441732 0   0     0     0 5512 2390  0  0 100 0  0  0
 1  0      0 117562400 3172 139558948 0   0     0 106894 7024 5636 0  0 100 0  0  0
 1  0      0 117409852 3172 139716324 0   0     0     0 6504 2637  0  0 100 0  0  0
 0  0      0 117227680 3172 139902436 0   0     0     0 7032 3080  0  0 100 0  0  0
 1  0      0 117110600 3172 140026376 0   0     0     0 7520 6214  0  0 100 0  0  0
 0  0      0 116965216 3172 140177060 0   0     0     0 7311 3037  0  0 100 0  0  0
 0  0      0 116847124 3172 140297348 0   0     0     0 6437 5764  0  0 100 0  0  0
 1  0      0 116717276 3172 140423432 0   0     0     0 7627 5231  0  0 100 0  0  0
 0  0      0 116582432 3172 140560420 0   0     0  5812 5519 2437  0  0 100 0  0  0
 0  0      0 116454796 3172 140698888 0   0     0     0 8087 7194  0  0 100 0  0  0
 0  0      0 116252132 3172 140901096 0   0     0     0 7952 2282  0  0 100 0  0  0
 1  0      0 116088264 3172 141066440 0   0     0     0 6883 2349  0  0 100 0  0  0
 0  0      0 115937248 3172 141218728 0   0     0     0 5756 2320  0  0 100 0  0  0
 0  0      0 115733196 3172 141427528 0   0     0    64 10602 3452 0  0 100 0  0  0
 0  0      0 115551180 3172 141613028 0   0     0     0 9185 5986  0  0 100 0  0  0
 0  0      0 115353164 3172 141811304 0   0     0     0 8283 3111  0  0 100 0  0  0
 0  0      0 115210276 3172 141954984 0   0     0     0 7837 5565  0  0 100 0  0  0
 1  0      0 114971920 3172 142181684 0   0     0   872 11137 5210 1  0 99  0  0  0
 0  0      0 114814992 3172 142339280 0   0     0     4 6934 2586  0  0 100 0  0  0
 0  0      0 114665764 3172 142489200 0   0     0     0 6399 3289  0  0 100 0  0  0
procs -----------memory---------- ---swap-- -----io---- -system-- -------cpu-------
 r  b   swpd   free   buff  cache   si   so    bi    bo   in   cs us sy id wa st gu
 0  0      0 114441944 3172 142713840 0   0     0    12 6667 2170  0  0 100 0  0  0
 1  0      0 114187948 3172 142966992 0   0     0 942080 11924 27190 0 0 99 0  0  0
 1  0      0 113715480 3172 143438576 0   0     0     0 5395 2078  1  0 99  0  0  0
 1  0      0 113250328 3172 143904128 0   0     0     0 5742 2958  1  0 99  0  0  0
 1  0      0 112780636 3172 144377512 0   0     0     0 8397 11049 1  0 99  0  0  0
 1  0      0 112309896 3172 144849120 0   0     0     0 6177 3241  1  0 99  0  0  0
 1  0      0 111843624 3172 145318128 0   0     0 942080 13712 29150 1 0 99 0  0  0
 1  0      0 111372324 3172 145788356 0   0     0     0 6653 4438  1  0 99  0  0  0
 1  0      0 110966180 3172 146194816 0   0     0     0 5225 2668  1  0 99  0  0  0
 1  0      0 110497664 3172 146666176 0   0     0     0 6217 3164  1  0 99  0  0  0
 1  0      0 110024880 3172 147138992 0   0     0     0 5889 2245  1  0 99  0  0  0
 1  1      0 109558444 3172 147608336 0   0     0 300240 7413 9299 1  0 99  0  0  0
 1  0      0 109089392 3172 148076208 0   0     0 749568 11287 21399 1 0 99 0  0  0
 1  0      0 108621556 3172 148545376 0   0     0     0 6030 3372  1  0 99  0  0  0
 1  0      0 108146612 3172 149013576 0   0     0   236 9059 9130  1  0 99  0  0  0
 1  0      0 107683356 3172 149479596 0   0     0     0 5637 2849  1  0 99  0  0  0
 1  0      0 107221624 3172 149942460 0   0     0     0 7074 6242  1  0 99  0  0  0
 1  0      0 106753708 3172 150409340 0   0     0     0 7240 5072  1  0 99  0  0  0
 1  0      0 106287072 3172 150876540 0   0     0     0 5589 2422  1  0 99  0  0  0
 1  0      0 105846372 3172 151317148 0   0     0     0 6357 6884  1  0 99  0  0  0
 1  0      0 105438196 3172 151727900 0   0     0     0 5178 2311  1  0 99  0  0  0
procs -----------memory---------- ---swap-- -----io---- -system-- -------cpu-------
 r  b   swpd   free   buff  cache   si   so    bi    bo   in   cs us sy id wa st gu
 1  0      0 104971848 3172 152196636 0   0     0     0 5714 2617  1  0 99  0  0  0
 1  0      0 104502300 3172 152666556 0   0     0 1048576 13725 29589 1 0 99 0 0  0
 1  0      0 104033352 3172 153136412 0   0     0     0 5910 3143  1  0 99  0  0  0
 1  0      0 103570376 3172 153604304 0   0     0     0 7358 6324  1  0 99  0  0  0
 1  0      0 103102364 3172 154072356 0   0     0     0 6252 3568  1  0 99  0  0  0
 1  0      0 102878876 3172 154296660 0   0     0     0 4443 5508  0  0 100 0  0  0
 3  1      0 102406352 3172 154761588 0   0     0 532688 10440 17917 1 0 99 0  0  0
 1  0      0 101934632 3172 155228668 0   0     8 1768800 19174 46172 1 0 99 0 0  0
 1  0      0 101465896 3172 155698844 0   0     0     0 5903 3205  1  0 99  0  0  0
 1  0      0 100955556 3172 156159228 0   0     0     0 6128 3661  1  0 99  0  0  0
 1  0      0 100542156 3172 156614908 0   0     0     0 5375 2510  1  0 99  0  0  0
 2  0      0 100088168 3172 157070508 0   0     0     4 5928 3042  1  0 99  0  0  0
 1  1      0 99631036 3172 157526236 0    0     0 999424 13392 28954 1 0 99 0  0  0
 1  0      0 99178720 3172 157978808 0    0     0 1720320 20995 54141 1 0 98 1 0  0
 1  0      0 98723304 3172 158434140 0    0     0     0 6283 4075  1  0 99  0  0  0
 1  0      0 98268984 3172 158888096 0    0     0     0 6023 4636  1  0 99  0  0  0
 1  0      0 97806916 3172 159342336 0    0     0     0 6941 4943  1  0 99  0  0  0
 1  0      0 97349948 3172 159798672 0    0     0     0 5363 2461  1  0 99  0  0  0
 2  0      0 96958992 3172 160191136 0    0     0 77824 5507 4557  1  0 99  0  0  0
 1  1      0 96498140 3172 160648228 0    0     0 2382448 23556 60523 1 0 98 1 0  0
 1  1      0 96040144 3172 161105044 0    0     0 1185186 14966 34139 1 0 98 1 0  0
procs -----------memory---------- ---swap-- -----io---- -system-- -------cpu-------
 r  b   swpd   free   buff  cache   si   so    bi    bo   in   cs us sy id wa st gu
 1  1      0 95611536 3172 161532036 0    0     0 1167360 14850 34401 1 0 98 1 0  0
 1  0      0 95152064 3172 161986468 0    0     0 790528 12170 24513 1 0 99 0  0  0
 2  0      0 94695176 3172 162440268 0    0     0  2920 6838 5814  1  0 99  0  0  0
 2  0      0 94242844 3172 162894172 0    0     0     0 5950 3301  1  0 99  0  0  0
 2  0      0 93789276 3172 163347276 0    0     0     0 6503 6183  1  0 99  0  0  0
 3  0      0 93331836 3172 163801644 0    0     0     4 6760 4881  1  0 99  0  0  0
 3  1      0 92875656 3172 164257900 0    0     0 921600 12333 25701 1 0 99 0  0  0
 2  0      0 92421116 3172 164714140 0    0     0 323608 9045 15387 1 0 99  0  0  0
 2  0      0 91972324 3172 165163564 0    0     0     0 5598 2852  1  0 99  0  0  0
 2  0      0 91519476 3172 165617324 0    0     0     0 5101 2140  1  0 99  0  0  0
 2  0      0 91052096 3172 166085924 0    0     0     0 6204 3098  1  0 99  0  0  0
 2  0      0 90586264 3172 166553124 0    0     0     0 5916 3281  1  0 99  0  0  0
 2  1      0 90117552 3172 167019632 0    0     9 2490388 25918 68062 1 0 98 1 0  0
 2  0      0 89649908 3172 167487348 0    0     0 700436 12631 23139 1 0 98 0  0  0
 2  0      0 89183804 3172 167954340 0    0     0     0 6211 5567  1  0 99  0  0  0
 3  0      0 88703908 3172 168424740 0    0     0  1196 6750 4804  1  0 99  0  0  0
 2  0      0 88253308 3172 168875748 0    0     0     0 5535 2752  1  0 99  0  0  0
 2  0      0 87962592 3172 169167972 0    0     0     0 4042 2700  0  0 99  0  0  0
 2  1      0 87691600 3172 169437540 0    0     0 1155072 12810 31405 0 0 99 0 0  0
 2  0      0 87261356 3172 169865940 0    0     0 557104 9837 16522 1 0 99  0  0  0
 3  0      0 86801628 3172 170326228 0    0     0     0 5406 2446  1  0 99  0  0  0
procs -----------memory---------- ---swap-- -----io---- -system-- -------cpu-------
 r  b   swpd   free   buff  cache   si   so    bi    bo   in   cs us sy id wa st gu
 4  0      0 86342160 3172 170786308 0    0     0    48 5750 3224  1  0 99  0  0  0
 3  0      0 85879288 3172 171246084 0    0     0    12 8105 10654 1  0 99  0  0  0
 2  0      0 85421652 3172 171703988 0    0     0     0 6518 3921  1  0 99  0  0  0
 3  0      0 84961624 3172 172162740 0    0     0 2244608 23056 59926 1 0 99 1 0  0
 2  0      0 84511104 3172 172617412 0    0     0 868360 13875 27754 1 0 99 1  0  0
 2  0      0 84056924 3172 173072328 0    0     0     0 5951 2363  1  0 99  0  0  0
 2  0      0 83602776 3172 173526776 0    0     0     0 5729 2766  1  0 99  0  0  0
 2  0      0 83149272 3172 173980600 0    0     0     0 5545 2742  1  0 99  0  0  0
 2  0      0 82698596 3172 174431900 0    0     0   134 5094 2055  1  0 99  0  0  0
 2  1      0 82273760 3172 174855948 0    0     0 724992 10816 20478 1 0 99 0  0  0
 2  1      0 81822320 3172 175301820 0    0     0 2666496 26178 69121 1 0 98 1 0  0
 2  0      0 81373576 3172 175751452 0    0     0 90112 7828 8905  1  0 99  0  0  0
 2  0      0 80923380 3172 176201084 0    0     0     0 5750 2850  1  0 99  0  0  0
 2  0      0 80476876 3172 176650300 0    0     0     0 6598 6319  1  0 99  0  0  0
 2  0      0 80015888 3172 177102188 0    0     0     0 7288 5302  1  0 99  0  0  0
 2  0      0 79562180 3172 177554796 0    0     0     0 5590 2537  1  0 99  0  0  0
 2  0      0 79109272 3172 178006956 0    0     0 2056192 21723 57231 1 0 99 0 0  0
 2  0      0 78659172 3172 178458236 0    0     0     0 6132 2848  1  0 99  0  0  0
 2  0      0 78209200 3172 178909612 0    0     0     0 5278 2296  1  0 99  0  0  0
 2  0      0 77759016 3172 179361388 0    0     0     4 5691 2483  1  0 99  0  0  0
 2  0      0 77310628 3172 179811684 0    0     0     0 5922 3247  1  0 99  0  0  0
procs -----------memory---------- ---swap-- -----io---- -system-- -------cpu-------
 r  b   swpd   free   buff  cache   si   so    bi    bo   in   cs us sy id wa st gu
 2  1      0 76860800 3172 180261892 0    0     0 300700 8922 12274 1 0 99  0  0  0
 2  1      0 76405284 3172 180711484 0    0     8 2187264 23734 60183 1 0 98 1 0  0
 2  0      0 75950664 3172 181164548 0    0     0 389120 9531 16298 1 0 99  0  0  0
 3  0      0 75497396 3172 181617924 0    0     0    32 6650 4665  1  0 99  0  0  0
 3  0      0 75046712 3172 182069876 0    0     0     0 5955 2968  1  0 99  0  0  0
 3  0      0 74595456 3172 182522548 0    0     0     0 5915 3323  1  0 99  0  0  0
 3  0      0 74144772 3172 182973428 0    0     0     0 5384 2409  1  0 99  0  0  0
 4  1      0 73692504 3172 183424628 0    0     0 1748992 18623 46009 1 0 99 0 0  0
 2  1      0 73434428 3172 183680116 0    0     0 1388544 15122 38369 0 0 99 1 0  0
 2  0      0 72982824 3172 184130052 0    0     0 401408 9732 15569 1 0 99  0  0  0
 2  0      0 72535920 3172 184580116 0    0     0     4 7891 10224 1  0 99  0  0  0
 2  0      0 72084740 3172 185032324 0    0     0     0 6208 3755  1  0 99  0  0  0
 2  0      0 71632132 3172 185484828 0    0     0     0 6575 5261  1  0 99  0  0  0
 2  0      0 71180280 3172 185937404 0    0     0     0 6805 4740  1  0 99  0  0  0
 3  1      0 70726812 3172 186389740 0    0     0 1634348 17782 42977 1 0 99 0 0  0
 2  1      0 70270812 3172 186841532 0    0     0 1433612 17239 39952 1 0 98 1 0  0
 2  0      0 69818988 3172 187293116 0    0     0 659456 11077 20493 1 0 99 0  0  0
 2  0      0 69368328 3172 187744460 0    0     0   151 5676 2860  1  0 99  0  0  0
 3  0      0 68919156 3172 188193772 0    0     0     0 5332 2340  1  0 99  0  0  0
 2  0      0 68469488 3172 188643660 0    0     0     0 5620 3131  1  0 99  0  0  0
 2  0      0 68009768 3172 189094368 0    0     0     0 7008 5605  1  0 99  0  0  0
procs -----------memory---------- ---swap-- -----io---- -system-- -------cpu-------
 r  b   swpd   free   buff  cache   si   so    bi    bo   in   cs us sy id wa st gu
 2  1      0 67602572 3172 189500764 0    0     0 1114112 13767 30358 1 0 99 0 0  0
 2  0      0 67146392 3172 189952892 0    0     0 1449984 17791 42488 1 0 99 0 0  0
 2  0      0 66683508 3172 190405348 0    0     0     0 7002 4764  1  0 99  0  0  0
 3  0      0 66230644 3172 190858564 0    0     0     0 5775 2488  1  0 99  0  0  0
 2  0      0 65779524 3172 191309828 0    0     0     0 6626 6671  1  0 99  0  0  0
 2  0      0 65329652 3172 191760260 0    0     0     0 6133 2968  1  0 99  0  0  0
 3  1      0 64876304 3172 192211044 0    0     0 1306624 15364 35483 1 0 99 0 0  0
 3  0      0 64522244 3172 192565476 0    0     0 557056 9068 16399 1 0 99  0  0  0
 3  0      0 64079524 3172 193012100 0    0     0    12 5888 3304  1  0 99  0  0  0
 2  0      0 63638344 3172 193460260 0    0     0     0 7280 6034  1  0 99  0  0  0
 3  0      0 63188476 3172 193909608 0    0     0     0 6116 3459  1  0 99  0  0  0
 2  0      0 62847504 3172 194251160 0    0     0     0 5470 5833  1  0 99  0  0  0
 3  1      0 62391648 3172 194699544 0    0     0 2162736 23412 56931 1 0 98 0 0  0
 1  0      0 61939984 3172 195149240 0    0     0 167936 7256 8009 1  0 99  0  0  0
 4  0      0 61959120 3004 195230372 0    0     0     0 5405 2497  1  0 99  0  0  0
 6  0      0 61905340 3004 195285624 0    0     0     4 5650 2565  1  0 99  0  0  0
 2  0      0 61837916 3004 195353244 0    0     0     0 5658 2846  1  0 99  0  0  0
 3  0      0 61772316 3004 195420700 0    0   112     0 5528 2658  1  0 99  0  0  0
 2  0      0 61715164 3004 195472984 0    0    84 1589248 18013 43730 1 0 99 0 0  0
 4  0      0 61650804 3004 195542072 0    0  1184     0 8292 10535 1  0 99  0  0  0
 7  0      0 61597312 3004 195589012 0    0     0     0 6706 3700  1  0 99  0  0  0
procs -----------memory---------- ---swap-- -----io---- -system-- -------cpu-------
 r  b   swpd   free   buff  cache   si   so    bi    bo   in   cs us sy id wa st gu
 1  0      0 61538236 3004 195645848 0    0     0     0 7564 6132  1  0 99  0  0  0
 1  0      0 61473356 3004 195702132 0    0     0     0 6875 4614  1  0 99  0  0  0
 1  1      0 61439436 3004 195734236 0    0     9 532480 9453 15940 1 0 99  0  0  0
 1  1      0 61427180 3004 195743328 0    0     0 2134016 21798 55666 1 0 98 1 0  0
 1  0      0 61432832 3004 195745708 0    0     0 167936 6806 7084 1  0 99  0  0  0
 1  0      0 61416408 3004 195761452 0    0   116    71 5620 2921  1  0 99  0  0  0
 1  0      0 61408288 2944 195769496 0    0    24     0 5506 2415  1  0 99  0  0  0
 1  0      0 61404528 2816 195772908 0    0    52     8 6920 9773  1  0 99  0  0  0
 1  0      0 61388260 2816 195781352 0    0     0     0 6781 5818  1  0 99  0  0  0
 1  1      0 61379108 2816 195786448 0    0     0 2240512 22565 58149 1 0 99 0 0  0
 1  0      0 61364740 2816 195797500 0    0     0 712704 12186 23721 1 0 99 0  0  0
 1  0      0 61339836 2816 195804700 0    0  1260     0 7466 5316  1  0 99  0  0  0
 1  0      0 61339120 2816 195805052 0    0     0     0 5662 2617  1  0 99  0  0  0
 1  0      0 61331228 2688 195812428 0    0   220     0 6093 6198  1  0 99  0  0  0
 1  0      0 61381268 2688 195808744 0    0     0     0 5702 2669  1  0 99  0  0  0
 2  0      0 61359400 2688 195825316 0    0     0 2019328 20530 52228 1 0 99 0 0  0
 1  0      0 61332800 2432 195856004 0    0    84 581632 10757 18576 1 0 99 0  0  0
 2  0      0 61323788 2304 195861324 0    0   168     0 5989 3304  1  0 99  0  0  0
 1  0      0 61336788 2304 195846584 0    0     0     0 7117 5738  1  0 99  0  0  0
 1  0      0 61338684 2304 195844680 0    0     0    20 6546 3666  1  0 99  0  0  0
 1  0      0 61306636 2304 195877216 0    0     0     0 6438 5909  1  0 99  0  0  0
procs -----------memory---------- ---swap-- -----io---- -system-- -------cpu-------
 r  b   swpd   free   buff  cache   si   so    bi    bo   in   cs us sy id wa st gu
 1  1      0 61325460 2304 195847012 0    0     0 1622048 18478 42905 1 0 99 0 0  0
 1  0      0 61321340 2304 195848140 0    0     0 1372160 16912 39380 1 0 98 1 0  0
 1  0      0 61328780 2304 195840412 0    0     0     0 5625 2983  1  0 99  0  0  0
 1  0      0 61353500 2304 195817588 0    0     0     0 5847 2622  1  0 99  0  0  0
 1  0      0 61350120 2304 195820420 0    0     0     0 5193 2052  1  0 99  0  0  0
 1  0      0 61331616 2176 195838412 0    0   124     0 5642 2966  1  0 99  0  0  0
 1  0      0 61318264 2176 195855556 0    0   116     0 6162 4110  1  0 99  0  0  0
 1  1      0 61349960 2176 195818232 0    0     8 2396160 25371 68084 1 0 98 1 0  0
 1  0      0 61316808 2176 195846364 0    0     0 401408 10199 15747 1 0 99 0  0  0
 1  0      0 61289444 2176 195872748 0    0     0     0 6264 5035  1  0 99  0  0  0
 1  0      0 61338884 2176 195821212 0    0     0     0 7212 5299  1  0 99  0  0  0
 1  0      0 61313748 2176 195849220 0    0     0     0 5711 2629  1  0 99  0  0  0
 1  0      0 61332312 2176 195831988 0    0     0     0 5382 2411  1  0 99  0  0  0
 1  1      0 61304232 2176 195858668 0    0     0 1734048 17971 43623 1 0 99 0 0  0
 1  0      0 61299976 2176 195862844 0    0     0 1178248 15454 34155 1 0 98 1 0  0
 1  0      0 61324448 1944 195839164 0    0   288     8 5699 2761  1  0 99  0  0  0
 1  0      0 61340424 1944 195820792 0    0   756     0 5828 3174  1  0 99  0  0  0
 1  0      0 61320576 1944 195847964 0    0     0     0 6924 5428  1  0 99  0  0  0
 1  0      0 61362620 1944 195807816 0    0     0     0 5971 3151  1  0 99  0  0  0
 2  1      0 61338948 1944 195830732 0    0    32 376832 8959 14642 1 0 99  0  0  0
 1  1      0 61295468 1944 195862676 0    0     0 2146304 23421 59461 1 0 98 1 0  0
procs -----------memory---------- ---swap-- -----io---- -system-- -------cpu-------
 r  b   swpd   free   buff  cache   si   so    bi    bo   in   cs us sy id wa st gu
 2  0      0 61313660 1944 195847432 0    0     0 311336 8490 11495 1 0 99  0  0  0
 1  0      0 61338980 1944 195820704 0    0     0     0 6290 6527  1  0 99  0  0  0
 1  0      0 61205508 1944 195859700 0    0     0 16384 6603 4792  1  0 99  0  0  0
 1  0      0 61257748 1944 195845532 0    0     0     0 6157 3183  1  0 99  0  0  0
 1  0      0 61266816 1944 195836844 0    0   120     0 5846 3175  1  0 99  0  0  0
 1  1      0 61289864 1944 195817104 0    0    96 2003200 21435 53416 1 0 99 0 0  0
 1  0      0 61269296 1944 195831812 0    0     0 1027840 14376 29764 1 0 99 0 0  0
 1  0      0 61284180 1944 195813948 0    0     0     0 6656 4058  1  0 99  0  0  0
 1  0      0 61278084 1944 195829184 0    0     0     0 6807 5906  1  0 99  0  0  0
 1  0      0 61053504 1944 196049332 0    0    12    56 7491 5773  1  0 99  0  0  0
 1  0      0 60831516 1944 196319376 0    0     0     0 5522 2840  1  0 99  0  0  0
 1  1      0 60565732 1944 196579944 0    0     0 1785856 18485 45801 1 0 99 0 0  0
 1  0      0 60129260 1944 197019424 0    0     0 815104 11611 23005 1 0 99 0  0  0
 1  0      0 59689804 1944 197457720 0    0     0     0 5415 2644  1  0 99  0  0  0
 0  0      0 59250844 1944 197895348 0    0    28     0 5411 2777  1  0 99  0  0  0
 1  0      0 58814244 1944 198332124 0    0     8     0 5681 3313  1  0 99  0  0  0
 1  0      0 58377968 1944 198769180 0    0     0     0 7467 10029 1  0 99  0  0  0
 1  1      0 57936980 1944 199205732 0    0     9 1150976 14628 31953 1 0 99 0 0  0
 1  0      0 57501964 1944 199641668 0    0     0 1413120 16982 40045 1 0 99 1 0  0
 1  0      0 57061044 1944 200078500 0    0     0     0 6951 4914  1  0 99  0  0  0
 1  0      0 56626504 1944 200514788 0    0     0     0 5287 2432  1  0 99  0  0  0
procs -----------memory---------- ---swap-- -----io---- -system-- -------cpu-------
 r  b   swpd   free   buff  cache   si   so    bi    bo   in   cs us sy id wa st gu
 1  0      0 56187972 1944 200954612 0    0     0     0 5478 2609  1  0 99  0  0  0
 1  0      0 55748724 1944 201395428 0    0     0     0 5076 2092  1  0 99  0  0  0
 2  0      0 55308480 1944 201836116 0    0     0 655444 10502 19204 1 0 99 0  0  0
 1  0      0 54862172 1944 202274596 0    0   372 2101256 20711 51922 1 0 98 1 0  0
 1  0      0 54424828 1944 202714396 0    0     0     0 6275 3852  1  0 99  0  0  0
 1  0      0 53984624 1944 203151992 0    0    40     0 6790 6351  1  0 99  0  0  0
 1  0      0 53547136 1944 203589076 0    0     0     0 5785 3017  1  0 99  0  0  0
 1  0      0 53112976 1944 204025236 0    0     0     0 6896 6655  1  0 99  0  0  0
 1  1      0 52668960 1944 204461028 0    0     0 528384 10911 17604 1 0 99 0  0  0
 1  1      0 52229620 1944 204896164 0    0     0 2101248 21237 54814 1 0 98 1 0  0
 1  0      0 51829120 1944 205297140 0    0     0 901120 13686 32113 1 0 99 1  0  0
 1  0      0 51390284 1944 205735556 0    0     0     0 5706 2739  1  0 99  0  0  0
 1  0      0 50952292 1944 206174452 0    0     0     0 5266 2409  1  0 99  0  0  0
 1  0      0 50588912 1944 206538532 0    0     0     8 4417 2136  1  0 99  0  0  0
 1  0      0 50289968 1944 206837400 0    0     0     8 5111 3625  0  0 99  0  0  0
 1  1      0 49852724 1944 207275208 0    0     0 376832 9687 15238 1 0 99  0  0  0
 1  1      0 49412756 1944 207712312 0    0     0 2211840 22518 57040 1 0 98 1 0  0
 1  0      0 48972068 1944 208148648 0    0     0 712704 12362 26180 1 0 99 0  0  0
 1  0      0 48526036 1944 208583768 0    0     0    16 6607 4486  1  0 99  0  0  0
 1  0      0 48195464 1944 208914392 0    0     0  1768 5138 3499  1  0 99  0  0  0
 1  0      0 47764932 1944 209344392 0    0     0     4 5932 3142  1  0 99  0  0  0
procs -----------memory---------- ---swap-- -----io---- -system-- -------cpu-------
 r  b   swpd   free   buff  cache   si   so    bi    bo   in   cs us sy id wa st gu
 2  0      0 47326412 1944 209785304 0    0     0     0 5033 2015  1  0 99  0  0  0
 1  1      0 47040360 1944 210071684 0    0     0 999424 12070 26190 1 0 99 0  0  0
 1  0      0 46928664 1944 210180148 0    0     0 552960 10064 16914 1 0 99 0  0  0
 1  0      0 46588036 1944 210522620 0    0     0     0 6916 4424  1  0 99  0  0  0
 1  0      0 46300308 1944 210806268 0    0     0     0 9138 11432 1  0 99  0  0  0
 2  0      0 46034284 1944 211071352 0    0     0     0 5927 3718  1  0 99  0  0  0
 1  0      0 45734468 1944 211371256 0    0     0     0 6159 4981  1  0 99  0  0  0
 2  0      0 45434616 1944 211665016 0    0     8 2060288 22555 55674 1 0 99 0 0  0
 1  0      0 45108892 1944 211990832 0    0     0 77824 6127 4712  1  0 99  0  0  0
 1  0      0 44669956 1944 212431312 0    0     0     0 5178 2235  1  0 99  0  0  0
 1  0      0 44230388 1944 212871392 0    0     0     0 5209 2133  1  0 99  0  0  0
 1  0      0 43792016 1944 213310592 0    0     0   135 5406 2464  1  0 99  0  0  0
 1  0      0 43352864 1944 213749280 0    0    16     0 5195 2268  1  0 99  0  0  0
 1  1      0 42910068 1944 214187264 0    0    16 2396160 23901 62266 1 0 98 1 0  0
 1  1      0 42472420 1944 214624352 0    0     0 1204224 16568 37245 1 0 98 1 0  0
 1  0      0 42029372 1944 215061344 0    0     0 708608 11854 23059 1 0 99 0  0  0
 1  0      0 41592604 1944 215498208 0    0     0     0 6783 6722  1  0 99  0  0  0
 1  0      0 41158040 1944 215934032 0    0     0     8 6846 5042  1  0 99  0  0  0
 0  0      0 40723816 1944 216365280 0    0     0     0 5615 3112  1  0 99  0  0  0
 1  0      0 40290664 1944 216799296 0    0     0     8 6464 6661  1  0 99  0  0  0
 3  1      0 39852920 1944 217237200 0    0     0 856064 11739 24065 1 0 99 0  0  0
procs -----------memory---------- ---swap-- -----io---- -system-- -------cpu-------
 r  b   swpd   free   buff  cache   si   so    bi    bo   in   cs us sy id wa st gu
 1  1      0 39408992 1944 217674768 0    0     0 1929216 19379 48606 1 0 98 1 0  0
 1  0      0 38969748 1944 218113920 0    0     0 167936 7455 8448 1  0 99  0  0  0
 1  0      0 38532276 1944 218552912 0    0     0     0 6344 4060  1  0 99  0  0  0
 1  0      0 38094852 1944 218990404 0    0     0     0 6410 5328  1  0 99  0  0  0
 1  0      0 37656392 1944 219427932 0    0     0     0 5830 3297  1  0 99  0  0  0
 1  0      0 37221324 1944 219865388 0    0     0     0 6205 5630  1  0 99  0  0  0
 1  1      0 36776292 1944 220301852 0    0     0 2199668 23179 58541 1 0 99 1 0  0
 1  0      0 36335312 1944 220740060 0    0     0 712744 11692 23028 1 0 99 0  0  0
 1  0      0 35896212 1944 221180732 0    0     0     0 5421 2579  1  0 99  0  0  0
 1  0      0 35455668 1944 221621804 0    0     0     0 5165 1960  1  0 99  0  0  0
 1  0      0 35121348 1944 221956172 0    0     0     0 4421 2332  1  0 99  0  0  0
 1  0      0 34706816 1944 222369708 0    0     0     0 5628 2508  1  0 99  0  0  0
 1  1      0 34267664 1944 222809228 0    0     0 1007616 13503 28214 1 0 99 0 0  0
 1  0      0 33981580 1944 223091492 0    0     0 815108 14135 30701 1 0 99 0  0  0
 1  0      0 33685572 1944 223385280 0    0     0     0 6188 3615  1  0 99  0  0  0
 1  0      0 33337052 1944 223734076 0    0     0     0 6079 4756  1  0 99  0  0  0
 1  0      0 32890456 1944 224171996 0    0     0     0 6644 4624  1  0 99  0  0  0
 1  0      0 32452096 1944 224610156 0    0     0     0 5361 2460  1  0 99  0  0  0
 2  0      0 32012556 1944 225048796 0    0     9 1933312 19533 48593 1 0 99 0 0  0
 1  1      0 31570328 1944 225487900 0    0     0 1318912 15429 36113 1 0 98 1 0  0
 1  0      0 31129728 1944 225927500 0    0     0 245811 7561 9922 1  0 99  0  0  0
procs -----------memory---------- ---swap-- -----io---- -system-- -------cpu-------
 r  b   swpd   free   buff  cache   si   so    bi    bo   in   cs us sy id wa st gu
 1  0      0 30691052 1944 226366468 0    0    24     0 5837 2760  1  0 99  0  0  0
 1  0      0 30252612 1944 226803912 0    0    32     0 6013 3651  1  0 99  0  0  0
 1  0      0 29877824 1944 227183400 0    0     0     0 9028 6436  1  0 99  0  0  0
 0  0      0 29707992 1944 227352864 0    0     0     0 6882 2729  0  0 100 0  0  0
 0  0      0 29568588 1944 227489376 0    0     0 1671168 20246 48305 1 0 99 0 0  0
 0  0      0 29382184 1944 227676096 0    0     0     0 8824 5606  0  0 100 0  0  0
 0  0      0 29240012 1944 227819400 0    0     0     0 6922 3385  0  0 100 0  0  0
 1  0      0 29088408 1944 227971368 0    0     0     8 8679 6879  0  0 100 0  0  0
 0  0      0 28890380 1944 228170128 0    0     0     0 9138 2428  0  0 100 0  0  0
 0  0      0 28705104 1944 228355984 0    0     0     0 6890 2552  0  0 100 0  0  0
 0  0      0 28506980 1944 228553296 0    0     0     0 7492 2139  0  0 100 0  0  0
 0  0      0 28363780 1944 228696464 0    0     0     0 7181 3313  0  0 100 0  0  0
 0  0      0 28176684 1944 228882352 0    0     0     0 8963 6130  0  0 100 0  0  0
 0  0      0 28033940 1944 229025544 0    0     0     0 6917 4174  0  0 100 0  0  0
 0  1      0 27901004 1944 229157256 0    0     0 251072 7623 10514 0 0 100 0  0  0
 1  0      0 27758040 1944 229294600 0    0     0 708624 13508 24302 0 0 99 0  0  0
 1  0      0 27631944 1944 229420648 0    0     0     0 6303 2652  0  0 100 0  0  0
 0  0      0 27474012 1944 229579272 0    0     0     0 7735 3131  0  0 100 0  0  0
 0  0      0 27303764 1944 229749704 0    0     0     0 6461 2162  0  0 100 0  0  0
 0  0      0 27117712 1944 229935656 0    0     0     0 7813 2654  0  0 100 0  0  0
 0  0      0 26946908 1944 230105896 0    0     0 1789952 19820 46162 0 0 99 0 0  0
procs -----------memory---------- ---swap-- -----io---- -system-- -------cpu-------
 r  b   swpd   free   buff  cache   si   so    bi    bo   in   cs us sy id wa st gu
 1  0      0 26790376 1944 230264744 0    0     0     8 8076 4234  0  0 100 0  0  0
 0  0      0 26786172 1944 230276328 0    0     0     0 4832 10847 0  0 100 0  0  0
 1  0      0 26627256 1944 230434824 0    0     0     8 8329 3609  0  0 100 0  0  0
 0  0      0 26534828 1944 230528332 0    0     0     0 5500 4311  0  0 100 0  0  0
 0  0      0 26460788 1944 230598336 0    0     0     0 7471 5206  0  0 100 0  0  0
 1  0      0 26263788 1944 230793328 0    0     0     0 8282 2844  0  0 100 0  0  0
 0  0      0 26110840 1944 230945872 0    0     0     0 6210 2947  0  0 100 0  0  0
 0  0      0 25927268 1944 231129712 0    0     0     0 6939 2064  0  0 100 0  0  0
 0  0      0 25795296 1944 231261776 0    0     0    73 5458 2554  0  0 100 0  0  0
 0  0      0 25609020 1944 231448304 0    0     0     0 6651 1962  0  0 100 0  0  0
 0  0      0 25459768 1944 231591920 0    0     0 2441216 25098 64097 0 0 99 1 0  0
 0  0      0 25294168 1944 231757616 0    0     0  3240 8935 6281  0  0 100 0  0  0
 1  0      0 25150008 1944 231904720 0    0     0     0 8370 2883  0  0 100 0  0  0
 1  0      0 24971700 1944 232084304 0    0     0     0 9952 6735  0  0 100 0  0  0
 0  0      0 24813384 1944 232247480 0    0     0     0 9181 5356  0  0 100 0  0  0
 0  0      0 24681672 1944 232379256 0    0     0     0 6304 2656  0  0 100 0  0  0
 0  1      0 24542708 1944 232516088 0    0     0 2396168 25273 66738 0 0 99 1 0  0
 0  1      0 24411932 1944 232643420 0    0     0 1179648 15425 34239 0 0 99 1 0  0
 0  0      0 24340936 1944 232713852 0    0     0 999424 12966 29103 0 0 99 1  0  0
 0  0      0 24154984 1944 232900124 0    0     0     0 6723 2139  0  0 100 0  0  0
 2  0      0 23980144 1944 233074844 0    0     0     0 9266 3975  0  0 100 0  0  0
procs -----------memory---------- ---swap-- -----io---- -system-- -------cpu-------
 r  b   swpd   free   buff  cache   si   so    bi    bo   in   cs us sy id wa st gu
 2  0      0 23810884 1944 233241564 0    0     0     0 8001 6006  0  0 100 0  0  0
 1  0      0 23617200 1944 233434332 0    0     0     4 8838 4619  0  0 100 0  0  0
 0  0      0 23490536 1944 233559244 0    0     0     0 7007 5439  0  0 100 0  0  0
 0  0      0 23346212 1944 233702396 0    0     0    48 7572 4794  0  0 100 0  0  0
 0  0      0 23159116 1944 233887884 0    0     0     0 6963 2914  0  0 100 0  0  0
 1  0      0 23002520 1944 234044924 0    0     0     0 6253 2435  0  0 100 0  0  0
 0  0      0 22884920 1944 234163132 0    0     0     0 6068 2825  0  0 100 0  0  0
 1  0      0 22699056 1944 234349276 0    0     0     0 7621 2567  0  0 100 0  0  0
 1  0      0 22527308 1944 234521228 0    0     0     0 6583 1951  0  0 100 0  0  0
 0  0      0 22363604 1944 234685324 0    0     0     0 7590 3821  1  0 99  0  0  0
 1  0      0 22173908 1944 234875940 0    0     0     0 10531 10560 0 0 99  0  0  0
 0  0      0 22032792 1944 235014780 0    0     0    40 6416 3641  0  0 100 0  0  0
 0  0      0 21907400 1944 235139676 0    0     0     0 6337 4368  0  0 100 0  0  0
 0  0      0 21765856 1944 235278164 0    0     0     0 7512 4521  0  0 100 0  0  0
 0  0      0 21575936 1944 235468660 0    0     0     0 7222 2503  0  0 100 0  0  0
 0  0      0 21519536 1944 235527848 0    0     0     0 5837 2560  0  0 100 0  0  0
 0  0      0 21452072 1944 235594004 0    0     0     8 7223 2604  0  0 100 0  0  0
 1  0      0 21450516 1944 235595012 0    0     0    66 4198 2298  0  0 100 0  0  0
 0  0      0 21503012 1944 235541940 0    0     0     0 5498 1893  0  0 100 0  0  0
 1  0      0 21465104 1944 235580200 0    0     0     0 10075 4141 0  0 100 0  0  0
 1  0      0 21494600 1944 235543512 0    0     0     0 5695 5846  0  0 100 0  0  0
procs -----------memory---------- ---swap-- -----io---- -system-- -------cpu-------
 r  b   swpd   free   buff  cache   si   so    bi    bo   in   cs us sy id wa st gu
 1  1      0 21511412 1944 235527088 0    0     0 299940 8926 7904 0  0 100 0  0  0
 0  1      0 21432072 1944 235600124 0    0     0 2846656 29357 14400 0 0 99 1 0  0
 1  1      0 21525348 1944 235501436 0    0   560 1277448 19763 8467 0 0 99 1  0  0
 0  1      0 21499304 1944 235524952 0    0     0 1200128 15334 5503 0 0 99 1  0  0
 1  1      0 21487648 1944 235538700 0    0     0 1167360 16540 9235 0 0 99 1  0  0
 2  0      0 21478464 1944 235542796 0    0     0 1245184 15087 5198 0 0 99 1  0  0
 0  1      0 21452536 1944 235567580 0    0     0 1163264 17282 5772 0 0 99 1  0  0
 0  1      0 21434696 1944 235586240 0    0     0 1200128 14895 4965 0 0 99 1  0  0
 0  0      0 21455496 1944 235560204 0    0     8 626688 13447 11504 0 0 99 0  0  0
 1  0      0 21508228 1944 235509148 0    0     0     0 7832 6127  0  0 100 0  0  0
 0  0      0 21499700 1944 235518616 0    0     0     0 7646 4032  1  0 99  0  0  0
 2  0      0 21474212 1944 235544340 0    0     0     0 6328 3876  0  0 100 0  0  0
 0  0      0 21500784 1944 235511940 0    0   592    16 8309 6705  0  0 100 0  0  0
 0  0      0 21499748 1944 235513308 0    0     0     0 7465 2984  0  0 100 0  0  0
 0  0      0 21443148 1944 235570852 0    0     0     0 7402 3905  0  0 100 0  0  0
 0  0      0 21450616 1944 235564372 0    0     0     0 7540 2812  0  0 100 0  0  0
 0  0      0 21407272 1944 235569772 0    0     0     0 7623 3403  1  0 99  0  0  0
 1  0      0 21447800 1944 235529764 0    0    20     0 6179 2163  0  0 100 0  0  0
 1  0      0 21471492 1944 235511064 0    0     4     0 7673 4092  0  0 100 0  0  0
 0  0      0 21463684 1944 235522236 0    0     0     0 8062 11083 0  0 100 0  0  0
 1  0      0 21485680 1944 235501612 0    0     0     0 7308 4186  0  0 100 0  0  0
procs -----------memory---------- ---swap-- -----io---- -system-- -------cpu-------
 r  b   swpd   free   buff  cache   si   so    bi    bo   in   cs us sy id wa st gu
 1  0      0 21435764 1944 235551980 0    0     0     0 7052 2701  0  0 100 0  0  0
 1  0      0 21441040 1944 235540144 0    0    76     0 7069 7152  0  0 100 0  0  0
 0  0      0 21483068 1944 235497856 0    0     0     0 6327 2540  0  0 100 0  0  0
 0  0      0 21428080 1944 235557248 0    0     0     0 3507 2359  0  0 100 0  0  0
 0  0      0 21435904 1944 235549716 0    0     0     0 7581 2242  0  0 100 0  0  0
 0  0      0 21487984 1944 235499204 0    0     0    47 6550 2771  0  0 100 0  0  0
 0  0      0 21499356 1944 235491300 0    0     0     0 7055 2263  1  0 99  0  0  0
 0  0      0 21470204 1944 235520676 0    0     0     0 5944 3356  0  0 100 0  0  0
 1  0      0 21461228 1944 235537612 0    0     0     0 8475 5458  0  0 100 0  0  0
 0  0      0 21434360 1944 235565168 0    0     0     0 6778 3226  0  0 100 0  0  0
 0  0      0 21439020 1944 235562740 0    0     0     0 4427 3570  0  0 100 0  0  0
 0  0      0 21524948 1944 235474380 0    0   264     0 9450 8223  0  0 100 0  0  0
 0  0      0 21485412 1944 235514924 0    0     0    40 6210 2536  0  0 100 0  0  0
 0  0      0 21461480 1944 235540808 0    0     0     0 7959 6712  0  0 100 0  0  0
 0  0      0 21421904 1944 235581312 0    0     0     8 6077 2274  0  0 100 0  0  0
 0  1      0 21485768 1944 235539964 0    0  1593 955369 11196 10541 0 0 99 0  0  0
 1  1      0 21478664 1944 235540980 0    0     0 2555904 21704 5507 0 0 99 1  0  0
 1  0      0 21434288 1944 235540984 0    0     0 718606 10628 8353 0 0 99  0  0  0
 0  0      0 21401192 1944 235557472 0    0    44 16401 5340 8629  0  0 100 0  0  0
 1  0      0 21386100 1944 235589724 0    0     0 32810 5282 7762  0  0 99  0  0  0
 0  0      0 21372684 1944 235591592 0    0     0    23 4264 5906  0  0 100 0  0  0
procs -----------memory---------- ---swap-- -----io---- -system-- -------cpu-------
 r  b   swpd   free   buff  cache   si   so    bi    bo   in   cs us sy id wa st gu
 1  0      0 21552632 1944 235435816 0    0     0 33912 6455 11516 0  0 100 0  0  0
 0  0      0 21552412 1944 235435816 0    0     0     0 2402 2874  0  0 100 0  0  0
 0  0      0 21555444 1944 235435820 0    0     0     0 1990 2193  0  0 100 0  0  0
 0  0      0 21558852 1944 235435820 0    0     0     0 2098 2223  0  0 100 0  0  0
 0  0      0 21571404 1944 235435444 0    0     0 16451 2897 3651  0  0 100 0  0  0
 0  0      0 21573040 1944 235435512 0    0     0     4 2538 2615  0  0 100 0  0  0
 0  0      0 21575168 1944 235435512 0    0     0     0 2566 3121  0  0 100 0  0  0
 2  0      0 21589164 1944 235435528 0    0     0   184 5189 11573 0  0 100 0  0  0
 0  0      0 21587748 1944 235435100 0    0     0 16456 3511 3946  0  0 100 0  0  0
 0  0      0 21586180 1944 235435984 0    0     0     0 2681 3177  0  0 100 0  0  0
 0  0      0 21590216 1944 235435968 0    0     0     0 3912 6780  0  0 100 0  0  0
 0  0      0 21639020 1944 235417508 0    0  3496  5506 7095 11661 0  0 100 0  0  0
 0  0      0 21640744 1944 235417776 0    0     0     0 3001 4024  0  0 100 0  0  0
 0  0      0 21706964 1944 235357796 0    0     8    20 2864 3993  0  0 100 0  0  0
 0  0      0 21708184 1944 235357756 0    0     0  1078 2638 3446  0  0 100 0  0  0
 0  0      0 21707968 1944 235357828 0    0     0    36 3275 4956  0  0 100 0  0  0
 0  0      0 21595832 1944 235418680 0    0   500 64044 15575 28083 0 0 99  0  0  0
 0  0      0 21586680 1944 235418772 0    0     0     0 4169 7011  0  0 100 0  0  0
 0  0      0 21588892 1944 235418772 0    0     0     0 2513 2915  0  0 100 0  0  0
 0  0      0 21593412 1944 235418804 0    0     0     0 2908 3834  0  0 100 0  0  0
 0  0      0 21595504 1944 235418804 0    0     0     0 4148 8075  0  0 100 0  0  0
procs -----------memory---------- ---swap-- -----io---- -system-- -------cpu-------
 r  b   swpd   free   buff  cache   si   so    bi    bo   in   cs us sy id wa st gu
 0  0      0 21604176 1944 235418808 0    0     0     4 2680 3283  0  0 100 0  0  0
 0  0      0 21611132 1944 235418800 0    0     0     0 3446 6962  0  0 100 0  0  0
 0  0      0 21614544 1944 235418800 0    0     0     0 2529 2914  0  0 100 0  0  0
 0  0      0 21620408 1944 235418800 0    0     0     0 2306 2833  0  0 100 0  0  0
 0  0      0 21624836 1944 235418800 0    0     0     0 2879 3404  0  0 100 0  0  0
 0  0      0 21605632 1944 235418864 0    0     0   324 7776 13911 0  0 100 0  0  0
 5  0      0 21504928 1944 235441968 0    0     0   222 9493 16622 0  0 99  0  0  0
 1  0      0 21433668 1944 235442408 0    0     0    20 6267 9802  1  0 99  0  0  0
 0  0      0 21457100 1944 235426032 0    0     0     8 4663 6932  0  0 100 0  0  0
 0  0      0 21511760 1944 235409664 0    0     0  3092 5584 9694  0  0 100 0  0  0
 0  0      0 21513032 1944 235409668 0    0     0   512 2903 3708  0  0 100 0  0  0
 0  0      0 21510288 1944 235409716 0    0     0     0 2704 3393  0  0 100 0  0  0
 0  0      0 21514728 1944 235409716 0    0     0     0 2376 2734  0  0 100 0  0  0
 0  0      0 21509504 1944 235409716 0    0     0     0 2262 2948  0  0 100 0  0  0
 1  0      0 21512748 1944 235409716 0    0     0     0 2580 3299  0  0 100 0  0  0
