Linux 6.12.88-119.157.amzn2023.x86_64 (ip-192-168-45-226.us-west-2.compute.internal) 	06/04/26 	_x86_64_	(128 CPU)

02:58:28      UID       PID    %usr %system  %guest   %wait    %CPU   CPU  Command
02:58:29        0     10676    0.00    1.94    0.00    0.00    1.94    47  containerd
02:58:29        0     10742    0.97    0.00    0.00    0.00    0.97    84  kubelet
02:58:29    10001     39866    0.00    1.94    0.00    0.00    1.94    66  manager
02:58:29       26    338082    0.97    0.00    0.00    0.00    0.97    73  manager
02:58:29       26    338220    0.97    0.00    0.00    0.00    0.97    66  manager
02:58:29       26    338266    0.00    0.97    0.00    0.00    0.97    14  postgres
02:58:29        0    347324    0.97    1.94    0.00    0.00    2.91    18  pidstat
02:58:29       26    347462    2.91    0.00    0.00    0.00    2.91    31  pgbackrest

02:58:29      UID       PID    %usr %system  %guest   %wait    %CPU   CPU  Command
02:58:30        0        18    1.00    0.00    0.00    0.00    1.00    65  rcu_preempt
02:58:30        0        65    1.00    0.00    0.00    0.00    1.00     9  ksoftirqd/9
02:58:30        0       465    1.00    0.00    0.00    1.00    1.00    88  ksoftirqd/88
02:58:30        0     10017    0.00    1.00    0.00    0.00    1.00    42  irqbalance
02:58:30        0     10742    9.00    0.00    0.00    0.00    9.00    84  kubelet
02:58:30    65532     13838    1.00    0.00    0.00    0.00    1.00    90  coredns
02:58:30    65532     13841    2.00    0.00    0.00    0.00    2.00   117  coredns
02:58:30     1000     18237    1.00    0.00    0.00    0.00    1.00    40  metrics-server
02:58:30        0     19804    0.00    1.00    0.00    0.00    1.00    92  containerd-shim
02:58:30       26    338082    0.00    1.00    0.00    0.00    1.00    73  manager
02:58:30       26    338220    3.00    2.00    0.00    0.00    5.00    66  manager
02:58:30        0    347324    0.00    1.00    0.00    0.00    1.00     5  pidstat
02:58:30       26    347480    6.00    2.00    0.00    0.00    8.00     1  pgbackrest
02:58:30       26    347481    1.00    0.00    0.00    0.00    1.00    92  postgres
02:58:30       26    347505   11.00    3.00    0.00    0.00   14.00    88  pgbackrest
02:58:30       26    347506   15.00    3.00    0.00    0.00   18.00   114  pgbackrest
02:58:30       26    347507   12.00    1.00    0.00    0.00   13.00   109  pgbackrest
02:58:30       26    347508   13.00    2.00    0.00    0.00   15.00    67  pgbackrest
02:58:30       26    347509   18.00    0.00    0.00    0.00   18.00   107  pgbackrest
02:58:30       26    347510   15.00    2.00    0.00    0.00   17.00    14  pgbackrest
02:58:30       26    347511   17.00    0.00    0.00    0.00   17.00    15  pgbackrest
02:58:30       26    347512   18.00    0.00    0.00    0.00   18.00    39  pgbackrest
02:58:30       26    347513   13.00    2.00    0.00    0.00   15.00     0  pgbackrest
02:58:30       26    347514   15.00    3.00    0.00    0.00   18.00    18  pgbackrest
02:58:30       26    347515   18.00    3.00    0.00    0.00   21.00    18  pgbackrest
02:58:30       26    347516   16.00    1.00    0.00    0.00   17.00    36  pgbackrest
02:58:30       26    347517   13.00    3.00    0.00    0.00   16.00    49  pgbackrest
02:58:30       26    347518   16.00    3.00    0.00    0.00   19.00    50  pgbackrest
02:58:30       26    347519   12.00    0.00    0.00    0.00   12.00    12  pgbackrest
02:58:30       26    347520   16.00    1.00    0.00    0.00   17.00    74  pgbackrest
02:58:30       26    347521   12.00    5.00    0.00    0.00   17.00    51  pgbackrest
02:58:30       26    347522   22.00    3.00    0.00    0.00   25.00     7  pgbackrest
02:58:30       26    347523   20.00    6.00    0.00    0.00   26.00    21  pgbackrest
02:58:30       26    347524   26.00    0.00    0.00    0.00   26.00    86  pgbackrest
02:58:30       26    347525   21.00    2.00    0.00    0.00   23.00   111  pgbackrest
02:58:30       26    347526   25.00    1.00    0.00    0.00   26.00    83  pgbackrest
02:58:30       26    347527   21.00    4.00    0.00    0.00   25.00   108  pgbackrest
02:58:30       26    347528   24.00    0.00    0.00    0.00   24.00    89  pgbackrest
02:58:30       26    347529   22.00    4.00    0.00    0.00   26.00    26  pgbackrest
02:58:30       26    347530   23.00    4.00    0.00    0.00   27.00    91  pgbackrest
02:58:30       26    347531   20.00    5.00    0.00    0.00   25.00    92  pgbackrest
02:58:30       26    347532   22.00    3.00    0.00    0.00   25.00    93  pgbackrest
02:58:30       26    347533   22.00    5.00    0.00    0.00   27.00    30  pgbackrest
02:58:30       26    347534   22.00    5.00    0.00    0.00   27.00    31  pgbackrest
02:58:30       26    347535   21.00    4.00    0.00    0.00   25.00    44  pgbackrest
02:58:30       26    347536   25.00    2.00    0.00    0.00   27.00    66  pgbackrest

02:58:30      UID       PID    %usr %system  %guest   %wait    %CPU   CPU  Command
02:58:31        0       465    1.00    0.00    0.00    0.00    1.00    88  ksoftirqd/88
02:58:31        0       505    0.00    1.00    0.00    1.00    1.00    96  ksoftirqd/96
02:58:31        0      2142    0.00    1.00    0.00    1.00    1.00    88  kworker/88:1-events
02:58:31        0      2187    0.00    1.00    0.00    0.00    1.00     9  kworker/9:1-events
02:58:31        0     10377    1.00    0.00    0.00    0.00    1.00    35  gssproxy
02:58:31        0     10742    1.00    0.00    0.00    0.00    1.00    84  kubelet
02:58:31    65532     43438    1.00    0.00    0.00    0.00    1.00    43  controller
02:58:31        0    344090    0.00    1.00    0.00    1.00    1.00    96  kworker/96:0-events
02:58:31        0    347199    1.00    1.00    0.00    0.00    2.00     1  containerd-shim
02:58:31        0    347324    2.00    3.00    0.00    0.00    5.00     5  pidstat
02:58:31       26    347505   36.00    2.00    0.00    0.00   38.00    24  pgbackrest
02:58:31       26    347506   46.00    4.00    0.00    0.00   50.00   114  pgbackrest
02:58:31       26    347507   39.00    2.00    0.00    0.00   41.00   109  pgbackrest
02:58:31       26    347508   36.00    2.00    0.00    0.00   38.00    67  pgbackrest
02:58:31       26    347509   40.00    3.00    0.00    0.00   43.00   107  pgbackrest
02:58:31       26    347510   39.00    5.00    0.00    0.00   44.00    14  pgbackrest
02:58:31       26    347511   39.00    3.00    0.00    0.00   42.00    15  pgbackrest
02:58:31       26    347512   44.00    3.00    0.00    0.00   47.00    60  pgbackrest
02:58:31       26    347513   29.00    1.00    0.00    0.00   30.00     0  pgbackrest
02:58:31       26    347514   47.00    1.00    0.00    0.00   48.00    18  pgbackrest
02:58:31       26    347515   38.00    6.00    0.00    0.00   44.00    61  pgbackrest
02:58:31       26    347516   37.00    4.00    0.00    0.00   41.00    69  pgbackrest
02:58:31       26    347517   40.00    4.00    0.00    0.00   44.00    49  pgbackrest
02:58:31       26    347518   44.00    7.00    0.00    0.00   51.00    50  pgbackrest
02:58:31       26    347519   33.00    1.00    0.00    0.00   34.00    13  pgbackrest
02:58:31       26    347520   44.00    2.00    0.00    0.00   46.00    74  pgbackrest
02:58:31       26    347521   35.00    2.00    0.00    0.00   37.00    51  pgbackrest
02:58:31       26    347522   91.00    6.00    0.00    0.00   97.00    32  pgbackrest
02:58:31       26    347523   81.00   16.00    0.00    0.00   97.00    21  pgbackrest
02:58:31       26    347524   93.00    8.00    0.00    0.00  101.00    86  pgbackrest
02:58:31       26    347525   84.00    5.00    0.00    0.00   89.00    47  pgbackrest
02:58:31       26    347526   86.00   11.00    0.00    0.00   97.00    83  pgbackrest
02:58:31       26    347527   86.00   15.00    0.00    0.00  101.00   108  pgbackrest
02:58:31       26    347528   87.00    6.00    0.00    0.00   93.00    25  pgbackrest
02:58:31       26    347529   83.00    9.00    0.00    0.00   92.00    26  pgbackrest
02:58:31       26    347530   84.00   11.00    0.00    0.00   95.00     6  pgbackrest
02:58:31       26    347531   54.00    9.00    0.00    0.00   63.00    28  pgbackrest
02:58:31       26    347532   96.00    4.00    0.00    0.00  100.00    93  pgbackrest
02:58:31       26    347533   90.00    9.00    0.00    0.00   99.00    30  pgbackrest
02:58:31       26    347534   96.00    4.00    0.00    0.00  100.00    31  pgbackrest
02:58:31       26    347535   89.00    6.00    0.00    0.00   95.00    39  pgbackrest
02:58:31       26    347536   89.00   10.00    0.00    0.00   99.00    66  pgbackrest

02:58:31      UID       PID    %usr %system  %guest   %wait    %CPU   CPU  Command
02:58:32        0     10676    0.00    1.00    0.00    0.00    1.00    47  containerd
02:58:32        0     10742    1.00    0.00    0.00    0.00    1.00    84  kubelet
02:58:32     1000     18234    1.00    0.00    0.00    0.00    1.00    93  metrics-server
02:58:32    10001     44757    0.00    1.00    0.00    0.00    1.00    41  manager
02:58:32        0    347324    0.00    2.00    0.00    0.00    2.00     5  pidstat
02:58:32        0    347361    1.00    0.00    0.00    0.00    1.00    38  iostat
02:58:32       26    347505   31.00    4.00    0.00    0.00   35.00    24  pgbackrest
02:58:32       26    347506   46.00    2.00    0.00    0.00   48.00   114  pgbackrest
02:58:32       26    347507   31.00    2.00    0.00    0.00   33.00   109  pgbackrest
02:58:32       26    347508   38.00    3.00    0.00    0.00   41.00    67  pgbackrest
02:58:32       26    347509   44.00    4.00    0.00    0.00   48.00   107  pgbackrest
02:58:32       26    347510   37.00    4.00    0.00    0.00   41.00    14  pgbackrest
02:58:32       26    347511   37.00    6.00    0.00    0.00   43.00    15  pgbackrest
02:58:32       26    347512   43.00    4.00    0.00    0.00   47.00    60  pgbackrest
02:58:32       26    347513   34.00    4.00    0.00    0.00   38.00     0  pgbackrest
02:58:32       26    347514   42.00    2.00    0.00    0.00   44.00    18  pgbackrest
02:58:32       26    347515   43.00    1.00    0.00    0.00   44.00    61  pgbackrest
02:58:32       26    347516   39.00    1.00    0.00    0.00   40.00    69  pgbackrest
02:58:32       26    347517   35.00    4.00    0.00    0.00   39.00    49  pgbackrest
02:58:32       26    347518   50.00    6.00    0.00    0.00   56.00    50  pgbackrest
02:58:32       26    347519   36.00    0.00    0.00    0.00   36.00    13  pgbackrest
02:58:32       26    347520   44.00    2.00    0.00    0.00   46.00    10  pgbackrest
02:58:32       26    347521   34.00    6.00    0.00    0.00   40.00    51  pgbackrest
02:58:32       26    347522   83.00    8.00    0.00    0.00   91.00    32  pgbackrest
02:58:32       26    347523   84.00   11.00    0.00    0.00   95.00    21  pgbackrest
02:58:32       26    347524   75.00    8.00    0.00    0.00   83.00    86  pgbackrest
02:58:32       26    347525   81.00    9.00    0.00    0.00   90.00    47  pgbackrest
02:58:32       26    347526   82.00    4.00    0.00    0.00   86.00    83  pgbackrest
02:58:32       26    347527   83.00    2.00    0.00    0.00   85.00    44  pgbackrest
02:58:32       26    347528   81.00   10.00    0.00    0.00   91.00    25  pgbackrest
02:58:32       26    347529   84.00    5.00    0.00    0.00   89.00    26  pgbackrest
02:58:32       26    347530   79.00    9.00    0.00    0.00   88.00    33  pgbackrest
02:58:32       26    347531   84.00    5.00    0.00    0.00   89.00    28  pgbackrest
02:58:32       26    347532   76.00    8.00    0.00    0.00   84.00    93  pgbackrest
02:58:32       26    347533   75.00   10.00    0.00    0.00   85.00    30  pgbackrest
02:58:32       26    347534   73.00    8.00    0.00    0.00   81.00    31  pgbackrest
02:58:32       26    347535   71.00    8.00    0.00    0.00   79.00    39  pgbackrest
02:58:32       26    347536   80.00    6.00    0.00    0.00   86.00    34  pgbackrest

02:58:32      UID       PID    %usr %system  %guest   %wait    %CPU   CPU  Command
02:58:33        0       505    0.00    1.00    0.00    0.00    1.00    96  ksoftirqd/96
02:58:33        0      2172    1.00    0.00    0.00    0.00    1.00   120  kworker/120:1-mm_percpu_wq
02:58:33        0     10676   13.00    0.00    0.00    0.00   13.00    47  containerd
02:58:33        0     10742    4.00    0.00    0.00    0.00    4.00    84  kubelet
02:58:33        0     10857    1.00    0.00    0.00    0.00    1.00    18  containerd-shim
02:58:33        0    347324    1.00    2.00    0.00    0.00    3.00     5  pidstat
02:58:33       26    347480    3.00    0.00    0.00    0.00    3.00     1  pgbackrest
02:58:33       26    347505   40.00    1.00    0.00    0.00   41.00    24  pgbackrest
02:58:33       26    347506   43.00    6.00    0.00    0.00   49.00   114  pgbackrest
02:58:33       26    347507   31.00    2.00    0.00    0.00   33.00   109  pgbackrest
02:58:33       26    347508   38.00    3.00    0.00    0.00   41.00    67  pgbackrest
02:58:33       26    347509   36.00    4.00    0.00    0.00   40.00    79  pgbackrest
02:58:33       26    347510   43.00    5.00    0.00    0.00   48.00     6  pgbackrest
02:58:33       26    347511   36.00    3.00    0.00    0.00   39.00    15  pgbackrest
02:58:33       26    347512   37.00    3.00    0.00    0.00   40.00    60  pgbackrest
02:58:33       26    347513   41.00    3.00    0.00    0.00   44.00     0  pgbackrest
02:58:33       26    347514   30.00    4.00    0.00    0.00   34.00    18  pgbackrest
02:58:33       26    347515   36.00    5.00    0.00    0.00   41.00    61  pgbackrest
02:58:33       26    347516   37.00    6.00    0.00    0.00   43.00    12  pgbackrest
02:58:33       26    347517   45.00    3.00    0.00    0.00   48.00    49  pgbackrest
02:58:33       26    347518   47.00    8.00    0.00    0.00   55.00    50  pgbackrest
02:58:33       26    347519   35.00    3.00    0.00    0.00   38.00    13  pgbackrest
02:58:33       26    347520   39.00    3.00    0.00    0.00   42.00    10  pgbackrest
02:58:33       26    347521   41.00    4.00    0.00    0.00   45.00    51  pgbackrest
02:58:33       26    347522   63.00    4.00    0.00    0.00   67.00    32  pgbackrest
02:58:33       26    347523   66.00    7.00    0.00    0.00   73.00    59  pgbackrest
02:58:33       26    347524   73.00    5.00    0.00    0.00   78.00    86  pgbackrest
02:58:33       26    347525   51.00    7.00    0.00    0.00   58.00    78  pgbackrest
02:58:33       26    347526   70.00    4.00    0.00    0.00   74.00    47  pgbackrest
02:58:33       26    347527   72.00    9.00    0.00    0.00   81.00    38  pgbackrest
02:58:33       26    347528   53.00    7.00    0.00    0.00   60.00    25  pgbackrest
02:58:33       26    347529   56.00   10.00    0.00    0.00   66.00    26  pgbackrest
02:58:33       26    347530   71.00    6.00    0.00    0.00   77.00    33  pgbackrest
02:58:33       26    347531   55.00    7.00    0.00    0.00   62.00    28  pgbackrest
02:58:33       26    347532   70.00    7.00    0.00    0.00   77.00    48  pgbackrest
02:58:33       26    347533   56.00    4.00    0.00    0.00   60.00    30  pgbackrest
02:58:33       26    347534   79.00    8.00    0.00    0.00   87.00    31  pgbackrest
02:58:33       26    347535   52.00    8.00    0.00    0.00   60.00    39  pgbackrest
02:58:33       26    347536   73.00    2.00    0.00    0.00   75.00    34  pgbackrest

02:58:33      UID       PID    %usr %system  %guest   %wait    %CPU   CPU  Command
02:58:34        0       465    1.00    0.00    0.00    2.00    1.00    88  ksoftirqd/88
02:58:34        0      2226    1.00    0.00    0.00    1.00    1.00   106  kworker/106:1-events
02:58:34        0     10676    1.00    0.00    0.00    0.00    1.00    47  containerd
02:58:34        0     10742    1.00    0.00    0.00    0.00    1.00    84  kubelet
02:58:34        0     11164    0.00    1.00    0.00    0.00    1.00    11  kworker/11:2-events
02:58:34        0    335728    1.00    0.00    0.00    0.00    1.00    21  kworker/21:2-events
02:58:34        0    347324    2.00    1.00    0.00    0.00    3.00    18  pidstat
02:58:34       26    347505   40.00    3.00    0.00    0.00   43.00     2  pgbackrest
02:58:34       26    347506   39.00    6.00    0.00    0.00   45.00   114  pgbackrest
02:58:34       26    347507   34.00    4.00    0.00    0.00   38.00   109  pgbackrest
02:58:34       26    347508   39.00    5.00    0.00    0.00   44.00    67  pgbackrest
02:58:34       26    347509   40.00    4.00    0.00    0.00   44.00    79  pgbackrest
02:58:34       26    347510   41.00    2.00    0.00    0.00   43.00     6  pgbackrest
02:58:34       26    347511   42.00    1.00    0.00    0.00   43.00    10  pgbackrest
02:58:34       26    347512   40.00    4.00    0.00    0.00   44.00    60  pgbackrest
02:58:34       26    347513   39.00    4.00    0.00    0.00   43.00     0  pgbackrest
02:58:34       26    347514   39.00    0.00    0.00    0.00   39.00    18  pgbackrest
02:58:34       26    347515   32.00    6.00    0.00    0.00   38.00    61  pgbackrest
02:58:34       26    347516   25.00    2.00    0.00    0.00   27.00    12  pgbackrest
02:58:34       26    347517   39.00    9.00    0.00    0.00   48.00    49  pgbackrest
02:58:34       26    347518   41.00    6.00    0.00    0.00   47.00    50  pgbackrest
02:58:34       26    347519   38.00    8.00    0.00    0.00   46.00    24  pgbackrest
02:58:34       26    347520   45.00    2.00    0.00    0.00   47.00   106  pgbackrest
02:58:34       26    347521   41.00    2.00    0.00    0.00   43.00    51  pgbackrest
02:58:34       26    347522   88.00   10.00    0.00    0.00   98.00    32  pgbackrest
02:58:34       26    347523   90.00    8.00    0.00    0.00   98.00    59  pgbackrest
02:58:34       26    347524   93.00    7.00    0.00    0.00  100.00    86  pgbackrest
02:58:34       26    347525   86.00    6.00    0.00    0.00   92.00     5  pgbackrest
02:58:34       26    347526   92.00    8.00    0.00    0.00  100.00    47  pgbackrest
02:58:34       26    347527   83.00   14.00    0.00    0.00   97.00    38  pgbackrest
02:58:34       26    347528   88.00    9.00    0.00    0.00   97.00    13  pgbackrest
02:58:34       26    347529   91.00    4.00    0.00    0.00   95.00    26  pgbackrest
02:58:34       26    347530   83.00   13.00    0.00    0.00   96.00    33  pgbackrest
02:58:34       26    347531   89.00   11.00    0.00    0.00  100.00    28  pgbackrest
02:58:34       26    347532   90.00   10.00    0.00    0.00  100.00    48  pgbackrest
02:58:34       26    347533   93.00    7.00    0.00    0.00  100.00    30  pgbackrest
02:58:34       26    347534   88.00   11.00    0.00    0.00   99.00    31  pgbackrest
02:58:34       26    347535   82.00    9.00    0.00    0.00   91.00    39  pgbackrest
02:58:34       26    347536   81.00   14.00    0.00    0.00   95.00    98  pgbackrest

02:58:34      UID       PID    %usr %system  %guest   %wait    %CPU   CPU  Command
02:58:35        0       556    1.00    0.00    0.00    1.00    1.00   106  ksoftirqd/106
02:58:35        0     10676    1.00    0.00    0.00    0.00    1.00    47  containerd
02:58:35        0     10742    2.00    0.00    0.00    0.00    2.00    84  kubelet
02:58:35    65532     13838    1.00    0.00    0.00    0.00    1.00    90  coredns
02:58:35        0    344090    0.00    1.00    0.00    0.00    1.00    96  kworker/96:0-events
02:58:35        0    347324    1.00    1.00    0.00    0.00    2.00    18  pidstat
02:58:35       26    347480    3.00    0.00    0.00    0.00    3.00    45  pgbackrest
02:58:35       26    347505   45.00    4.00    0.00    0.00   49.00     2  pgbackrest
02:58:35       26    347506   47.00    2.00    0.00    0.00   49.00   114  pgbackrest
02:58:35       26    347507   33.00    0.00    0.00    0.00   33.00   106  pgbackrest
02:58:35       26    347508   36.00    5.00    0.00    0.00   41.00    67  pgbackrest
02:58:35       26    347509   46.00    4.00    0.00    0.00   50.00    79  pgbackrest
02:58:35       26    347510   38.00    4.00    0.00    0.00   42.00     6  pgbackrest
02:58:35       26    347511   33.00    7.00    0.00    0.00   40.00    10  pgbackrest
02:58:35       26    347512   37.00    8.00    0.00    0.00   45.00    60  pgbackrest
02:58:35       26    347513   40.00    3.00    0.00    0.00   43.00    64  pgbackrest
02:58:35       26    347514   44.00    4.00    0.00    0.00   48.00   109  pgbackrest
02:58:35       26    347515   38.00    6.00    0.00    0.00   44.00    61  pgbackrest
02:58:35       26    347516   45.00    2.00    0.00    0.00   47.00    12  pgbackrest
02:58:35       26    347517   43.00    2.00    0.00    0.00   45.00    49  pgbackrest
02:58:35       26    347518   44.00    3.00    0.00    0.00   47.00    65  pgbackrest
02:58:35       26    347519   34.00    4.00    0.00    0.00   38.00    24  pgbackrest
02:58:35       26    347520   28.00   14.00    0.00    0.00   42.00    42  pgbackrest
02:58:35       26    347521   39.00    5.00    0.00    0.00   44.00    51  pgbackrest
02:58:35       26    347522   60.00    4.00    0.00    0.00   64.00    11  pgbackrest
02:58:35       26    347523   56.00    4.00    0.00    0.00   60.00    32  pgbackrest
02:58:35       26    347524   69.00    5.00    0.00    0.00   74.00    86  pgbackrest
02:58:35       26    347525   65.00    7.00    0.00    0.00   72.00    87  pgbackrest
02:58:35       26    347526   58.00    3.00    0.00    0.00   61.00    47  pgbackrest
02:58:35       26    347527   63.00    3.00    0.00    0.00   66.00    38  pgbackrest
02:58:35       26    347528   54.00    8.00    0.00    0.00   62.00    13  pgbackrest
02:58:35       26    347529   55.00    3.00    0.00    0.00   58.00    26  pgbackrest
02:58:35       26    347530   52.00   11.00    0.00    0.00   63.00    33  pgbackrest
02:58:35       26    347531   68.00    9.00    0.00    0.00   77.00    28  pgbackrest
02:58:35       26    347532   36.00    6.00    0.00    0.00   42.00    48  pgbackrest
02:58:35       26    347533   65.00    7.00    0.00    0.00   72.00    30  pgbackrest
02:58:35       26    347534   61.00    8.00    0.00    0.00   69.00    31  pgbackrest
02:58:35       26    347535   59.00    6.00    0.00    0.00   65.00    64  pgbackrest
02:58:35       26    347536   63.00    8.00    0.00    0.00   71.00    98  pgbackrest

02:58:35      UID       PID    %usr %system  %guest   %wait    %CPU   CPU  Command
02:58:36        0       126    1.00    0.00    0.00    0.00    1.00    21  ksoftirqd/21
02:58:36        0       505    0.00    2.00    0.00    2.00    2.00    96  ksoftirqd/96
02:58:36        0      2142    0.00    1.00    0.00    0.00    1.00    88  kworker/88:1-events
02:58:36        0     10676    1.00    0.00    0.00    0.00    1.00    47  containerd
02:58:36        0     10742    2.00    0.00    0.00    0.00    2.00    84  kubelet
02:58:36        0    347324    3.00    0.00    0.00    0.00    3.00    18  pidstat
02:58:36        0    347343    1.00    0.00    0.00    0.00    1.00    99  vmstat
02:58:36       26    347480    2.00    0.00    0.00    0.00    2.00    45  pgbackrest
02:58:36       26    347505   41.00    0.00    0.00    0.00   41.00     1  pgbackrest
02:58:36       26    347506   36.00    5.00    0.00    0.00   41.00   114  pgbackrest
02:58:36       26    347507   27.00    4.00    0.00    0.00   31.00   106  pgbackrest
02:58:36       26    347508   41.00    3.00    0.00    0.00   44.00     3  pgbackrest
02:58:36       26    347509   44.00    5.00    0.00    0.00   49.00    79  pgbackrest
02:58:36       26    347510   31.00    3.00    0.00    0.00   34.00     6  pgbackrest
02:58:36       26    347511   37.00    3.00    0.00    0.00   40.00    88  pgbackrest
02:58:36       26    347512   40.00   10.00    0.00    0.00   50.00     4  pgbackrest
02:58:36       26    347513   44.00    4.00    0.00    0.00   48.00    64  pgbackrest
02:58:36       26    347514   39.00    2.00    0.00    0.00   41.00   109  pgbackrest
02:58:36       26    347515   46.00    4.00    0.00    0.00   50.00    61  pgbackrest
02:58:36       26    347516   35.00    2.00    0.00    0.00   37.00    12  pgbackrest
02:58:36       26    347517   44.00    2.00    0.00    0.00   46.00    49  pgbackrest
02:58:36       26    347518   40.00    6.00    0.00    0.00   46.00    36  pgbackrest
02:58:36       26    347519   24.00    5.00    0.00    0.00   29.00    24  pgbackrest
02:58:36       26    347520   38.00    4.00    0.00    0.00   42.00    60  pgbackrest
02:58:36       26    347521   40.00    8.00    0.00    0.00   48.00    32  pgbackrest
02:58:36       26    347522   87.00    9.00    0.00    0.00   96.00    33  pgbackrest
02:58:36       26    347523   91.00    8.00    0.00    0.00   99.00    59  pgbackrest
02:58:36       26    347524   88.00   12.00    0.00    0.00  100.00    86  pgbackrest
02:58:36       26    347525   78.00    8.00    0.00    0.00   86.00    23  pgbackrest
02:58:36       26    347526   86.00   11.00    0.00    0.00   97.00    47  pgbackrest
02:58:36       26    347527   87.00   12.00    0.00    0.00   99.00    10  pgbackrest
02:58:36       26    347528   92.00    4.00    0.00    0.00   96.00    13  pgbackrest
02:58:36       26    347529   68.00   13.00    0.00    0.00   81.00    26  pgbackrest
02:58:36       26    347530   83.00   15.00    0.00    0.00   98.00     9  pgbackrest
02:58:36       26    347531   75.00   10.00    0.00    0.00   85.00    46  pgbackrest
02:58:36       26    347532   90.00    5.00    0.00    0.00   95.00    48  pgbackrest
02:58:36       26    347533   88.00   10.00    0.00    0.00   98.00    30  pgbackrest
02:58:36       26    347534   91.00    9.00    0.00    0.00  100.00    31  pgbackrest
02:58:36       26    347535   75.00    9.00    0.00    0.00   84.00    35  pgbackrest
02:58:36       26    347536   90.00    8.00    0.00    0.00   98.00    98  pgbackrest

02:58:36      UID       PID    %usr %system  %guest   %wait    %CPU   CPU  Command
02:58:37        0     10676    3.00    0.00    0.00    0.00    3.00    47  containerd
02:58:37        0     10742    2.00    0.00    0.00    0.00    2.00    84  kubelet
02:58:37        0     13727    0.00    1.00    0.00    0.00    1.00    46  containerd-shim
02:58:37        0     17072    0.00    1.00    0.00    0.00    1.00    87  containerd-shim
02:58:37        0     39726    1.00    0.00    0.00    0.00    1.00   121  containerd-shim
02:58:37        0     43165    0.00    1.00    0.00    0.00    1.00   123  containerd-shim
02:58:37        0    334636    1.00    0.00    0.00    0.00    1.00    78  kworker/78:0-events
02:58:37        0    347324    0.00    3.00    0.00    0.00    3.00    18  pidstat
02:58:37       26    347505   39.00    1.00    0.00    0.00   40.00    88  pgbackrest
02:58:37       26    347506   39.00    2.00    0.00    0.00   41.00   114  pgbackrest
02:58:37       26    347507   38.00    7.00    0.00    0.00   45.00   106  pgbackrest
02:58:37       26    347508   42.00    6.00    0.00    0.00   48.00     1  pgbackrest
02:58:37       26    347509   33.00    1.00    0.00    0.00   34.00    79  pgbackrest
02:58:37       26    347510   46.00    6.00    0.00    0.00   52.00     6  pgbackrest
02:58:37       26    347511   43.00    3.00    0.00    0.00   46.00    33  pgbackrest
02:58:37       26    347512   38.00    9.00    0.00    0.00   47.00   125  pgbackrest
02:58:37       26    347513   42.00    2.00    0.00    0.00   44.00    64  pgbackrest
02:58:37       26    347514   42.00    0.00    0.00    0.00   42.00    89  pgbackrest
02:58:37       26    347515   36.00    2.00    0.00    0.00   38.00    61  pgbackrest
02:58:37       26    347516   40.00    3.00    0.00    0.00   43.00    12  pgbackrest
02:58:37       26    347517   29.00    1.00    0.00    0.00   30.00    49  pgbackrest
02:58:37       26    347518   44.00    6.00    0.00    0.00   50.00    36  pgbackrest
02:58:37       26    347519   33.00    4.00    0.00    0.00   37.00     4  pgbackrest
02:58:37       26    347520   42.00    2.00    0.00    0.00   44.00    60  pgbackrest
02:58:37       26    347521   35.00    5.00    0.00    0.00   40.00    32  pgbackrest
02:58:37       26    347522   85.00    5.00    0.00    0.00   90.00    33  pgbackrest
02:58:37       26    347523   81.00    7.00    0.00    0.00   88.00    59  pgbackrest
02:58:37       26    347524   61.00    7.00    0.00    0.00   68.00     2  pgbackrest
02:58:37       26    347525   88.00    7.00    0.00    0.00   95.00    32  pgbackrest
02:58:37       26    347526   72.00    9.00    0.00    0.00   81.00    47  pgbackrest
02:58:37       26    347527   62.00    3.00    0.00    0.00   65.00     9  pgbackrest
02:58:37       26    347528   76.00   13.00    0.00    0.00   89.00    11  pgbackrest
02:58:37       26    347529   91.00    2.00    0.00    0.00   93.00    10  pgbackrest
02:58:37       26    347530   82.00    5.00    0.00    0.00   87.00   122  pgbackrest
02:58:37       26    347531   92.00    6.00    0.00    0.00   98.00    28  pgbackrest
02:58:37       26    347532   88.00    3.00    0.00    0.00   91.00    48  pgbackrest
02:58:37       26    347533   74.00    7.00    0.00    0.00   81.00    30  pgbackrest
02:58:37       26    347534   65.00    7.00    0.00    0.00   72.00    31  pgbackrest
02:58:37       26    347535   83.00   10.00    0.00    0.00   93.00    13  pgbackrest
02:58:37       26    347536   63.00    9.00    0.00    0.00   72.00    89  pgbackrest

02:58:37      UID       PID    %usr %system  %guest   %wait    %CPU   CPU  Command
02:58:38        0     10742    2.00    1.00    0.00    0.00    3.00    84  kubelet
02:58:38     1000     18234    3.00    0.00    0.00    0.00    3.00    93  metrics-server
02:58:38     1000     18237    1.00    0.00    0.00    0.00    1.00    40  metrics-server
02:58:38    10001     39866    0.00    1.00    0.00    0.00    1.00    66  manager
02:58:38        0     47067    1.00    0.00    0.00    0.00    1.00    43  containerd-shim
02:58:38    10001     47172    1.00    0.00    0.00    0.00    1.00    42  cnpg-i-pgbackre
02:58:38       26    338220    1.00    0.00    0.00    0.00    1.00    66  manager
02:58:38        0    347324    1.00    2.00    0.00    0.00    3.00    18  pidstat
02:58:38       26    347480    3.00    0.00    0.00    0.00    3.00    84  pgbackrest
02:58:38       26    347505   39.00    6.00    0.00    0.00   45.00     3  pgbackrest
02:58:38       26    347506   37.00    5.00    0.00    0.00   42.00   114  pgbackrest
02:58:38       26    347507   28.00    7.00    0.00    0.00   35.00   106  pgbackrest
02:58:38       26    347508   37.00    5.00    0.00    0.00   42.00    88  pgbackrest
02:58:38       26    347509   42.00    5.00    0.00    0.00   47.00    15  pgbackrest
02:58:38       26    347510   41.00    1.00    0.00    0.00   42.00     6  pgbackrest
02:58:38       26    347511   42.00    5.00    0.00    0.00   47.00    12  pgbackrest
02:58:38       26    347512   46.00    4.00    0.00    0.00   50.00   125  pgbackrest
02:58:38       26    347513   36.00    6.00    0.00    0.00   42.00    64  pgbackrest
02:58:38       26    347514   41.00    3.00    0.00    0.00   44.00    91  pgbackrest
02:58:38       26    347515   43.00    5.00    0.00    0.00   48.00    61  pgbackrest
02:58:38       26    347516   45.00    3.00    0.00    0.00   48.00    12  pgbackrest
02:58:38       26    347517   37.00    5.00    0.00    0.00   42.00    49  pgbackrest
02:58:38       26    347518   36.00    8.00    0.00    0.00   44.00    36  pgbackrest
02:58:38       26    347519   33.00    3.00    0.00    0.00   36.00     4  pgbackrest
02:58:38       26    347520   42.00    3.00    0.00    0.00   45.00    60  pgbackrest
02:58:38       26    347521   33.00   19.00    0.00    0.00   52.00    96  pgbackrest
02:58:38       26    347522   68.00   10.00    0.00    0.00   78.00     8  pgbackrest
02:58:38       26    347523   65.00    5.00    0.00    0.00   70.00    34  pgbackrest
02:58:38       26    347524   82.00   13.00    0.00    0.00   95.00     2  pgbackrest
02:58:38       26    347525   58.00   10.00    0.00    0.00   68.00    21  pgbackrest
02:58:38       26    347526   76.00    9.00    0.00    0.00   85.00    32  pgbackrest
02:58:38       26    347527   80.00   16.00    0.00    0.00   96.00    35  pgbackrest
02:58:38       26    347528   59.00    7.00    0.00    0.00   66.00   107  pgbackrest
02:58:38       26    347529   58.00    3.00    0.00    0.00   61.00     1  pgbackrest
02:58:38       26    347530   61.00   13.00    0.00    0.00   74.00    14  pgbackrest
02:58:38       26    347531   55.00    9.00    0.00    0.00   64.00    28  pgbackrest
02:58:38       26    347532   64.00    3.00    0.00    0.00   67.00    48  pgbackrest
02:58:38       26    347533   88.00    6.00    0.00    0.00   94.00    30  pgbackrest
02:58:38       26    347534   75.00   12.00    0.00    0.00   87.00    31  pgbackrest
02:58:38       26    347535   58.00    6.00    0.00    0.00   64.00    13  pgbackrest
02:58:38       26    347536   80.00    6.00    0.00    0.00   86.00    33  pgbackrest

02:58:38      UID       PID    %usr %system  %guest   %wait    %CPU   CPU  Command
02:58:39        0     10676    1.00    0.00    0.00    0.00    1.00    47  containerd
02:58:39        0     10742    1.00    0.00    0.00    0.00    1.00    84  kubelet
02:58:39        0     10857    0.00    1.00    0.00    0.00    1.00    18  containerd-shim
02:58:39    10001     44757    1.00    0.00    0.00    0.00    1.00    41  manager
02:58:39        0    347324    0.00    3.00    0.00    0.00    3.00    18  pidstat
02:58:39       26    347505   25.00    0.00    0.00    0.00   25.00     3  pgbackrest
02:58:39       26    347506   43.00    0.00    0.00    0.00   43.00   114  pgbackrest
02:58:39       26    347507   37.00    1.00    0.00    0.00   38.00    42  pgbackrest
02:58:39       26    347508   48.00    3.00    0.00    0.00   51.00    88  pgbackrest
02:58:39       26    347509   33.00    5.00    0.00    0.00   38.00    15  pgbackrest
02:58:39       26    347510   41.00    2.00    0.00    0.00   43.00     6  pgbackrest
02:58:39       26    347511   37.00    5.00    0.00    0.00   42.00    12  pgbackrest
02:58:39       26    347512   39.00    6.00    0.00    0.00   45.00   125  pgbackrest
02:58:39       26    347513   46.00    3.00    0.00    0.00   49.00    64  pgbackrest
02:58:39       26    347514   41.00    2.00    0.00    0.00   43.00    91  pgbackrest
02:58:39       26    347515   43.00    4.00    0.00    0.00   47.00    61  pgbackrest
02:58:39       26    347516   35.00    9.00    0.00    0.00   44.00    78  pgbackrest
02:58:39       26    347517   45.00    5.00    0.00    0.00   50.00   101  pgbackrest
02:58:39       26    347518   35.00    4.00    0.00    0.00   39.00    36  pgbackrest
02:58:39       26    347519   31.00    3.00    0.00    0.00   34.00     4  pgbackrest
02:58:39       26    347520   35.00    3.00    0.00    0.00   38.00   124  pgbackrest
02:58:39       26    347521   43.00    5.00    0.00    0.00   48.00    45  pgbackrest
02:58:39       26    347522   91.00    8.00    0.00    0.00   99.00    32  pgbackrest
02:58:39       26    347523   88.00   10.00    0.00    0.00   98.00    34  pgbackrest
02:58:39       26    347524   89.00   11.00    0.00    0.00  100.00     2  pgbackrest
02:58:39       26    347525   83.00    6.00    0.00    0.00   89.00    79  pgbackrest
02:58:39       26    347526   95.00    5.00    0.00    0.00  100.00    51  pgbackrest
02:58:39       26    347527   90.00    6.00    0.00    0.00   96.00    35  pgbackrest
02:58:39       26    347528   92.00    5.00    0.00    0.00   97.00   107  pgbackrest
02:58:39       26    347529   84.00    7.00    0.00    0.00   91.00     1  pgbackrest
02:58:39       26    347530   93.00    5.00    0.00    0.00   98.00     5  pgbackrest
02:58:39       26    347531   91.00    8.00    0.00    0.00   99.00    49  pgbackrest
02:58:39       26    347532   85.00   11.00    0.00    0.00   96.00    48  pgbackrest
02:58:39       26    347533   89.00    8.00    0.00    0.00   97.00    30  pgbackrest
02:58:39       26    347534   94.00    6.00    0.00    0.00  100.00    31  pgbackrest
02:58:39       26    347535   92.00    5.00    0.00    0.00   97.00    13  pgbackrest
02:58:39       26    347536   95.00    4.00    0.00    0.00   99.00    33  pgbackrest

02:58:39      UID       PID    %usr %system  %guest   %wait    %CPU   CPU  Command
02:58:40        0       465    1.00    0.00    0.00    0.00    1.00    88  ksoftirqd/88
02:58:40        0     10017    0.00    1.00    0.00    0.00    1.00    42  irqbalance
02:58:40        0     10676    1.00    0.00    0.00    0.00    1.00    47  containerd
02:58:40        0     10742    8.00    2.00    0.00    0.00   10.00    84  kubelet
02:58:40        0    344090    0.00    1.00    0.00    0.00    1.00    96  kworker/96:0-events
02:58:40        0    347324    1.00    1.00    0.00    0.00    2.00    18  pidstat
02:58:40        0    347385    1.00    0.00    0.00    0.00    1.00    60  sadc
02:58:40       26    347480    4.00    1.00    0.00    0.00    5.00   108  pgbackrest
02:58:40       26    347505   38.00    5.00    0.00    0.00   43.00     3  pgbackrest
02:58:40       26    347506   28.00    4.00    0.00    0.00   32.00   114  pgbackrest
02:58:40       26    347507   37.00    6.00    0.00    0.00   43.00    42  pgbackrest
02:58:40       26    347508   31.00    6.00    0.00    0.00   37.00   110  pgbackrest
02:58:40       26    347509   41.00    4.00    0.00    0.00   45.00    10  pgbackrest
02:58:40       26    347510   33.00    6.00    0.00    0.00   39.00     6  pgbackrest
02:58:40       26    347511   27.00    2.00    0.00    0.00   29.00    89  pgbackrest
02:58:40       26    347512   41.00    3.00    0.00    0.00   44.00    34  pgbackrest
02:58:40       26    347513   35.00    3.00    0.00    0.00   38.00    64  pgbackrest
02:58:40       26    347514   40.00    4.00    0.00    0.00   44.00    91  pgbackrest
02:58:40       26    347515   23.00    4.00    0.00    0.00   27.00    54  pgbackrest
02:58:40       26    347516   30.00    1.00    0.00    0.00   31.00    14  pgbackrest
02:58:40       26    347517   45.00    6.00    0.00    0.00   51.00    37  pgbackrest
02:58:40       26    347518   43.00    5.00    0.00    0.00   48.00   124  pgbackrest
02:58:40       26    347519   34.00    4.00    0.00    0.00   38.00     4  pgbackrest
02:58:40       26    347520   36.00    2.00    0.00    0.00   38.00    38  pgbackrest
02:58:40       26    347521   37.00    2.00    0.00    0.00   39.00    45  pgbackrest
02:58:40       26    347522   60.00   11.00    0.00    0.00   71.00    11  pgbackrest
02:58:40       26    347523   51.00   11.00    0.00    0.00   62.00    90  pgbackrest
02:58:40       26    347524   61.00    6.00    0.00    0.00   67.00     2  pgbackrest
02:58:40       26    347525   80.00    7.00    0.00    0.00   87.00    15  pgbackrest
02:58:40       26    347526   53.00    7.00    0.00    0.00   60.00    32  pgbackrest
02:58:40       26    347527   61.00    9.00    0.00    0.00   70.00    33  pgbackrest
02:58:40       26    347528   55.00    5.00    0.00    0.00   60.00   107  pgbackrest
02:58:40       26    347529   69.00    4.00    0.00    0.00   73.00     7  pgbackrest
02:58:40       26    347530   61.00    7.00    0.00    0.00   68.00    35  pgbackrest
02:58:40       26    347531   57.00   10.00    0.00    0.00   67.00    12  pgbackrest
02:58:40       26    347532   62.00    5.00    0.00    0.00   67.00    48  pgbackrest
02:58:40       26    347533   64.00    7.00    0.00    0.00   71.00    30  pgbackrest
02:58:40       26    347534   59.00    5.00    0.00    0.00   64.00    31  pgbackrest
02:58:40       26    347535   66.00    7.00    0.00    0.00   73.00    12  pgbackrest
02:58:40       26    347536   60.00    6.00    0.00    0.00   66.00    88  pgbackrest

02:58:40      UID       PID    %usr %system  %guest   %wait    %CPU   CPU  Command
02:58:41        0      2142    0.00    1.00    0.00    0.00    1.00    88  kworker/88:1-events
02:58:41        0     10742    0.00    1.00    0.00    0.00    1.00    84  kubelet
02:58:41    65532     13841    1.00    0.00    0.00    0.00    1.00   117  coredns
02:58:41        0     37536    0.00    1.00    0.00    0.00    1.00    32  kworker/32:0-events
02:58:41        0    347199    1.00    0.00    0.00    0.00    1.00     1  containerd-shim
02:58:41        0    347324    0.00    3.00    0.00    0.00    3.00    18  pidstat
02:58:41       26    347480    2.00    0.00    0.00    0.00    2.00    84  pgbackrest
02:58:41       26    347505   48.00    2.00    0.00    0.00   50.00     3  pgbackrest
02:58:41       26    347506   81.00   15.00    0.00    0.00   96.00   114  pgbackrest
02:58:41       26    347507   30.00    3.00    0.00    0.00   33.00    42  pgbackrest
02:58:41       26    347508   86.00    8.00    0.00    0.00   94.00    89  pgbackrest
02:58:41       26    347509   90.00   10.00    0.00    0.00  100.00    10  pgbackrest
02:58:41       26    347510   94.00    6.00    0.00    0.00  100.00     6  pgbackrest
02:58:41       26    347511   72.00    7.00    0.00    0.00   79.00    92  pgbackrest
02:58:41       26    347512   91.00    8.00    0.00    0.00   99.00    34  pgbackrest
02:58:41       26    347513   90.00   10.00    0.00    0.00  100.00    64  pgbackrest
02:58:41       26    347514   88.00   10.00    0.00    0.00   98.00    91  pgbackrest
02:58:41       26    347515   87.00    5.00    0.00    0.00   92.00    54  pgbackrest
02:58:41       26    347516   86.00    7.00    0.00    0.00   93.00     1  pgbackrest
02:58:41       26    347517   86.00   13.00    0.00    0.00   99.00    37  pgbackrest
02:58:41       26    347518   84.00   16.00    0.00    0.00  100.00   124  pgbackrest
02:58:41       26    347519   37.00    1.00    0.00    0.00   38.00     4  pgbackrest
02:58:41       26    347520   90.00    7.00    0.00    0.00   97.00    38  pgbackrest
02:58:41       26    347521   95.00    3.00    0.00    0.00   98.00    45  pgbackrest
02:58:41       26    347522   87.00   13.00    0.00    0.00  100.00    36  pgbackrest
02:58:41       26    347523   90.00   10.00    0.00    0.00  100.00    40  pgbackrest
02:58:41       26    347524   92.00    8.00    0.00    0.00  100.00     2  pgbackrest
02:58:41       26    347525   44.00    6.00    0.00    0.00   50.00   104  pgbackrest
02:58:41       26    347526   81.00   19.00    0.00    0.00  100.00    32  pgbackrest
02:58:41       26    347527   90.00    8.00    0.00    0.00   98.00    33  pgbackrest
02:58:41       26    347528   87.00    1.00    0.00    0.00   88.00    12  pgbackrest
02:58:41       26    347529   78.00   10.00    0.00    0.00   88.00     7  pgbackrest
02:58:41       26    347530   90.00   10.00    0.00    0.00  100.00    35  pgbackrest
02:58:41       26    347531   71.00   10.00    0.00    0.00   81.00    13  pgbackrest
02:58:41       26    347532   88.00    7.00    0.00    0.00   95.00    48  pgbackrest
02:58:41       26    347533   88.00   12.00    0.00    0.00  100.00    30  pgbackrest
02:58:41       26    347534   92.00    5.00    0.00    0.00   97.00    31  pgbackrest
02:58:41       26    347535   84.00    4.00    0.00    0.00   88.00    15  pgbackrest
02:58:41       26    347536   85.00   15.00    0.00    0.00  100.00    39  pgbackrest

02:58:41      UID       PID    %usr %system  %guest   %wait    %CPU   CPU  Command
02:58:42        0      2126    0.00    1.00    0.00    0.00    1.00   124  kworker/124:1-events
02:58:42        0     10676    1.00    0.00    0.00    0.00    1.00    47  containerd
02:58:42        0     10742    1.00    0.00    0.00    0.00    1.00    84  kubelet
02:58:42    65532     45947    1.00    0.00    0.00    0.00    1.00    89  manager
02:58:42        0    347324    0.00    2.00    0.00    0.00    2.00    18  pidstat
02:58:42        0    347361    1.00    0.00    0.00    0.00    1.00    41  iostat
02:58:42       26    347480    1.00    0.00    0.00    0.00    1.00   108  pgbackrest
02:58:42       26    347505   92.00    8.00    0.00    0.00  100.00     3  pgbackrest
02:58:42       26    347506   92.00    8.00    0.00    0.00  100.00   114  pgbackrest
02:58:42       26    347507   27.00    3.00    0.00    0.00   30.00   106  pgbackrest
02:58:42       26    347508   86.00   10.00    0.00    0.00   96.00    89  pgbackrest
02:58:42       26    347509   69.00   10.00    0.00    0.00   79.00    10  pgbackrest
02:58:42       26    347510   80.00    6.00    0.00    0.00   86.00     6  pgbackrest
02:58:42       26    347511   90.00    7.00    0.00    0.00   97.00    92  pgbackrest
02:58:42       26    347512   73.00    5.00    0.00    0.00   78.00    34  pgbackrest
02:58:42       26    347513   87.00    4.00    0.00    0.00   91.00    64  pgbackrest
02:58:42       26    347514   78.00    6.00    0.00    0.00   84.00    91  pgbackrest
02:58:42       26    347515   94.00    6.00    0.00    0.00  100.00    54  pgbackrest
02:58:42       26    347516   90.00    5.00    0.00    0.00   95.00     1  pgbackrest
02:58:42       26    347517   64.00    6.00    0.00    0.00   70.00    37  pgbackrest
02:58:42       26    347518   77.00   14.00    0.00    0.00   91.00   124  pgbackrest
02:58:42       26    347519   41.00    4.00    0.00    0.00   45.00     4  pgbackrest
02:58:42       26    347520   87.00    7.00    0.00    0.00   94.00    38  pgbackrest
02:58:42       26    347521   88.00    5.00    0.00    0.00   93.00    45  pgbackrest
02:58:42       26    347522   68.00    8.00    0.00    0.00   76.00    36  pgbackrest
02:58:42       26    347523   79.00    9.00    0.00    0.00   88.00    63  pgbackrest
02:58:42       26    347524   65.00    7.00    0.00    0.00   72.00    14  pgbackrest
02:58:42       26    347525   64.00    5.00    0.00    0.00   69.00   104  pgbackrest
02:58:42       26    347526   77.00    4.00    0.00    0.00   81.00     2  pgbackrest
02:58:42       26    347527   65.00    7.00    0.00    0.00   72.00    33  pgbackrest
02:58:42       26    347528   91.00    6.00    0.00    0.00   97.00    12  pgbackrest
02:58:42       26    347529   87.00    4.00    0.00    0.00   91.00    71  pgbackrest
02:58:42       26    347530   74.00    8.00    0.00    0.00   82.00    35  pgbackrest
02:58:42       26    347531   88.00    9.00    0.00    0.00   97.00    13  pgbackrest
02:58:42       26    347532   57.00   10.00    0.00    0.00   67.00    48  pgbackrest
02:58:42       26    347533   60.00    8.00    0.00    0.00   68.00   110  pgbackrest
02:58:42       26    347534   70.00    6.00    0.00    0.00   76.00    31  pgbackrest
02:58:42       26    347535   84.00   12.00    0.00    0.00   96.00    15  pgbackrest
02:58:42       26    347536   67.00    5.00    0.00    0.00   72.00    39  pgbackrest

02:58:42      UID       PID    %usr %system  %guest   %wait    %CPU   CPU  Command
02:58:43        0     10742    0.00    3.00    0.00    0.00    3.00    84  kubelet
02:58:43    65532     13838    1.00    0.00    0.00    0.00    1.00    90  coredns
02:58:43    65532     13841    1.00    0.00    0.00    0.00    1.00   117  coredns
02:58:43    10001     39866    1.00    0.00    0.00    0.00    1.00    66  manager
02:58:43        0     43234    1.00    1.00    0.00    0.00    2.00   109  containerd-shim
02:58:43        0    337978    1.00    0.00    0.00    0.00    1.00    84  containerd-shim
02:58:43        0    347324    1.00    2.00    0.00    0.00    3.00    18  pidstat
02:58:43       26    347480    4.00    1.00    0.00    0.00    5.00    84  pgbackrest
02:58:43       26    347505   61.00    4.00    0.00    0.00   65.00     3  pgbackrest
02:58:43       26    347506    5.00    1.00    0.00    0.00    6.00   114  pgbackrest
02:58:43       26    347507   80.00   16.00    0.00    0.00   96.00    42  pgbackrest
02:58:43       26    347508    7.00    0.00    0.00    0.00    7.00    89  pgbackrest
02:58:43       26    347509   82.00    6.00    0.00    0.00   88.00    59  pgbackrest
02:58:43       26    347510   81.00    6.00    0.00    0.00   87.00     6  pgbackrest
02:58:43       26    347511   30.00    1.00    0.00    0.00   31.00    92  pgbackrest
02:58:43       26    347512   75.00   10.00    0.00    0.00   85.00    26  pgbackrest
02:58:43       26    347513   70.00   11.00    0.00    0.00   81.00   109  pgbackrest
02:58:43       26    347514   74.00    5.00    0.00    0.00   79.00    91  pgbackrest
02:58:43       26    347515   16.00    0.00    0.00    0.00   16.00    86  pgbackrest
02:58:43       26    347516   24.00    0.00    0.00    0.00   24.00     1  pgbackrest
02:58:43       26    347517   83.00   10.00    0.00    0.00   93.00    37  pgbackrest
02:58:43       26    347518   33.00    6.00    0.00    0.00   39.00    60  pgbackrest
02:58:43       26    347519   84.00   10.00    0.00    0.00   94.00     4  pgbackrest
02:58:43       26    347520   67.00   10.00    0.00    0.00   77.00    38  pgbackrest
02:58:43       26    347521   67.00    5.00    0.00    0.00   72.00    49  pgbackrest
02:58:43       26    347522   76.00   10.00    0.00    0.00   86.00    36  pgbackrest
02:58:43       26    347523    6.00    1.00    0.00    0.00    7.00    85  pgbackrest
02:58:43       26    347524   93.00    7.00    0.00    0.00  100.00    14  pgbackrest
02:58:43       26    347525   42.00    3.00    0.00    0.00   45.00    40  pgbackrest
02:58:43       26    347526   77.00   10.00    0.00    0.00   87.00    80  pgbackrest
02:58:43       26    347527   87.00    6.00    0.00    0.00   93.00    33  pgbackrest
02:58:43       26    347528   15.00    0.00    0.00    0.00   15.00    15  pgbackrest
02:58:43       26    347529   25.00    3.00    0.00    0.00   28.00    71  pgbackrest
02:58:43       26    347530   66.00   10.00    0.00    0.00   76.00     0  pgbackrest
02:58:43       26    347531   27.00    4.00    0.00    0.00   31.00    13  pgbackrest
02:58:43       26    347532   24.00    3.00    0.00    0.00   27.00    93  pgbackrest
02:58:43       26    347533   84.00    9.00    0.00    0.00   93.00   110  pgbackrest
02:58:43       26    347534   92.00    5.00    0.00    0.00   97.00    31  pgbackrest
02:58:43       26    347535   21.00    4.00    0.00    0.00   25.00    48  pgbackrest
02:58:43       26    347536   87.00   10.00    0.00    0.00   97.00    39  pgbackrest

02:58:43      UID       PID    %usr %system  %guest   %wait    %CPU   CPU  Command
02:58:44        0        75    0.00    1.00    0.00    0.00    1.00    11  ksoftirqd/11
02:58:44        0       414    0.00    1.00    0.00    0.00    1.00    78  ksoftirqd/78
02:58:44        0      2147    1.00    0.00    0.00    0.00    1.00    69  kworker/69:1-mm_percpu_wq
02:58:44        0     10676    1.00    0.00    0.00    0.00    1.00    47  containerd
02:58:44        0     10742    1.00    0.00    0.00    0.00    1.00    84  kubelet
02:58:44    65532     13838    1.00    0.00    0.00    0.00    1.00    90  coredns
02:58:44        0    347324    1.00    2.00    0.00    0.00    3.00    18  pidstat
02:58:44       26    347480    2.00    0.00    0.00    0.00    2.00   108  pgbackrest
02:58:44       26    347505    1.00    0.00    0.00    0.00    1.00     3  pgbackrest
02:58:44       26    347506    1.00    0.00    0.00    0.00    1.00    85  pgbackrest
02:58:44       26    347507   83.00    8.00    0.00    0.00   91.00    42  pgbackrest
02:58:44       26    347508    1.00    1.00    0.00    0.00    2.00   112  pgbackrest
02:58:44       26    347509   91.00    6.00    0.00    0.00   97.00     1  pgbackrest
02:58:44       26    347510   87.00   12.00    0.00    0.00   99.00     6  pgbackrest
02:58:44       26    347511    1.00    1.00    0.00    0.00    2.00    92  pgbackrest
02:58:44       26    347512   89.00    9.00    0.00    0.00   98.00    26  pgbackrest
02:58:44       26    347513   88.00    5.00    0.00    0.00   93.00   109  pgbackrest
02:58:44       26    347514   94.00    6.00    0.00    0.00  100.00    91  pgbackrest
02:58:44       26    347515    1.00    1.00    0.00    0.00    2.00   113  pgbackrest
02:58:44       26    347516    1.00    0.00    0.00    0.00    1.00     9  pgbackrest
02:58:44       26    347517   89.00    9.00    0.00    0.00   98.00    37  pgbackrest
02:58:44       26    347518   34.00    4.00    0.00    0.00   38.00    60  pgbackrest
02:58:44       26    347519   71.00    4.00    0.00    0.00   75.00     4  pgbackrest
02:58:44       26    347520   89.00   11.00    0.00    0.00  100.00    38  pgbackrest
02:58:44       26    347521   42.00    6.00    0.00    0.00   48.00    49  pgbackrest
02:58:44       26    347522   94.00    2.00    0.00    0.00   96.00    36  pgbackrest
02:58:44       26    347523    1.00    0.00    0.00    0.00    1.00   115  pgbackrest
02:58:44       26    347524   83.00    8.00    0.00    0.00   91.00    14  pgbackrest
02:58:44       26    347525   47.00    6.00    0.00    0.00   53.00    85  pgbackrest
02:58:44       26    347526   87.00   11.00    0.00    0.00   98.00    16  pgbackrest
02:58:44       26    347527   83.00   11.00    0.00    0.00   94.00    33  pgbackrest
02:58:44       26    347528    1.00    0.00    0.00    0.00    1.00   107  pgbackrest
02:58:44       26    347529    1.00    0.00    0.00    0.00    1.00   116  pgbackrest
02:58:44       26    347530   89.00    7.00    0.00    0.00   96.00     0  pgbackrest
02:58:44       26    347531    0.00    1.00    0.00    0.00    1.00   117  pgbackrest
02:58:44       26    347532    1.00    0.00    0.00    0.00    1.00    48  pgbackrest
02:58:44       26    347533   91.00    9.00    0.00    0.00  100.00   110  pgbackrest
02:58:44       26    347534    2.00    1.00    0.00    0.00    3.00    31  pgbackrest
02:58:44       26    347535    1.00    0.00    0.00    0.00    1.00   118  pgbackrest
02:58:44       26    347536   90.00    5.00    0.00    0.00   95.00    39  pgbackrest

02:58:44      UID       PID    %usr %system  %guest   %wait    %CPU   CPU  Command
02:58:45        0      2226    0.00    1.00    0.00    0.00    1.00   106  kworker/106:1-events
02:58:45        0     10676    2.00    0.00    0.00    0.00    2.00    47  containerd
02:58:45        0     10742    1.00    1.00    0.00    0.00    2.00    84  kubelet
02:58:45    65532     13841    1.00    0.00    0.00    0.00    1.00   117  coredns
02:58:45     1000     18237    1.00    0.00    0.00    0.00    1.00    40  metrics-server
02:58:45        0    347324    1.00    1.00    0.00    0.00    2.00    18  pidstat
02:58:45       26    347480    2.00    3.00    0.00    0.00    5.00    84  pgbackrest
02:58:45       26    347507    6.00    0.00    0.00    0.00    6.00    32  pgbackrest
02:58:45       26    347509   21.00    0.00    0.00    0.00   21.00     0  pgbackrest
02:58:45       26    347510   18.00    2.00    0.00    0.00   20.00     6  pgbackrest
02:58:45       26    347512   23.00    2.00    0.00    0.00   25.00    26  pgbackrest
02:58:45       26    347513   32.00    5.00    0.00    0.00   37.00    64  pgbackrest
02:58:45       26    347514   25.00    1.00    0.00    0.00   26.00    91  pgbackrest
02:58:45       26    347515    1.00    0.00    0.00    0.00    1.00    32  pgbackrest
02:58:45       26    347517   15.00    2.00    0.00    0.00   17.00    88  pgbackrest
02:58:45       26    347518   25.00    3.00    0.00    0.00   28.00    60  pgbackrest
02:58:45       26    347519    1.00    0.00    0.00    0.00    1.00   124  pgbackrest
02:58:45       26    347520   29.00    1.00    0.00    0.00   30.00    38  pgbackrest
02:58:45       26    347522   19.00    5.00    0.00    0.00   24.00     1  pgbackrest
02:58:45       26    347523    0.00    1.00    0.00    0.00    1.00     2  pgbackrest
02:58:45       26    347524    1.00    0.00    0.00    0.00    1.00     4  pgbackrest
02:58:45       26    347525    1.00    0.00    0.00    0.00    1.00     5  pgbackrest
02:58:45       26    347526   22.00    3.00    0.00    0.00   25.00   118  pgbackrest
02:58:45       26    347527    4.00    1.00    0.00    0.00    5.00     9  pgbackrest
02:58:45       26    347529    1.00    0.00    0.00    0.00    1.00    10  pgbackrest
02:58:45       26    347530   29.00    3.00    0.00    0.00   32.00    92  pgbackrest
02:58:45       26    347531    1.00    0.00    0.00    0.00    1.00    12  pgbackrest
02:58:45       26    347532    1.00    0.00    0.00    0.00    1.00    48  pgbackrest
02:58:45       26    347533    0.00    1.00    0.00    0.00    1.00    14  pgbackrest
02:58:45       26    347534   70.00    6.00    0.00    0.00   76.00    31  pgbackrest
02:58:45       26    347535    1.00    0.00    0.00    0.00    1.00    16  pgbackrest
02:58:45       26    347536   14.00    2.00    0.00    0.00   16.00     9  pgbackrest

02:58:45      UID       PID    %usr %system  %guest   %wait    %CPU   CPU  Command
02:58:46        0     10676   15.00    0.00    0.00    0.00   15.00    47  containerd
02:58:46        0     10742   17.00    0.00    0.00    0.00   17.00    84  kubelet
02:58:46        0    347324    2.00    1.00    0.00    0.00    3.00    18  pidstat
02:58:46       26    347518   37.00    4.00    0.00    0.00   41.00    60  pgbackrest
02:58:46       26    347534    3.00    1.00    0.00    0.00    4.00    31  pgbackrest

02:58:46      UID       PID    %usr %system  %guest   %wait    %CPU   CPU  Command
02:58:47        0     10676    2.00    0.00    0.00    0.00    2.00    47  containerd
02:58:47        0     10742    1.00    0.00    0.00    0.00    1.00    84  kubelet
02:58:47        0    347324    1.00    2.00    0.00    0.00    3.00    18  pidstat
02:58:47       26    347518   33.00    3.00    0.00    0.00   36.00    60  pgbackrest

02:58:47      UID       PID    %usr %system  %guest   %wait    %CPU   CPU  Command
02:58:48        0     10742    2.00    0.00    0.00    0.00    2.00    84  kubelet
02:58:48     1000     18234    1.00    0.00    0.00    0.00    1.00    93  metrics-server
02:58:48       26    338220    1.00    0.00    0.00    0.00    1.00    66  manager
02:58:48        0    347324    2.00    0.00    0.00    0.00    2.00    18  pidstat
02:58:48       26    347518   32.00    5.00    0.00    0.00   37.00    60  pgbackrest

02:58:48      UID       PID    %usr %system  %guest   %wait    %CPU   CPU  Command
02:58:49        0     10857    0.00    1.00    0.00    0.00    1.00    18  containerd-shim
02:58:49    65532     43335    0.00    1.00    0.00    0.00    1.00    44  cainjector
02:58:49        0    347324    0.00    2.00    0.00    0.00    2.00    18  pidstat
02:58:49       26    347518   31.00    0.00    0.00    0.00   31.00    60  pgbackrest

02:58:49      UID       PID    %usr %system  %guest   %wait    %CPU   CPU  Command
02:58:50        0     10017    0.00    1.00    0.00    0.00    1.00    42  irqbalance
02:58:50        0     10742    1.00    0.00    0.00    0.00    1.00    84  kubelet
02:58:50        0    347324    0.00    3.00    0.00    0.00    3.00    18  pidstat
02:58:50        0    347379    1.00    0.00    0.00    0.00    1.00   126  sar
02:58:50       26    347518   32.00    1.00    0.00    0.00   33.00    60  pgbackrest

02:58:50      UID       PID    %usr %system  %guest   %wait    %CPU   CPU  Command
02:58:51        0     10676    1.00    0.00    0.00    0.00    1.00    47  containerd
02:58:51        0     10742    1.00    0.00    0.00    0.00    1.00    84  kubelet
02:58:51        0    325312    0.00    1.00    0.00    0.00    1.00   113  kworker/u514:12-events_unbound
02:58:51        0    347324    0.00    2.00    0.00    0.00    2.00    18  pidstat
02:58:51       26    347518   33.00    4.00    0.00    0.00   37.00    60  pgbackrest

02:58:51      UID       PID    %usr %system  %guest   %wait    %CPU   CPU  Command
02:58:52        0     10676    0.00    1.00    0.00    0.00    1.00    47  containerd
02:58:52        0     10742    2.00    0.00    0.00    0.00    2.00    84  kubelet
02:58:52        0     10857    1.00    0.00    0.00    0.00    1.00    18  containerd-shim
02:58:52    65532     13838    1.00    0.00    0.00    0.00    1.00    90  coredns
02:58:52        0     17008    0.00    1.00    0.00    0.00    1.00   127  containerd-shim
02:58:52        0     45884    1.00    0.00    0.00    0.00    1.00    52  containerd-shim
02:58:52        0    347324    2.00    0.00    0.00    0.00    2.00    18  pidstat
02:58:52       26    347518   37.00    2.00    0.00    0.00   39.00    60  pgbackrest

02:58:52      UID       PID    %usr %system  %guest   %wait    %CPU   CPU  Command
02:58:53        0     10676    1.00    0.00    0.00    0.00    1.00    47  containerd
02:58:53        0     10742   11.00    0.00    0.00    0.00   11.00    84  kubelet
02:58:53        0     10858    1.00    0.00    0.00    0.00    1.00    62  containerd-shim
02:58:53        0     44690    1.00    0.00    0.00    0.00    1.00   104  containerd-shim
02:58:53        0    347324    1.00    1.00    0.00    0.00    2.00    18  pidstat
02:58:53       26    347518   29.00    5.00    0.00    0.00   34.00    60  pgbackrest

02:58:53      UID       PID    %usr %system  %guest   %wait    %CPU   CPU  Command
02:58:54        0     10742    1.00    0.00    0.00    0.00    1.00    84  kubelet
02:58:54     1000     18237    0.00    1.00    0.00    0.00    1.00    40  metrics-server
02:58:54    10001     44757    1.00    0.00    0.00    0.00    1.00    41  manager
02:58:54        0    347324    0.00    2.00    0.00    0.00    2.00    18  pidstat
02:58:54        0    347361    1.00    0.00    0.00    0.00    1.00    41  iostat
02:58:54       26    347480    0.00    2.00    0.00    0.00    2.00    84  pgbackrest
02:58:54       26    347649    4.00    0.00    0.00    0.00    4.00   124  manager

02:58:54      UID       PID    %usr %system  %guest   %wait    %CPU   CPU  Command
02:58:55        0      2129    0.00    1.00    0.00    0.00    1.00    41  kworker/41:1-events
02:58:55        0     10676    0.00    1.00    0.00    0.00    1.00    47  containerd
02:58:55        0     10742    1.00    0.00    0.00    0.00    1.00    84  kubelet
02:58:55        0     11324    1.00    0.00    0.00    0.00    1.00   102  aws-k8s-agent
02:58:55    65532     13841    1.00    0.00    0.00    0.00    1.00   117  coredns
02:58:55     1000     18234    1.00    0.00    0.00    0.00    1.00    93  metrics-server
02:58:55     1000     18237    1.00    0.00    0.00    0.00    1.00    40  metrics-server
02:58:55        0    347324    1.00    2.00    0.00    0.00    3.00    18  pidstat

02:58:55      UID       PID    %usr %system  %guest   %wait    %CPU   CPU  Command
02:58:56        0     10676    1.00    0.00    0.00    0.00    1.00    47  containerd
02:58:56        0     10742    1.00    0.00    0.00    0.00    1.00    84  kubelet
02:58:56    10001     39866    1.00    1.00    0.00    0.00    2.00    66  manager
02:58:56       26    338220    1.00    1.00    0.00    0.00    2.00    66  manager
02:58:56        0    347199    1.00    1.00    0.00    0.00    2.00     1  containerd-shim
02:58:56        0    347324    0.00    1.00    0.00    0.00    1.00    18  pidstat

02:58:56      UID       PID    %usr %system  %guest   %wait    %CPU   CPU  Command
02:58:57        0     10676    1.00    0.00    0.00    0.00    1.00    47  containerd
02:58:57        0     10742    1.00    0.00    0.00    0.00    1.00    84  kubelet
02:58:57        0    347324    3.00    0.00    0.00    0.00    3.00    18  pidstat

02:58:57      UID       PID    %usr %system  %guest   %wait    %CPU   CPU  Command
02:58:58        0     10676    1.00    0.00    0.00    0.00    1.00    47  containerd
02:58:58        0     10742    1.00    0.00    0.00    0.00    1.00    84  kubelet
02:58:58        0     13729    0.00    1.00    0.00    0.00    1.00    69  containerd-shim
02:58:58        0    347324    1.00    1.00    0.00    0.00    2.00    18  pidstat

02:58:58      UID       PID    %usr %system  %guest   %wait    %CPU   CPU  Command
02:58:59        0     10742    1.00    0.00    0.00    0.00    1.00    84  kubelet
02:58:59    65532     43438    1.00    0.00    0.00    0.00    1.00    43  controller
02:58:59        0    347324    1.00    1.00    0.00    0.00    2.00    18  pidstat
