Linux 6.12.88-119.157.amzn2023.x86_64 (ip-192-168-45-226.us-west-2.compute.internal) 	06/04/26 	_x86_64_	(128 CPU)

02:58:28        IFACE   rxpck/s   txpck/s    rxkB/s    txkB/s   rxcmp/s   txcmp/s  rxmcst/s   %ifutil
02:58:29           lo    151.00    151.00     10.73     10.73      0.00      0.00      0.00      0.00
02:58:29         ens5    119.00    139.00     34.03     25.94      0.00      0.00      0.00      0.00
02:58:29    enifb1ac5e0a09      5.00      6.00      0.46      0.50      0.00      0.00      0.00      0.00
02:58:29    eni20ed0c6920d      5.00      6.00      0.46      0.50      0.00      0.00      0.00      0.00
02:58:29         ens6      0.00      0.00      0.00      0.00      0.00      0.00      0.00      0.00
02:58:29    enic479fef38dc      0.00      0.00      0.00      0.00      0.00      0.00      0.00      0.00
02:58:29    eni5ea3bc05c73      0.00      0.00      0.00      0.00      0.00      0.00      0.00      0.00
02:58:29    enia71a515eb09      0.00      0.00      0.00      0.00      0.00      0.00      0.00      0.00
02:58:29    enia205ab21f2e      0.00      0.00      0.00      0.00      0.00      0.00      0.00      0.00
02:58:29    enife22b4c3b6a    111.00     96.00     39.84     32.77      0.00      0.00      0.00      0.00
02:58:29    eni4590226e482      1.00      1.00      0.06      0.21      0.00      0.00      0.00      0.00
02:58:29    enib08305bf35e      5.00      6.00      0.50      0.50      0.00      0.00      0.00      0.00
02:58:29    enifd833d83eb2      5.00      5.00      0.42      0.44      0.00      0.00      0.00      0.00
02:58:29    enidb0c25597b6      0.00      0.00      0.00      0.00      0.00      0.00      0.00      0.00
02:58:29    eni47a93c32888     15.00     16.00      1.56     19.50      0.00      0.00      0.00      0.00
02:58:29    eni70f4d61bd42      0.00      0.00      0.00      0.00      0.00      0.00      0.00      0.00
02:58:29    eni57210d8fe98     14.00     14.00      5.56      5.57      0.00      0.00      0.00      0.00

02:58:29        IFACE   rxpck/s   txpck/s    rxkB/s    txkB/s   rxcmp/s   txcmp/s  rxmcst/s   %ifutil
02:58:30           lo    132.00    132.00     10.77     10.77      0.00      0.00      0.00      0.00
02:58:30         ens5  21007.00  96572.00   1288.45 197768.34      0.00      0.00      0.00      0.00
02:58:30    enifb1ac5e0a09    170.00    170.00     42.10     19.94      0.00      0.00      0.00      0.00
02:58:30    eni20ed0c6920d    218.00    218.00     54.96     24.95      0.00      0.00      0.00      0.00
02:58:30         ens6      0.00      0.00      0.00      0.00      0.00      0.00      0.00      0.00
02:58:30    enic479fef38dc      0.00      0.00      0.00      0.00      0.00      0.00      0.00      0.00
02:58:30    eni5ea3bc05c73      0.00      0.00      0.00      0.00      0.00      0.00      0.00      0.00
02:58:30    enia71a515eb09      0.00      0.00      0.00      0.00      0.00      0.00      0.00      0.00
02:58:30    enia205ab21f2e      0.00      0.00      0.00      0.00      0.00      0.00      0.00      0.00
02:58:30    enife22b4c3b6a     49.00     48.00     65.43     33.36      0.00      0.00      0.00      0.01
02:58:30    eni4590226e482      0.00      0.00      0.00      0.00      0.00      0.00      0.00      0.00
02:58:30    enib08305bf35e      0.00      0.00      0.00      0.00      0.00      0.00      0.00      0.00
02:58:30    enifd833d83eb2      0.00      0.00      0.00      0.00      0.00      0.00      0.00      0.00
02:58:30    enidb0c25597b6      5.00      4.00      0.85      0.80      0.00      0.00      0.00      0.00
02:58:30    eni47a93c32888     23.00     23.00      3.87     54.13      0.00      0.00      0.00      0.00
02:58:30    eni70f4d61bd42      3.00      3.00      0.72      0.76      0.00      0.00      0.00      0.00
02:58:30    eni57210d8fe98   6061.00  21290.00 193348.68   1545.19      0.00      0.00      0.00     15.84

02:58:30        IFACE   rxpck/s   txpck/s    rxkB/s    txkB/s   rxcmp/s   txcmp/s  rxmcst/s   %ifutil
02:58:31           lo    134.00    134.00     14.07     14.07      0.00      0.00      0.00      0.00
02:58:31         ens5  63877.00 566663.00   3058.07 1121966.86      0.00      0.00      0.00      0.00
02:58:31    enifb1ac5e0a09      0.00      0.00      0.00      0.00      0.00      0.00      0.00      0.00
02:58:31    eni20ed0c6920d      0.00      0.00      0.00      0.00      0.00      0.00      0.00      0.00
02:58:31         ens6      0.00      0.00      0.00      0.00      0.00      0.00      0.00      0.00
02:58:31    enic479fef38dc      0.00      0.00      0.00      0.00      0.00      0.00      0.00      0.00
02:58:31    eni5ea3bc05c73      0.00      0.00      0.00      0.00      0.00      0.00      0.00      0.00
02:58:31    enia71a515eb09      0.00      0.00      0.00      0.00      0.00      0.00      0.00      0.00
02:58:31    enia205ab21f2e      0.00      0.00      0.00      0.00      0.00      0.00      0.00      0.00
02:58:31    enife22b4c3b6a      5.00      4.00      0.83      0.84      0.00      0.00      0.00      0.00
02:58:31    eni4590226e482      0.00      0.00      0.00      0.00      0.00      0.00      0.00      0.00
02:58:31    enib08305bf35e      0.00      0.00      0.00      0.00      0.00      0.00      0.00      0.00
02:58:31    enifd833d83eb2      0.00      0.00      0.00      0.00      0.00      0.00      0.00      0.00
02:58:31    enidb0c25597b6      0.00      0.00      0.00      0.00      0.00      0.00      0.00      0.00
02:58:31    eni47a93c32888      0.00      0.00      0.00      0.00      0.00      0.00      0.00      0.00
02:58:31    eni70f4d61bd42      0.00      0.00      0.00      0.00      0.00      0.00      0.00      0.00
02:58:31    eni57210d8fe98  35731.00  63835.00 1093478.83   3670.64      0.00      0.00      0.00     89.58

02:58:31        IFACE   rxpck/s   txpck/s    rxkB/s    txkB/s   rxcmp/s   txcmp/s  rxmcst/s   %ifutil
02:58:32           lo    274.00    274.00     21.13     21.13      0.00      0.00      0.00      0.00
02:58:32         ens5  52932.00 592031.00   2534.98 1167321.97      0.00      0.00      0.00      0.00
02:58:32    enifb1ac5e0a09      0.00      0.00      0.00      0.00      0.00      0.00      0.00      0.00
02:58:32    eni20ed0c6920d      0.00      0.00      0.00      0.00      0.00      0.00      0.00      0.00
02:58:32         ens6      0.00      0.00      0.00      0.00      0.00      0.00      0.00      0.00
02:58:32    enic479fef38dc      1.00      1.00      0.06      0.16      0.00      0.00      0.00      0.00
02:58:32    eni5ea3bc05c73      0.00      0.00      0.00      0.00      0.00      0.00      0.00      0.00
02:58:32    enia71a515eb09      0.00      0.00      0.00      0.00      0.00      0.00      0.00      0.00
02:58:32    enia205ab21f2e      0.00      0.00      0.00      0.00      0.00      0.00      0.00      0.00
02:58:32    enife22b4c3b6a      1.00      1.00      0.06      0.20      0.00      0.00      0.00      0.00
02:58:32    eni4590226e482      0.00      0.00      0.00      0.00      0.00      0.00      0.00      0.00
02:58:32    enib08305bf35e      0.00      0.00      0.00      0.00      0.00      0.00      0.00      0.00
02:58:32    enifd833d83eb2      0.00      0.00      0.00      0.00      0.00      0.00      0.00      0.00
02:58:32    enidb0c25597b6      3.00      4.00      0.69      0.80      0.00      0.00      0.00      0.00
02:58:32    eni47a93c32888      3.00      3.00      0.68      0.73      0.00      0.00      0.00      0.00
02:58:32    eni70f4d61bd42      3.00      3.00      0.72      0.76      0.00      0.00      0.00      0.00
02:58:32    eni57210d8fe98  41677.00  52893.00 1137974.11   3026.87      0.00      0.00      0.00     93.22

02:58:32        IFACE   rxpck/s   txpck/s    rxkB/s    txkB/s   rxcmp/s   txcmp/s  rxmcst/s   %ifutil
02:58:33           lo    297.00    297.00     21.97     21.97      0.00      0.00      0.00      0.00
02:58:33         ens5  51618.00 510281.00   2497.89 1007253.47      0.00      0.00      0.00      0.00
02:58:33    enifb1ac5e0a09      0.00      0.00      0.00      0.00      0.00      0.00      0.00      0.00
02:58:33    eni20ed0c6920d      0.00      0.00      0.00      0.00      0.00      0.00      0.00      0.00
02:58:33         ens6      0.00      0.00      0.00      0.00      0.00      0.00      0.00      0.00
02:58:33    enic479fef38dc      0.00      0.00      0.00      0.00      0.00      0.00      0.00      0.00
02:58:33    eni5ea3bc05c73      0.00      0.00      0.00      0.00      0.00      0.00      0.00      0.00
02:58:33    enia71a515eb09      0.00      0.00      0.00      0.00      0.00      0.00      0.00      0.00
02:58:33    enia205ab21f2e      0.00      0.00      0.00      0.00      0.00      0.00      0.00      0.00
02:58:33    enife22b4c3b6a      5.00      4.00      0.83      0.96      0.00      0.00      0.00      0.00
02:58:33    eni4590226e482      1.00      1.00      0.06      0.40      0.00      0.00      0.00      0.00
02:58:33    enib08305bf35e      0.00      0.00      0.00      0.00      0.00      0.00      0.00      0.00
02:58:33    enifd833d83eb2      5.00      5.00      0.42      0.44      0.00      0.00      0.00      0.00
02:58:33    enidb0c25597b6      0.00      0.00      0.00      0.00      0.00      0.00      0.00      0.00
02:58:33    eni47a93c32888      0.00      0.00      0.00      0.00      0.00      0.00      0.00      0.00
02:58:33    eni70f4d61bd42      2.00      4.00      0.14      0.27      0.00      0.00      0.00      0.00
02:58:33    eni57210d8fe98  37462.00  51569.00 981659.01   2983.72      0.00      0.00      0.00     80.42

02:58:33        IFACE   rxpck/s   txpck/s    rxkB/s    txkB/s   rxcmp/s   txcmp/s  rxmcst/s   %ifutil
02:58:34           lo    194.00    194.00     16.65     16.65      0.00      0.00      0.00      0.00
02:58:34         ens5  58988.00 594631.00   2818.72 1174393.45      0.00      0.00      0.00      0.00
02:58:34    enifb1ac5e0a09      0.00      0.00      0.00      0.00      0.00      0.00      0.00      0.00
02:58:34    eni20ed0c6920d      0.00      0.00      0.00      0.00      0.00      0.00      0.00      0.00
02:58:34         ens6      0.00      0.00      0.00      0.00      0.00      0.00      0.00      0.00
02:58:34    enic479fef38dc      0.00      0.00      0.00      0.00      0.00      0.00      0.00      0.00
02:58:34    eni5ea3bc05c73      0.00      0.00      0.00      0.00      0.00      0.00      0.00      0.00
02:58:34    enia71a515eb09      0.00      0.00      0.00      0.00      0.00      0.00      0.00      0.00
02:58:34    enia205ab21f2e      1.00      1.00      0.06      0.18      0.00      0.00      0.00      0.00
02:58:34    enife22b4c3b6a     10.00     12.00      2.79      2.51      0.00      0.00      0.00      0.00
02:58:34    eni4590226e482      2.00      2.00      0.11      0.23      0.00      0.00      0.00      0.00
02:58:34    enib08305bf35e      0.00      0.00      0.00      0.00      0.00      0.00      0.00      0.00
02:58:34    enifd833d83eb2      0.00      0.00      0.00      0.00      0.00      0.00      0.00      0.00
02:58:34    enidb0c25597b6      4.00      4.00      0.75      0.83      0.00      0.00      0.00      0.00
02:58:34    eni47a93c32888      4.00      4.00      0.75      0.83      0.00      0.00      0.00      0.00
02:58:34    eni70f4d61bd42      3.00      3.00      0.72      0.77      0.00      0.00      0.00      0.00
02:58:34    eni57210d8fe98  42800.00  58959.00 1145566.84   3367.25      0.00      0.00      0.00     93.84

02:58:34        IFACE   rxpck/s   txpck/s    rxkB/s    txkB/s   rxcmp/s   txcmp/s  rxmcst/s   %ifutil
02:58:35           lo    205.00    205.00     17.24     17.24      0.00      0.00      0.00      0.00
02:58:35         ens5  51581.00 537278.00   2478.67 1056122.52      0.00      0.00      0.00      0.00
02:58:35    enifb1ac5e0a09      0.00      0.00      0.00      0.00      0.00      0.00      0.00      0.00
02:58:35    eni20ed0c6920d      0.00      0.00      0.00      0.00      0.00      0.00      0.00      0.00
02:58:35         ens6      0.00      0.00      0.00      0.00      0.00      0.00      0.00      0.00
02:58:35    enic479fef38dc     10.00     12.00      4.42      2.54      0.00      0.00      0.00      0.00
02:58:35    eni5ea3bc05c73     11.00     13.00      4.51      2.60      0.00      0.00      0.00      0.00
02:58:35    enia71a515eb09      0.00      0.00      0.00      0.00      0.00      0.00      0.00      0.00
02:58:35    enia205ab21f2e      0.00      0.00      0.00      0.00      0.00      0.00      0.00      0.00
02:58:35    enife22b4c3b6a      6.00      5.00      0.93      0.99      0.00      0.00      0.00      0.00
02:58:35    eni4590226e482      0.00      0.00      0.00      0.00      0.00      0.00      0.00      0.00
02:58:35    enib08305bf35e      1.00      1.00      0.06      0.22      0.00      0.00      0.00      0.00
02:58:35    enifd833d83eb2      1.00      1.00      0.06      0.16      0.00      0.00      0.00      0.00
02:58:35    enidb0c25597b6      2.00      4.00      0.14      0.27      0.00      0.00      0.00      0.00
02:58:35    eni47a93c32888      0.00      0.00      0.00      0.00      0.00      0.00      0.00      0.00
02:58:35    eni70f4d61bd42      0.00      0.00      0.00      0.00      0.00      0.00      0.00      0.00
02:58:35    eni57210d8fe98  38013.00  51575.00 1029043.76   2954.96      0.00      0.00      0.00     84.30

02:58:35        IFACE   rxpck/s   txpck/s    rxkB/s    txkB/s   rxcmp/s   txcmp/s  rxmcst/s   %ifutil
02:58:36           lo    234.00    234.00     18.76     18.76      0.00      0.00      0.00      0.00
02:58:36         ens5  52487.00 584708.00   2520.41 1135927.46      0.00      0.00      0.00      0.00
02:58:36    enifb1ac5e0a09      0.00      0.00      0.00      0.00      0.00      0.00      0.00      0.00
02:58:36    eni20ed0c6920d      0.00      0.00      0.00      0.00      0.00      0.00      0.00      0.00
02:58:36         ens6      0.00      0.00      0.00      0.00      0.00      0.00      0.00      0.00
02:58:36    enic479fef38dc      0.00      0.00      0.00      0.00      0.00      0.00      0.00      0.00
02:58:36    eni5ea3bc05c73      0.00      0.00      0.00      0.00      0.00      0.00      0.00      0.00
02:58:36    enia71a515eb09      0.00      0.00      0.00      0.00      0.00      0.00      0.00      0.00
02:58:36    enia205ab21f2e      0.00      0.00      0.00      0.00      0.00      0.00      0.00      0.00
02:58:36    enife22b4c3b6a      0.00      0.00      0.00      0.00      0.00      0.00      0.00      0.00
02:58:36    eni4590226e482      0.00      0.00      0.00      0.00      0.00      0.00      0.00      0.00
02:58:36    enib08305bf35e      1.00      1.00      0.06      0.22      0.00      0.00      0.00      0.00
02:58:36    enifd833d83eb2      0.00      0.00      0.00      0.00      0.00      0.00      0.00      0.00
02:58:36    enidb0c25597b6      4.00      3.00      0.75      0.74      0.00      0.00      0.00      0.00
02:58:36    eni47a93c32888      4.00      3.00      0.75      0.73      0.00      0.00      0.00      0.00
02:58:36    eni70f4d61bd42      3.00      3.00      0.72      0.77      0.00      0.00      0.00      0.00
02:58:36    eni57210d8fe98  41237.00  52457.00 1107579.54   3012.04      0.00      0.00      0.00     90.73

02:58:36        IFACE   rxpck/s   txpck/s    rxkB/s    txkB/s   rxcmp/s   txcmp/s  rxmcst/s   %ifutil
02:58:37           lo    176.00    176.00     16.14     16.14      0.00      0.00      0.00      0.00
02:58:37         ens5  58748.00 594945.00   2795.44 1151336.96      0.00      0.00      0.00      0.00
02:58:37    enifb1ac5e0a09      5.00      5.00      0.46      0.44      0.00      0.00      0.00      0.00
02:58:37    eni20ed0c6920d      5.00      5.00      0.46      0.44      0.00      0.00      0.00      0.00
02:58:37         ens6      0.00      0.00      0.00      0.00      0.00      0.00      0.00      0.00
02:58:37    enic479fef38dc      2.00      3.00      0.17      2.70      0.00      0.00      0.00      0.00
02:58:37    eni5ea3bc05c73      3.00      4.00      0.23      2.86      0.00      0.00      0.00      0.00
02:58:37    enia71a515eb09      0.00      0.00      0.00      0.00      0.00      0.00      0.00      0.00
02:58:37    enia205ab21f2e      0.00      0.00      0.00      0.00      0.00      0.00      0.00      0.00
02:58:37    enife22b4c3b6a      5.00      5.00      0.83      1.04      0.00      0.00      0.00      0.00
02:58:37    eni4590226e482      0.00      0.00      0.00      0.00      0.00      0.00      0.00      0.00
02:58:37    enib08305bf35e      0.00      0.00      0.00      0.00      0.00      0.00      0.00      0.00
02:58:37    enifd833d83eb2      0.00      0.00      0.00      0.00      0.00      0.00      0.00      0.00
02:58:37    enidb0c25597b6      0.00      0.00      0.00      0.00      0.00      0.00      0.00      0.00
02:58:37    eni47a93c32888      0.00      0.00      0.00      0.00      0.00      0.00      0.00      0.00
02:58:37    eni70f4d61bd42      0.00      0.00      0.00      0.00      0.00      0.00      0.00      0.00
02:58:37    eni57210d8fe98  41967.00  58684.00 1121768.05   3329.85      0.00      0.00      0.00     91.90

02:58:37        IFACE   rxpck/s   txpck/s    rxkB/s    txkB/s   rxcmp/s   txcmp/s  rxmcst/s   %ifutil
02:58:38           lo    256.00    256.00     19.99     19.99      0.00      0.00      0.00      0.00
02:58:38         ens5  50956.00 529228.00   2480.88 1048340.14      0.00      0.00      0.00      0.00
02:58:38    enifb1ac5e0a09      0.00      0.00      0.00      0.00      0.00      0.00      0.00      0.00
02:58:38    eni20ed0c6920d      0.00      0.00      0.00      0.00      0.00      0.00      0.00      0.00
02:58:38         ens6      0.00      0.00      0.00      0.00      0.00      0.00      0.00      0.00
02:58:38    enic479fef38dc     10.00     12.00      4.42      2.54      0.00      0.00      0.00      0.00
02:58:38    eni5ea3bc05c73     10.00     13.00      4.42      2.60      0.00      0.00      0.00      0.00
02:58:38    enia71a515eb09      0.00      0.00      0.00      0.00      0.00      0.00      0.00      0.00
02:58:38    enia205ab21f2e      0.00      0.00      0.00      0.00      0.00      0.00      0.00      0.00
02:58:38    enife22b4c3b6a      0.00      0.00      0.00      0.00      0.00      0.00      0.00      0.00
02:58:38    eni4590226e482      4.00      3.00      0.91      0.90      0.00      0.00      0.00      0.00
02:58:38    enib08305bf35e      0.00      0.00      0.00      0.00      0.00      0.00      0.00      0.00
02:58:38    enifd833d83eb2      5.00      6.00      0.42      0.50      0.00      0.00      0.00      0.00
02:58:38    enidb0c25597b6      4.00      3.00      0.75      0.74      0.00      0.00      0.00      0.00
02:58:38    eni47a93c32888      6.00      7.00      0.89      1.14      0.00      0.00      0.00      0.00
02:58:38    eni70f4d61bd42      3.00      3.00      0.72      0.77      0.00      0.00      0.00      0.00
02:58:38    eni57210d8fe98  40163.00  50913.00 1021860.75   2959.24      0.00      0.00      0.00     83.71

02:58:38        IFACE   rxpck/s   txpck/s    rxkB/s    txkB/s   rxcmp/s   txcmp/s  rxmcst/s   %ifutil
02:58:39           lo    277.00    277.00     21.50     21.50      0.00      0.00      0.00      0.00
02:58:39         ens5  51364.00 589471.00   2461.66 1162211.58      0.00      0.00      0.00      0.00
02:58:39    enifb1ac5e0a09      5.00      5.00      0.46      0.44      0.00      0.00      0.00      0.00
02:58:39    eni20ed0c6920d      5.00      5.00      0.46      0.44      0.00      0.00      0.00      0.00
02:58:39         ens6      0.00      0.00      0.00      0.00      0.00      0.00      0.00      0.00
02:58:39    enic479fef38dc      1.00      1.00      0.06      0.06      0.00      0.00      0.00      0.00
02:58:39    eni5ea3bc05c73      2.00      2.00      0.13      0.13      0.00      0.00      0.00      0.00
02:58:39    enia71a515eb09      0.00      0.00      0.00      0.00      0.00      0.00      0.00      0.00
02:58:39    enia205ab21f2e      0.00      0.00      0.00      0.00      0.00      0.00      0.00      0.00
02:58:39    enife22b4c3b6a     14.00     16.00      3.53      3.48      0.00      0.00      0.00      0.00
02:58:39    eni4590226e482      0.00      0.00      0.00      0.00      0.00      0.00      0.00      0.00
02:58:39    enib08305bf35e      8.00      9.00      1.32      1.38      0.00      0.00      0.00      0.00
02:58:39    enifd833d83eb2      5.00      5.00      0.42      0.44      0.00      0.00      0.00      0.00
02:58:39    enidb0c25597b6      0.00      0.00      0.00      0.00      0.00      0.00      0.00      0.00
02:58:39    eni47a93c32888      0.00      0.00      0.00      0.00      0.00      0.00      0.00      0.00
02:58:39    eni70f4d61bd42      0.00      0.00      0.00      0.00      0.00      0.00      0.00      0.00
02:58:39    eni57210d8fe98  43364.00  51344.00 1133287.44   2943.74      0.00      0.00      0.00     92.84

02:58:39        IFACE   rxpck/s   txpck/s    rxkB/s    txkB/s   rxcmp/s   txcmp/s  rxmcst/s   %ifutil
02:58:40           lo    204.00    204.00     16.93     16.93      0.00      0.00      0.00      0.00
02:58:40         ens5  42196.00 432413.00   2059.13 863420.45      0.00      0.00      0.00      0.00
02:58:40    enifb1ac5e0a09      2.00      1.00      0.17      0.10      0.00      0.00      0.00      0.00
02:58:40    eni20ed0c6920d      0.00      0.00      0.00      0.00      0.00      0.00      0.00      0.00
02:58:40         ens6      0.00      0.00      0.00      0.00      0.00      0.00      0.00      0.00
02:58:40    enic479fef38dc      0.00      0.00      0.00      0.00      0.00      0.00      0.00      0.00
02:58:40    eni5ea3bc05c73      0.00      0.00      0.00      0.00      0.00      0.00      0.00      0.00
02:58:40    enia71a515eb09      0.00      0.00      0.00      0.00      0.00      0.00      0.00      0.00
02:58:40    enia205ab21f2e      0.00      0.00      0.00      0.00      0.00      0.00      0.00      0.00
02:58:40    enife22b4c3b6a      0.00      0.00      0.00      0.00      0.00      0.00      0.00      0.00
02:58:40    eni4590226e482      0.00      0.00      0.00      0.00      0.00      0.00      0.00      0.00
02:58:40    enib08305bf35e      0.00      0.00      0.00      0.00      0.00      0.00      0.00      0.00
02:58:40    enifd833d83eb2      0.00      0.00      0.00      0.00      0.00      0.00      0.00      0.00
02:58:40    enidb0c25597b6      4.00      3.00      0.75      0.74      0.00      0.00      0.00      0.00
02:58:40    eni47a93c32888      4.00      3.00      0.75      0.73      0.00      0.00      0.00      0.00
02:58:40    eni70f4d61bd42      4.00      5.00      0.82      0.93      0.00      0.00      0.00      0.00
02:58:40    eni57210d8fe98  30934.00  42115.00 841575.31   2445.11      0.00      0.00      0.00     68.94

02:58:40        IFACE   rxpck/s   txpck/s    rxkB/s    txkB/s   rxcmp/s   txcmp/s  rxmcst/s   %ifutil
02:58:41           lo    302.00    302.00     22.31     22.31      0.00      0.00      0.00      0.00
02:58:41         ens5  46555.00 477468.00   2251.86 959244.49      0.00      0.00      0.00      0.00
02:58:41    enifb1ac5e0a09      0.00      0.00      0.00      0.00      0.00      0.00      0.00      0.00
02:58:41    eni20ed0c6920d      0.00      0.00      0.00      0.00      0.00      0.00      0.00      0.00
02:58:41         ens6      0.00      0.00      0.00      0.00      0.00      0.00      0.00      0.00
02:58:41    enic479fef38dc      2.00      2.00      0.13      0.23      0.00      0.00      0.00      0.00
02:58:41    eni5ea3bc05c73      0.00      0.00      0.00      0.00      0.00      0.00      0.00      0.00
02:58:41    enia71a515eb09      0.00      0.00      0.00      0.00      0.00      0.00      0.00      0.00
02:58:41    enia205ab21f2e      0.00      0.00      0.00      0.00      0.00      0.00      0.00      0.00
02:58:41    enife22b4c3b6a      5.00      4.00      0.83      0.97      0.00      0.00      0.00      0.00
02:58:41    eni4590226e482      0.00      0.00      0.00      0.00      0.00      0.00      0.00      0.00
02:58:41    enib08305bf35e      0.00      0.00      0.00      0.00      0.00      0.00      0.00      0.00
02:58:41    enifd833d83eb2      0.00      0.00      0.00      0.00      0.00      0.00      0.00      0.00
02:58:41    enidb0c25597b6      0.00      0.00      0.00      0.00      0.00      0.00      0.00      0.00
02:58:41    eni47a93c32888      1.00      1.00      0.06      0.22      0.00      0.00      0.00      0.00
02:58:41    eni70f4d61bd42      0.00      0.00      0.00      0.00      0.00      0.00      0.00      0.00
02:58:41    eni57210d8fe98  36986.00  46509.00 935564.98   2691.48      0.00      0.00      0.00     76.64

02:58:41        IFACE   rxpck/s   txpck/s    rxkB/s    txkB/s   rxcmp/s   txcmp/s  rxmcst/s   %ifutil
02:58:42           lo    224.00    224.00     18.20     18.20      0.00      0.00      0.00      0.00
02:58:42         ens5  47442.00 481573.00   2269.31 932216.64      0.00      0.00      0.00      0.00
02:58:42    enifb1ac5e0a09      0.00      0.00      0.00      0.00      0.00      0.00      0.00      0.00
02:58:42    eni20ed0c6920d      0.00      0.00      0.00      0.00      0.00      0.00      0.00      0.00
02:58:42         ens6      1.00      1.00      0.03      0.04      0.00      0.00      0.00      0.00
02:58:42    enic479fef38dc      1.00      1.00      0.06      0.06      0.00      0.00      0.00      0.00
02:58:42    eni5ea3bc05c73      1.00      1.00      0.06      0.06      0.00      0.00      0.00      0.00
02:58:42    enia71a515eb09      0.00      0.00      0.00      0.00      0.00      0.00      0.00      0.00
02:58:42    enia205ab21f2e      1.00      1.00      0.06      0.18      0.00      0.00      0.00      0.00
02:58:42    enife22b4c3b6a      1.00      1.00      0.06      0.22      0.00      0.00      0.00      0.00
02:58:42    eni4590226e482      0.00      0.00      0.00      0.00      0.00      0.00      0.00      0.00
02:58:42    enib08305bf35e      0.00      0.00      0.00      0.00      0.00      0.00      0.00      0.00
02:58:42    enifd833d83eb2      0.00      0.00      0.00      0.00      0.00      0.00      0.00      0.00
02:58:42    enidb0c25597b6      4.00      3.00      0.75      0.74      0.00      0.00      0.00      0.00
02:58:42    eni47a93c32888      4.00      3.00      0.75      0.73      0.00      0.00      0.00      0.00
02:58:42    eni70f4d61bd42      3.00      4.00      0.72      0.83      0.00      0.00      0.00      0.00
02:58:42    eni57210d8fe98  35735.00  47411.00 908577.61   2702.72      0.00      0.00      0.00     74.43

02:58:42        IFACE   rxpck/s   txpck/s    rxkB/s    txkB/s   rxcmp/s   txcmp/s  rxmcst/s   %ifutil
02:58:43           lo    293.00    293.00     21.79     21.79      0.00      0.00      0.00      0.00
02:58:43         ens5  36835.00 326917.00   1933.81 686558.24      0.00      0.00      0.00      0.00
02:58:43    enifb1ac5e0a09     73.00     73.00     17.80      8.45      0.00      0.00      0.00      0.00
02:58:43    eni20ed0c6920d     69.00     69.00     17.83      7.92      0.00      0.00      0.00      0.00
02:58:43         ens6      0.00      0.00      0.00      0.00      0.00      0.00      0.00      0.00
02:58:43    enic479fef38dc      4.00      4.00      1.49      0.38      0.00      0.00      0.00      0.00
02:58:43    eni5ea3bc05c73      1.00      1.00      0.06      0.06      0.00      0.00      0.00      0.00
02:58:43    enia71a515eb09      0.00      0.00      0.00      0.00      0.00      0.00      0.00      0.00
02:58:43    enia205ab21f2e      0.00      0.00      0.00      0.00      0.00      0.00      0.00      0.00
02:58:43    enife22b4c3b6a      5.00      4.00      0.83      0.81      0.00      0.00      0.00      0.00
02:58:43    eni4590226e482      0.00      0.00      0.00      0.00      0.00      0.00      0.00      0.00
02:58:43    enib08305bf35e      0.00      0.00      0.00      0.00      0.00      0.00      0.00      0.00
02:58:43    enifd833d83eb2      5.00      5.00      0.42      0.44      0.00      0.00      0.00      0.00
02:58:43    enidb0c25597b6      1.00      1.00      0.06      0.06      0.00      0.00      0.00      0.00
02:58:43    eni47a93c32888      0.00      0.00      0.00      0.00      0.00      0.00      0.00      0.00
02:58:43    eni70f4d61bd42      2.00      4.00      0.14      0.27      0.00      0.00      0.00      0.00
02:58:43    eni57210d8fe98  25269.00  36913.00 670794.61   2323.80      0.00      0.00      0.00     54.95

02:58:43        IFACE   rxpck/s   txpck/s    rxkB/s    txkB/s   rxcmp/s   txcmp/s  rxmcst/s   %ifutil
02:58:44           lo    245.00    245.00     19.35     19.35      0.00      0.00      0.00      0.00
02:58:44         ens5  30760.00 234057.00   1720.57 589646.05      0.00      0.00      0.00      0.00
02:58:44    enifb1ac5e0a09     34.00     34.00      8.33      3.81      0.00      0.00      0.00      0.00
02:58:44    eni20ed0c6920d     36.00     36.00      9.39      4.12      0.00      0.00      0.00      0.00
02:58:44         ens6      0.00      0.00      0.00      0.00      0.00      0.00      0.00      0.00
02:58:44    enic479fef38dc      0.00      0.00      0.00      0.00      0.00      0.00      0.00      0.00
02:58:44    eni5ea3bc05c73      0.00      0.00      0.00      0.00      0.00      0.00      0.00      0.00
02:58:44    enia71a515eb09      0.00      0.00      0.00      0.00      0.00      0.00      0.00      0.00
02:58:44    enia205ab21f2e      1.00      1.00      0.06      0.18      0.00      0.00      0.00      0.00
02:58:44    enife22b4c3b6a      9.00     12.00      2.70      2.67      0.00      0.00      0.00      0.00
02:58:44    eni4590226e482      0.00      0.00      0.00      0.00      0.00      0.00      0.00      0.00
02:58:44    enib08305bf35e      0.00      0.00      0.00      0.00      0.00      0.00      0.00      0.00
02:58:44    enifd833d83eb2      0.00      0.00      0.00      0.00      0.00      0.00      0.00      0.00
02:58:44    enidb0c25597b6      4.00      3.00      0.75      0.74      0.00      0.00      0.00      0.00
02:58:44    eni47a93c32888      4.00      3.00      0.75      0.73      0.00      0.00      0.00      0.00
02:58:44    eni70f4d61bd42      3.00      3.00      0.72      0.77      0.00      0.00      0.00      0.00
02:58:44    eni57210d8fe98  22740.00  30757.00 577675.91   2059.54      0.00      0.00      0.00     47.32

02:58:44        IFACE   rxpck/s   txpck/s    rxkB/s    txkB/s   rxcmp/s   txcmp/s  rxmcst/s   %ifutil
02:58:45           lo    255.00    255.00     19.87     19.87      0.00      0.00      0.00      0.00
02:58:45         ens5  11446.00  72250.00    850.95 206261.36      0.00      0.00      0.00      0.00
02:58:45    enifb1ac5e0a09     40.00     40.00     10.25      4.58      0.00      0.00      0.00      0.00
02:58:45    eni20ed0c6920d     50.00     50.00     12.53      5.61      0.00      0.00      0.00      0.00
02:58:45         ens6      0.00      0.00      0.00      0.00      0.00      0.00      0.00      0.00
02:58:45    enic479fef38dc     10.00     13.00      4.42      2.60      0.00      0.00      0.00      0.00
02:58:45    eni5ea3bc05c73     10.00     12.00      4.42      2.54      0.00      0.00      0.00      0.00
02:58:45    enia71a515eb09      0.00      0.00      0.00      0.00      0.00      0.00      0.00      0.00
02:58:45    enia205ab21f2e      0.00      0.00      0.00      0.00      0.00      0.00      0.00      0.00
02:58:45    enife22b4c3b6a     14.00     13.00      1.41      1.49      0.00      0.00      0.00      0.00
02:58:45    eni4590226e482      0.00      0.00      0.00      0.00      0.00      0.00      0.00      0.00
02:58:45    enib08305bf35e      0.00      0.00      0.00      0.00      0.00      0.00      0.00      0.00
02:58:45    enifd833d83eb2      0.00      0.00      0.00      0.00      0.00      0.00      0.00      0.00
02:58:45    enidb0c25597b6      2.00      4.00      0.14      0.27      0.00      0.00      0.00      0.00
02:58:45    eni47a93c32888      2.00      2.00      0.13      0.13      0.00      0.00      0.00      0.00
02:58:45    eni70f4d61bd42      0.00      0.00      0.00      0.00      0.00      0.00      0.00      0.00
02:58:45    eni57210d8fe98   8912.00  11497.00 202794.28    998.82      0.00      0.00      0.00     16.61

02:58:45        IFACE   rxpck/s   txpck/s    rxkB/s    txkB/s   rxcmp/s   txcmp/s  rxmcst/s   %ifutil
02:58:46           lo    246.00    246.00     18.74     18.74      0.00      0.00      0.00      0.00
02:58:46         ens5   2280.00   6052.00    182.39  46987.34      0.00      0.00      0.00      0.00
02:58:46    enifb1ac5e0a09      5.00      5.00      1.29      0.60      0.00      0.00      0.00      0.00
02:58:46    eni20ed0c6920d      8.00      7.00      1.47      0.82      0.00      0.00      0.00      0.00
02:58:46         ens6      0.00      0.00      0.00      0.00      0.00      0.00      0.00      0.00
02:58:46    enic479fef38dc      0.00      0.00      0.00      0.00      0.00      0.00      0.00      0.00
02:58:46    eni5ea3bc05c73      0.00      0.00      0.00      0.00      0.00      0.00      0.00      0.00
02:58:46    enia71a515eb09      0.00      0.00      0.00      0.00      0.00      0.00      0.00      0.00
02:58:46    enia205ab21f2e      0.00      0.00      0.00      0.00      0.00      0.00      0.00      0.00
02:58:46    enife22b4c3b6a      0.00      0.00      0.00      0.00      0.00      0.00      0.00      0.00
02:58:46    eni4590226e482      0.00      0.00      0.00      0.00      0.00      0.00      0.00      0.00
02:58:46    enib08305bf35e      0.00      0.00      0.00      0.00      0.00      0.00      0.00      0.00
02:58:46    enifd833d83eb2      0.00      0.00      0.00      0.00      0.00      0.00      0.00      0.00
02:58:46    enidb0c25597b6      4.00      3.00      0.75      0.74      0.00      0.00      0.00      0.00
02:58:46    eni47a93c32888      5.00      4.00      0.85      0.80      0.00      0.00      0.00      0.00
02:58:46    eni70f4d61bd42      3.00      3.00      0.72      0.76      0.00      0.00      0.00      0.00
02:58:46    eni57210d8fe98   1602.00   2237.00  46691.45    210.19      0.00      0.00      0.00      3.82

02:58:46        IFACE   rxpck/s   txpck/s    rxkB/s    txkB/s   rxcmp/s   txcmp/s  rxmcst/s   %ifutil
02:58:47           lo    134.00    134.00     10.96     10.96      0.00      0.00      0.00      0.00
02:58:47         ens5   1680.00   3896.00     88.52  31021.63      0.00      0.00      0.00      0.00
02:58:47    enifb1ac5e0a09      4.00      6.00      0.40      0.50      0.00      0.00      0.00      0.00
02:58:47    eni20ed0c6920d      5.00      6.00      0.46      0.50      0.00      0.00      0.00      0.00
02:58:47         ens6      0.00      0.00      0.00      0.00      0.00      0.00      0.00      0.00
02:58:47    enic479fef38dc      0.00      0.00      0.00      0.00      0.00      0.00      0.00      0.00
02:58:47    eni5ea3bc05c73      0.00      0.00      0.00      0.00      0.00      0.00      0.00      0.00
02:58:47    enia71a515eb09      0.00      0.00      0.00      0.00      0.00      0.00      0.00      0.00
02:58:47    enia205ab21f2e      1.00      1.00      0.04      0.04      0.00      0.00      0.00      0.00
02:58:47    enife22b4c3b6a      4.00      3.00      0.76      0.75      0.00      0.00      0.00      0.00
02:58:47    eni4590226e482      0.00      0.00      0.00      0.00      0.00      0.00      0.00      0.00
02:58:47    enib08305bf35e      0.00      0.00      0.00      0.00      0.00      0.00      0.00      0.00
02:58:47    enifd833d83eb2      0.00      0.00      0.00      0.00      0.00      0.00      0.00      0.00
02:58:47    enidb0c25597b6      0.00      0.00      0.00      0.00      0.00      0.00      0.00      0.00
02:58:47    eni47a93c32888      0.00      0.00      0.00      0.00      0.00      0.00      0.00      0.00
02:58:47    eni70f4d61bd42      0.00      0.00      0.00      0.00      0.00      0.00      0.00      0.00
02:58:47    eni57210d8fe98    901.00   1656.00  30823.46    109.33      0.00      0.00      0.00      2.53

02:58:47        IFACE   rxpck/s   txpck/s    rxkB/s    txkB/s   rxcmp/s   txcmp/s  rxmcst/s   %ifutil
02:58:48           lo    166.00    166.00     12.20     12.20      0.00      0.00      0.00      0.00
02:58:48         ens5   1948.00   4577.00    119.48  36194.60      0.00      0.00      0.00      0.00
02:58:48    enifb1ac5e0a09      0.00      0.00      0.00      0.00      0.00      0.00      0.00      0.00
02:58:48    eni20ed0c6920d      0.00      0.00      0.00      0.00      0.00      0.00      0.00      0.00
02:58:48         ens6      0.00      0.00      0.00      0.00      0.00      0.00      0.00      0.00
02:58:48    enic479fef38dc     11.00     14.00      4.49      2.80      0.00      0.00      0.00      0.00
02:58:48    eni5ea3bc05c73     10.00     13.00      4.42      2.60      0.00      0.00      0.00      0.00
02:58:48    enia71a515eb09      0.00      0.00      0.00      0.00      0.00      0.00      0.00      0.00
02:58:48    enia205ab21f2e      0.00      0.00      0.00      0.00      0.00      0.00      0.00      0.00
02:58:48    enife22b4c3b6a      0.00      0.00      0.00      0.00      0.00      0.00      0.00      0.00
02:58:48    eni4590226e482      0.00      0.00      0.00      0.00      0.00      0.00      0.00      0.00
02:58:48    enib08305bf35e      0.00      0.00      0.00      0.00      0.00      0.00      0.00      0.00
02:58:48    enifd833d83eb2      5.00      6.00      0.42      0.50      0.00      0.00      0.00      0.00
02:58:48    enidb0c25597b6      4.00      3.00      0.75      0.74      0.00      0.00      0.00      0.00
02:58:48    eni47a93c32888      5.00      8.00      0.82      1.06      0.00      0.00      0.00      0.00
02:58:48    eni70f4d61bd42      3.00      3.00      0.72      0.77      0.00      0.00      0.00      0.00
02:58:48    eni57210d8fe98   1260.00   1913.00  35979.11    145.13      0.00      0.00      0.00      2.95

02:58:48        IFACE   rxpck/s   txpck/s    rxkB/s    txkB/s   rxcmp/s   txcmp/s  rxmcst/s   %ifutil
02:58:49           lo    190.00    190.00     13.90     13.90      0.00      0.00      0.00      0.00
02:58:49         ens5   2117.00   4515.00    110.37  36189.91      0.00      0.00      0.00      0.00
02:58:49    enifb1ac5e0a09      5.00      5.00      0.46      0.44      0.00      0.00      0.00      0.00
02:58:49    eni20ed0c6920d      5.00      6.00      0.46      0.50      0.00      0.00      0.00      0.00
02:58:49         ens6      0.00      0.00      0.00      0.00      0.00      0.00      0.00      0.00
02:58:49    enic479fef38dc      0.00      0.00      0.00      0.00      0.00      0.00      0.00      0.00
02:58:49    eni5ea3bc05c73      0.00      0.00      0.00      0.00      0.00      0.00      0.00      0.00
02:58:49    enia71a515eb09      0.00      0.00      0.00      0.00      0.00      0.00      0.00      0.00
02:58:49    enia205ab21f2e      0.00      0.00      0.00      0.00      0.00      0.00      0.00      0.00
02:58:49    enife22b4c3b6a     12.00     15.00      3.40      3.26      0.00      0.00      0.00      0.00
02:58:49    eni4590226e482      0.00      0.00      0.00      0.00      0.00      0.00      0.00      0.00
02:58:49    enib08305bf35e      5.00      5.00      0.50      0.44      0.00      0.00      0.00      0.00
02:58:49    enifd833d83eb2      4.00      6.00      0.36      0.50      0.00      0.00      0.00      0.00
02:58:49    enidb0c25597b6      0.00      0.00      0.00      0.00      0.00      0.00      0.00      0.00
02:58:49    eni47a93c32888      0.00      0.00      0.00      0.00      0.00      0.00      0.00      0.00
02:58:49    eni70f4d61bd42      0.00      0.00      0.00      0.00      0.00      0.00      0.00      0.00
02:58:49    eni57210d8fe98   1323.00   2087.00  35978.51    136.59      0.00      0.00      0.00      2.95

02:58:49        IFACE   rxpck/s   txpck/s    rxkB/s    txkB/s   rxcmp/s   txcmp/s  rxmcst/s   %ifutil
02:58:50           lo    118.00    118.00      9.85      9.85      0.00      0.00      0.00      0.00
02:58:50         ens5   1927.00   3876.00    101.51  31021.84      0.00      0.00      0.00      0.00
02:58:50    enifb1ac5e0a09      0.00      0.00      0.00      0.00      0.00      0.00      0.00      0.00
02:58:50    eni20ed0c6920d      0.00      0.00      0.00      0.00      0.00      0.00      0.00      0.00
02:58:50         ens6      0.00      0.00      0.00      0.00      0.00      0.00      0.00      0.00
02:58:50    enic479fef38dc      0.00      0.00      0.00      0.00      0.00      0.00      0.00      0.00
02:58:50    eni5ea3bc05c73      0.00      0.00      0.00      0.00      0.00      0.00      0.00      0.00
02:58:50    enia71a515eb09      0.00      0.00      0.00      0.00      0.00      0.00      0.00      0.00
02:58:50    enia205ab21f2e      0.00      0.00      0.00      0.00      0.00      0.00      0.00      0.00
02:58:50    enife22b4c3b6a      4.00      6.00      0.30      0.41      0.00      0.00      0.00      0.00
02:58:50    eni4590226e482      0.00      0.00      0.00      0.00      0.00      0.00      0.00      0.00
02:58:50    enib08305bf35e      0.00      0.00      0.00      0.00      0.00      0.00      0.00      0.00
02:58:50    enifd833d83eb2      0.00      0.00      0.00      0.00      0.00      0.00      0.00      0.00
02:58:50    enidb0c25597b6      5.00      4.00      0.85      0.80      0.00      0.00      0.00      0.00
02:58:50    eni47a93c32888      3.00      3.00      0.68      0.73      0.00      0.00      0.00      0.00
02:58:50    eni70f4d61bd42      3.00      3.00      0.72      0.76      0.00      0.00      0.00      0.00
02:58:50    eni57210d8fe98   1420.00   1897.00  30857.20    124.31      0.00      0.00      0.00      2.53

02:58:50        IFACE   rxpck/s   txpck/s    rxkB/s    txkB/s   rxcmp/s   txcmp/s  rxmcst/s   %ifutil
02:58:51           lo    143.00    143.00     11.05     11.05      0.00      0.00      0.00      0.00
02:58:51         ens5   1836.00   4529.00     96.88  36191.28      0.00      0.00      0.00      0.00
02:58:51    enifb1ac5e0a09      0.00      0.00      0.00      0.00      0.00      0.00      0.00      0.00
02:58:51    eni20ed0c6920d      0.00      0.00      0.00      0.00      0.00      0.00      0.00      0.00
02:58:51         ens6      0.00      0.00      0.00      0.00      0.00      0.00      0.00      0.00
02:58:51    enic479fef38dc      0.00      0.00      0.00      0.00      0.00      0.00      0.00      0.00
02:58:51    eni5ea3bc05c73      0.00      0.00      0.00      0.00      0.00      0.00      0.00      0.00
02:58:51    enia71a515eb09      0.00      0.00      0.00      0.00      0.00      0.00      0.00      0.00
02:58:51    enia205ab21f2e      0.00      0.00      0.00      0.00      0.00      0.00      0.00      0.00
02:58:51    enife22b4c3b6a      6.00      5.00      0.93      0.91      0.00      0.00      0.00      0.00
02:58:51    eni4590226e482      0.00      0.00      0.00      0.00      0.00      0.00      0.00      0.00
02:58:51    enib08305bf35e      0.00      0.00      0.00      0.00      0.00      0.00      0.00      0.00
02:58:51    enifd833d83eb2      0.00      0.00      0.00      0.00      0.00      0.00      0.00      0.00
02:58:51    enidb0c25597b6      0.00      0.00      0.00      0.00      0.00      0.00      0.00      0.00
02:58:51    eni47a93c32888      0.00      0.00      0.00      0.00      0.00      0.00      0.00      0.00
02:58:51    eni70f4d61bd42      0.00      0.00      0.00      0.00      0.00      0.00      0.00      0.00
02:58:51    eni57210d8fe98   1466.00   1805.00  35987.73    118.67      0.00      0.00      0.00      2.95

02:58:51        IFACE   rxpck/s   txpck/s    rxkB/s    txkB/s   rxcmp/s   txcmp/s  rxmcst/s   %ifutil
02:58:52           lo    112.00    112.00      9.47      9.47      0.00      0.00      0.00      0.00
02:58:52         ens5   1866.00   4528.00     99.22  36191.23      0.00      0.00      0.00      0.00
02:58:52    enifb1ac5e0a09      0.00      0.00      0.00      0.00      0.00      0.00      0.00      0.00
02:58:52    eni20ed0c6920d      1.00      1.00      0.06      0.18      0.00      0.00      0.00      0.00
02:58:52         ens6      0.00      0.00      0.00      0.00      0.00      0.00      0.00      0.00
02:58:52    enic479fef38dc      3.00      3.00      0.26      2.71      0.00      0.00      0.00      0.00
02:58:52    eni5ea3bc05c73      3.00      3.00      0.26      2.78      0.00      0.00      0.00      0.00
02:58:52    enia71a515eb09      0.00      0.00      0.00      0.00      0.00      0.00      0.00      0.00
02:58:52    enia205ab21f2e      0.00      0.00      0.00      0.00      0.00      0.00      0.00      0.00
02:58:52    enife22b4c3b6a      1.00      1.00      0.06      0.18      0.00      0.00      0.00      0.00
02:58:52    eni4590226e482      0.00      0.00      0.00      0.00      0.00      0.00      0.00      0.00
02:58:52    enib08305bf35e      1.00      1.00      0.06      0.18      0.00      0.00      0.00      0.00
02:58:52    enifd833d83eb2      0.00      0.00      0.00      0.00      0.00      0.00      0.00      0.00
02:58:52    enidb0c25597b6      3.00      4.00      0.69      0.80      0.00      0.00      0.00      0.00
02:58:52    eni47a93c32888      3.00      3.00      0.68      0.74      0.00      0.00      0.00      0.00
02:58:52    eni70f4d61bd42      3.00      3.00      0.72      0.76      0.00      0.00      0.00      0.00
02:58:52    eni57210d8fe98   1464.00   1831.00  35987.62    120.34      0.00      0.00      0.00      2.95

02:58:52        IFACE   rxpck/s   txpck/s    rxkB/s    txkB/s   rxcmp/s   txcmp/s  rxmcst/s   %ifutil
02:58:53           lo    183.00    183.00     13.43     13.43      0.00      0.00      0.00      0.00
02:58:53         ens5   2125.00   4536.00    112.08  36192.12      0.00      0.00      0.00      0.00
02:58:53    enifb1ac5e0a09      0.00      0.00      0.00      0.00      0.00      0.00      0.00      0.00
02:58:53    eni20ed0c6920d      0.00      0.00      0.00      0.00      0.00      0.00      0.00      0.00
02:58:53         ens6      0.00      0.00      0.00      0.00      0.00      0.00      0.00      0.00
02:58:53    enic479fef38dc      0.00      0.00      0.00      0.00      0.00      0.00      0.00      0.00
02:58:53    eni5ea3bc05c73      0.00      0.00      0.00      0.00      0.00      0.00      0.00      0.00
02:58:53    enia71a515eb09      0.00      0.00      0.00      0.00      0.00      0.00      0.00      0.00
02:58:53    enia205ab21f2e      0.00      0.00      0.00      0.00      0.00      0.00      0.00      0.00
02:58:53    enife22b4c3b6a      4.00      4.00      0.76      0.81      0.00      0.00      0.00      0.00
02:58:53    eni4590226e482      4.00      3.00      0.91      0.90      0.00      0.00      0.00      0.00
02:58:53    enib08305bf35e      0.00      0.00      0.00      0.00      0.00      0.00      0.00      0.00
02:58:53    enifd833d83eb2      4.00      6.00      0.36      0.50      0.00      0.00      0.00      0.00
02:58:53    enidb0c25597b6      0.00      0.00      0.00      0.00      0.00      0.00      0.00      0.00
02:58:53    eni47a93c32888      0.00      0.00      0.00      0.00      0.00      0.00      0.00      0.00
02:58:53    eni70f4d61bd42      2.00      4.00      0.14      0.27      0.00      0.00      0.00      0.00
02:58:53    eni57210d8fe98   1384.00   2073.00  35982.47    135.94      0.00      0.00      0.00      2.95

02:58:53        IFACE   rxpck/s   txpck/s    rxkB/s    txkB/s   rxcmp/s   txcmp/s  rxmcst/s   %ifutil
02:58:54           lo    156.00    156.00     11.85     11.85      0.00      0.00      0.00      0.00
02:58:54         ens5   1209.00   2296.00     72.08  17852.93      0.00      0.00      0.00      0.00
02:58:54    enifb1ac5e0a09      7.00      7.00      1.79      0.90      0.00      0.00      0.00      0.00
02:58:54    eni20ed0c6920d      4.00      4.00      0.84      0.47      0.00      0.00      0.00      0.00
02:58:54         ens6      0.00      0.00      0.00      0.00      0.00      0.00      0.00      0.00
02:58:54    enic479fef38dc      5.00      7.00      1.42      0.60      0.00      0.00      0.00      0.00
02:58:54    eni5ea3bc05c73      6.00      5.00      1.18      0.44      0.00      0.00      0.00      0.00
02:58:54    enia71a515eb09      0.00      0.00      0.00      0.00      0.00      0.00      0.00      0.00
02:58:54    enia205ab21f2e      0.00      0.00      0.00      0.00      0.00      0.00      0.00      0.00
02:58:54    enife22b4c3b6a      9.00     12.00      2.70      2.61      0.00      0.00      0.00      0.00
02:58:54    eni4590226e482      0.00      0.00      0.00      0.00      0.00      0.00      0.00      0.00
02:58:54    enib08305bf35e      4.00      3.00      0.89      0.89      0.00      0.00      0.00      0.00
02:58:54    enifd833d83eb2      0.00      0.00      0.00      0.00      0.00      0.00      0.00      0.00
02:58:54    enidb0c25597b6      4.00      5.00      0.75      1.06      0.00      0.00      0.00      0.00
02:58:54    eni47a93c32888      4.00      4.00      0.75      0.83      0.00      0.00      0.00      0.00
02:58:54    eni70f4d61bd42      3.00      3.00      0.72      0.77      0.00      0.00      0.00      0.00
02:58:54    eni57210d8fe98    752.00   1161.00  17744.79     84.03      0.00      0.00      0.00      1.45

02:58:54        IFACE   rxpck/s   txpck/s    rxkB/s    txkB/s   rxcmp/s   txcmp/s  rxmcst/s   %ifutil
02:58:55           lo    142.00    142.00     11.18     11.18      0.00      0.00      0.00      0.00
02:58:55         ens5    594.00    397.00    955.46    739.99      0.00      0.00      0.00      0.00
02:58:55    enifb1ac5e0a09     36.00     36.00      9.60      4.00      0.00      0.00      0.00      0.00
02:58:55    eni20ed0c6920d     55.00     55.00     13.28      6.46      0.00      0.00      0.00      0.00
02:58:55         ens6      0.00      0.00      0.00      0.00      0.00      0.00      0.00      0.00
02:58:55    enic479fef38dc     11.00     13.00      4.51      2.60      0.00      0.00      0.00      0.00
02:58:55    eni5ea3bc05c73     10.00     12.00      4.42      2.54      0.00      0.00      0.00      0.00
02:58:55    enia71a515eb09      0.00      0.00      0.00      0.00      0.00      0.00      0.00      0.00
02:58:55    enia205ab21f2e      0.00      0.00      0.00      0.00      0.00      0.00      0.00      0.00
02:58:55    enife22b4c3b6a      5.00      4.00      0.83      0.95      0.00      0.00      0.00      0.00
02:58:55    eni4590226e482      0.00      0.00      0.00      0.00      0.00      0.00      0.00      0.00
02:58:55    enib08305bf35e      0.00      0.00      0.00      0.00      0.00      0.00      0.00      0.00
02:58:55    enifd833d83eb2      0.00      0.00      0.00      0.00      0.00      0.00      0.00      0.00
02:58:55    enidb0c25597b6      2.00      4.00      0.14      0.27      0.00      0.00      0.00      0.00
02:58:55    eni47a93c32888      0.00      0.00      0.00      0.00      0.00      0.00      0.00      0.00
02:58:55    eni70f4d61bd42      0.00      0.00      0.00      0.00      0.00      0.00      0.00      0.00
02:58:55    eni57210d8fe98    416.00    451.00    740.14    972.24      0.00      0.00      0.00      0.08

02:58:55        IFACE   rxpck/s   txpck/s    rxkB/s    txkB/s   rxcmp/s   txcmp/s  rxmcst/s   %ifutil
02:58:56           lo    146.00    146.00     11.49     11.49      0.00      0.00      0.00      0.00
02:58:56         ens5    154.00    122.00     90.70     26.19      0.00      0.00      0.00      0.00
02:58:56    enifb1ac5e0a09      0.00      0.00      0.00      0.00      0.00      0.00      0.00      0.00
02:58:56    eni20ed0c6920d      0.00      0.00      0.00      0.00      0.00      0.00      0.00      0.00
02:58:56         ens6      0.00      0.00      0.00      0.00      0.00      0.00      0.00      0.00
02:58:56    enic479fef38dc      2.00      3.00      0.17      0.35      0.00      0.00      0.00      0.00
02:58:56    eni5ea3bc05c73      0.00      0.00      0.00      0.00      0.00      0.00      0.00      0.00
02:58:56    enia71a515eb09      0.00      0.00      0.00      0.00      0.00      0.00      0.00      0.00
02:58:56    enia205ab21f2e      0.00      0.00      0.00      0.00      0.00      0.00      0.00      0.00
02:58:56    enife22b4c3b6a     46.00     41.00     55.62     34.08      0.00      0.00      0.00      0.00
02:58:56    eni4590226e482      0.00      0.00      0.00      0.00      0.00      0.00      0.00      0.00
02:58:56    enib08305bf35e      0.00      0.00      0.00      0.00      0.00      0.00      0.00      0.00
02:58:56    enifd833d83eb2      0.00      0.00      0.00      0.00      0.00      0.00      0.00      0.00
02:58:56    enidb0c25597b6      4.00      3.00      0.75      0.74      0.00      0.00      0.00      0.00
02:58:56    eni47a93c32888     20.00     20.00      3.53     44.35      0.00      0.00      0.00      0.00
02:58:56    eni70f4d61bd42      0.00      0.00      0.00      0.00      0.00      0.00      0.00      0.00
02:58:56    eni57210d8fe98     47.00     47.00      8.70     58.99      0.00      0.00      0.00      0.00

02:58:56        IFACE   rxpck/s   txpck/s    rxkB/s    txkB/s   rxcmp/s   txcmp/s  rxmcst/s   %ifutil
02:58:57           lo    156.00    156.00     12.20     12.20      0.00      0.00      0.00      0.00
02:58:57         ens5     45.00     50.00      3.88     11.22      0.00      0.00      0.00      0.00
02:58:57    enifb1ac5e0a09      4.00      6.00      0.40      0.50      0.00      0.00      0.00      0.00
02:58:57    eni20ed0c6920d      5.00      5.00      0.46      0.44      0.00      0.00      0.00      0.00
02:58:57         ens6      0.00      0.00      0.00      0.00      0.00      0.00      0.00      0.00
02:58:57    enic479fef38dc      8.00      9.00      1.69      0.77      0.00      0.00      0.00      0.00
02:58:57    eni5ea3bc05c73      6.00      4.00      1.17      0.37      0.00      0.00      0.00      0.00
02:58:57    enia71a515eb09      0.00      0.00      0.00      0.00      0.00      0.00      0.00      0.00
02:58:57    enia205ab21f2e      0.00      0.00      0.00      0.00      0.00      0.00      0.00      0.00
02:58:57    enife22b4c3b6a      4.00      4.00      0.76      0.84      0.00      0.00      0.00      0.00
02:58:57    eni4590226e482      0.00      0.00      0.00      0.00      0.00      0.00      0.00      0.00
02:58:57    enib08305bf35e      0.00      0.00      0.00      0.00      0.00      0.00      0.00      0.00
02:58:57    enifd833d83eb2      0.00      0.00      0.00      0.00      0.00      0.00      0.00      0.00
02:58:57    enidb0c25597b6      0.00      0.00      0.00      0.00      0.00      0.00      0.00      0.00
02:58:57    eni47a93c32888      0.00      0.00      0.00      0.00      0.00      0.00      0.00      0.00
02:58:57    eni70f4d61bd42      3.00      3.00      0.72      0.77      0.00      0.00      0.00      0.00
02:58:57    eni57210d8fe98      1.00      1.00      0.06      0.22      0.00      0.00      0.00      0.00

02:58:57        IFACE   rxpck/s   txpck/s    rxkB/s    txkB/s   rxcmp/s   txcmp/s  rxmcst/s   %ifutil
02:58:58           lo    178.00    178.00     12.75     12.75      0.00      0.00      0.00      0.00
02:58:58         ens5     73.00     63.00     21.36     10.13      0.00      0.00      0.00      0.00
02:58:58    enifb1ac5e0a09      0.00      0.00      0.00      0.00      0.00      0.00      0.00      0.00
02:58:58    eni20ed0c6920d      1.00      1.00      0.06      0.17      0.00      0.00      0.00      0.00
02:58:58         ens6      0.00      0.00      0.00      0.00      0.00      0.00      0.00      0.00
02:58:58    enic479fef38dc     11.00     15.00      4.52      2.77      0.00      0.00      0.00      0.00
02:58:58    eni5ea3bc05c73     13.00     16.00      4.67      2.93      0.00      0.00      0.00      0.00
02:58:58    enia71a515eb09      0.00      0.00      0.00      0.00      0.00      0.00      0.00      0.00
02:58:58    enia205ab21f2e      0.00      0.00      0.00      0.00      0.00      0.00      0.00      0.00
02:58:58    enife22b4c3b6a      1.00      1.00      0.06      0.06      0.00      0.00      0.00      0.00
02:58:58    eni4590226e482      0.00      0.00      0.00      0.00      0.00      0.00      0.00      0.00
02:58:58    enib08305bf35e      0.00      0.00      0.00      0.00      0.00      0.00      0.00      0.00
02:58:58    enifd833d83eb2      4.00      6.00      0.36      0.50      0.00      0.00      0.00      0.00
02:58:58    enidb0c25597b6      5.00      4.00      0.82      0.80      0.00      0.00      0.00      0.00
02:58:58    eni47a93c32888      6.00      7.00      0.89      1.00      0.00      0.00      0.00      0.00
02:58:58    eni70f4d61bd42      0.00      0.00      0.00      0.00      0.00      0.00      0.00      0.00
02:58:58    eni57210d8fe98     30.00     33.00      6.78     21.50      0.00      0.00      0.00      0.00

02:58:58        IFACE   rxpck/s   txpck/s    rxkB/s    txkB/s   rxcmp/s   txcmp/s  rxmcst/s   %ifutil
02:58:59           lo    167.00    167.00     12.64     12.64      0.00      0.00      0.00      0.00
02:58:59         ens5     32.00     34.00      3.03      7.93      0.00      0.00      0.00      0.00
02:58:59    enifb1ac5e0a09      5.00      6.00      0.46      0.50      0.00      0.00      0.00      0.00
02:58:59    eni20ed0c6920d      4.00      6.00      0.40      0.50      0.00      0.00      0.00      0.00
02:58:59         ens6      0.00      0.00      0.00      0.00      0.00      0.00      0.00      0.00
02:58:59    enic479fef38dc      0.00      0.00      0.00      0.00      0.00      0.00      0.00      0.00
02:58:59    eni5ea3bc05c73      0.00      0.00      0.00      0.00      0.00      0.00      0.00      0.00
02:58:59    enia71a515eb09      0.00      0.00      0.00      0.00      0.00      0.00      0.00      0.00
02:58:59    enia205ab21f2e      0.00      0.00      0.00      0.00      0.00      0.00      0.00      0.00
02:58:59    enife22b4c3b6a     12.00     14.00      3.40      3.19      0.00      0.00      0.00      0.00
02:58:59    eni4590226e482      0.00      0.00      0.00      0.00      0.00      0.00      0.00      0.00
02:58:59    enib08305bf35e      5.00      5.00      0.50      0.44      0.00      0.00      0.00      0.00
02:58:59    enifd833d83eb2      4.00      6.00      0.36      0.50      0.00      0.00      0.00      0.00
02:58:59    enidb0c25597b6      0.00      0.00      0.00      0.00      0.00      0.00      0.00      0.00
02:58:59    eni47a93c32888      0.00      0.00      0.00      0.00      0.00      0.00      0.00      0.00
02:58:59    eni70f4d61bd42      4.00      5.00      0.82      0.93      0.00      0.00      0.00      0.00
02:58:59    eni57210d8fe98      1.00      1.00      0.06      0.22      0.00      0.00      0.00      0.00
