procs -----------memory---------- ---swap-- -----io---- -system-- -------cpu-------
 r  b   swpd   free   buff  cache   si   so    bi    bo   in   cs us sy id wa st gu
 1  0      0 120093476 1600 137098944 0   0  1259 103641 6279   0  0  0 98  1  0  0
 0  0      0 120069404 1600 137099308 0   0     0     0 5766 9137  0  0 100 0  0  0
 1  0      0 119997068 1600 137115704 0   0     0 16415 7710 11390 0  0 100 0  0  0
 6  0      0 120000404 1600 137115704 0   0     0     0 4850 2738  0  0 100 0  0  0
 1  0      0 120008060 1600 137115704 0   0     0     0 5185 2539  0  0 100 0  0  0
 0  0      0 120009704 1600 137115704 0   0     0     0 4778 2743  0  0 100 0  0  0
 0  0      0 120011524 1600 137115704 0   0     0     0 4828 3088  0  0 99  0  0  0
 1  0      0 120013300 1600 137115704 0   0     0    12 6367 6354  0  0 99  0  0  0
 0  0      0 120015120 1600 137115704 0   0     0     0 4769 3085  0  0 100 0  0  0
 0  0      0 120014968 1600 137115704 0   0     0     0 5023 3646  0  0 100 0  0  0
 0  0      0 120021628 1600 137115704 0   0     0     0 4851 3099  0  0 100 0  0  0
 1  0      0 120018988 1600 137115704 0   0     0     0 5357 5262  0  0 100 0  0  0
 1  0      0 120023332 1600 137115704 0   0     0     0 5221 5822  0  0 100 0  0  0
 0  0      0 120021424 1600 137115704 0   0     0     0 4336 2343  0  0 100 0  0  0
 0  0      0 120027472 1600 137115704 0   0     0     0 4693 2847  0  0 100 0  0  0
 0  0      0 120028256 1600 137115704 0   0     0    73 4342 2741  0  0 100 0  0  0
 0  0      0 120024968 1600 137115704 0   0     0     0 5365 2373  0  0 100 0  0  0
 1  0      0 120022228 1600 137115700 0   0     0     0 8324 6104  0  0 100 0  0  0
 0  0      0 120020904 1600 137115704 0   0     0     4 7383 3331  0  0 100 0  0  0
 1  0      0 120022468 1600 137115704 0   0     0  2280 8188 3894  0  0 100 0  0  0
 1  0      0 120021896 1600 137115704 0   0     0     0 6405 2864  0  0 100 0  0  0
procs -----------memory---------- ---swap-- -----io---- -system-- -------cpu-------
 r  b   swpd   free   buff  cache   si   so    bi    bo   in   cs us sy id wa st gu
 2  0      0 120011924 1600 137115704 0   0     0     0 8804 5783  0  0 100 0  0  0
 1  0      0 120020132 1600 137115704 0   0     0     0 7080 2415  0  0 100 0  0  0
 1  0      0 120018816 1600 137115704 0   0     0     0 7637 2413  0  0 100 0  0  0
 0  0      0 120019128 1600 137115704 0   0     0     0 6279 2290  0  0 100 0  0  0
 0  0      0 120015864 1600 137115708 0   0     0     0 4325 2677  0  0 100 0  0  0
 1  0      0 120016348 1600 137115708 0   0     0     0 5124 3045  0  0 100 0  0  0
 0  0      0 120014440 1600 137115704 0   0     0     0 7656 11021 0  0 100 0  0  0
 0  0      0 120015292 1600 137115708 0   0     0     0 5243 3464  0  0 100 0  0  0
 0  0      0 120016172 1600 137115708 0   0     0     0 4635 4261  0  0 100 0  0  0
 0  0      0 120017228 1600 137115708 0   0     0     4 4983 3148  0  0 100 0  0  0
 1  0      0 120003304 1600 137115708 0   0     0     8 5996 3306  0  0 100 0  0  0
 1  0      0 120006316 1600 137115708 0   0     0    28 6716 3970  0  0 100 0  0  0
 0  0      0 120009424 1600 137115708 0   0     0     0 6362 3058  0  0 100 0  0  0
 1  0      0 120011076 1600 137115708 0   0     0     0 7761 3057  0  0 100 0  0  0
 0  0      0 120013180 1600 137115708 0   0     0     0 6724 2739  0  0 100 0  0  0
 1  0      0 120014852 1600 137115708 0   0     0     0 6692 2398  0  0 100 0  0  0
 0  0      0 120014728 1600 137115700 0   0     0     0 6873 5987  0  0 100 0  0  0
 0  0      0 120014128 1600 137115700 0   0     0     0 6170 3211  0  0 100 0  0  0
 0  0      0 120013284 1600 137115708 0   0     0     0 6385 3934  0  0 100 0  0  0
 0  0      0 120015220 1600 137115708 0   0     0     0 5913 2968  0  0 100 0  0  0
 0  0      0 120012956 1600 137115708 0   0     0     0 8156 2855  0  0 100 0  0  0
procs -----------memory---------- ---swap-- -----io---- -system-- -------cpu-------
 r  b   swpd   free   buff  cache   si   so    bi    bo   in   cs us sy id wa st gu
 0  0      0 120018344 1600 137115708 0   0     0    32 6850 8750  0  0 100 0  0  0
 1  0      0 120019000 1600 137115708 0   0     0     0 6202 2534  0  0 100 0  0  0
 1  0      0 120017076 1600 137115708 0   0     0     0 6321 2266  0  0 100 0  0  0
 0  0      0 120019848 1600 137115708 0   0     0    78 5945 2990  0  0 100 0  0  0
 1  0      0 120019904 1600 137115708 0   0     0     0 6321 2743  0  0 100 0  0  0
 0  0      0 120009668 1600 137115708 0   0     0     0 7974 6855  0  0 100 0  0  0
 1  0      0 120012148 1600 137115708 0   0     0     0 4351 2930  0  0 100 0  0  0
 0  0      0 120014516 1600 137115708 0   0     0   224 4876 3796  0  0 100 0  0  0
 0  0      0 120014708 1600 137115708 0   0     0     0 4582 3891  0  0 100 0  0  0
 1  0      0 120018884 1600 137115708 0   0     0     0 4330 3528  0  0 100 0  0  0
 0  0      0 120018772 1600 137115708 0   0     0     0 4511 4798  0  0 100 0  0  0
 0  0      0 120023180 1600 137115744 0   0     0     0 4475 3164  0  0 100 0  0  0
 0  0      0 120023636 1600 137115744 0   0     0     0 4458 2869  0  0 100 0  0  0
 0  0      0 120024748 1600 137115744 0   0     0     4 4594 3172  0  0 100 0  0  0
 1  0      0 120023604 1600 137115744 0   0     0     4 4313 2975  0  0 100 0  0  0
 0  0      0 120015872 1600 137115740 0   0     0     0 7434 11329 0  0 100 0  0  0
 0  0      0 120018004 1600 137115744 0   0     0     0 4765 3220  0  0 100 0  0  0
 0  0      0 120018928 1600 137115744 0   0     0     0 4964 3990  0  0 99  0  0  0
 0  0      0 120022988 1600 137115744 0   0     0     0 4157 2971  0  0 100 0  0  0
 0  0      0 120025396 1600 137115744 0   0     0     0 4583 2901  0  0 100 0  0  0
 0  0      0 120022852 1600 137115744 0   0     0     0 4731 4756  0  0 100 0  0  0
procs -----------memory---------- ---swap-- -----io---- -system-- -------cpu-------
 r  b   swpd   free   buff  cache   si   so    bi    bo   in   cs us sy id wa st gu
 0  0      0 120025424 1600 137115744 0   0     0     0 3574 2301  0  0 100 0  0  0
 0  0      0 120025884 1600 137115744 0   0     0     0 3813 2098  0  0 100 0  0  0
 1  0      0 120023836 1600 137115744 0   0     0     0 3797 2697  0  0 100 0  0  0
 1  0      0 120024804 1600 137115744 0   0     0    40 4135 2784  0  0 99  0  0  0
 1  0      0 120028152 1600 137115748 0   0     0     4 6376 6061  0  0 100 0  0  0
 0  0      0 120028396 1600 137115744 0   0     0     0 4043 3673  0  0 100 0  0  0
 0  0      0 120028452 1600 137115744 0   0     0     0 4108 3511  0  0 100 0  0  0
 0  0      0 120026232 1600 137115744 0   0     0     0 4210 2903  0  0 100 0  0  0
 0  0      0 120022020 1600 137115744 0   0     0     0 3121 2589  0  0 100 0  0  0
 0  0      0 120017960 1600 137115744 0   0     0     0 5265 8714  0  0 100 0  0  0
 0  0      0 120018156 1600 137115744 0   0     0     0 3625 2457  0  0 100 0  0  0
 0  0      0 120020292 1600 137115744 0   0     0    12 3981 2646  0  0 100 0  0  0
 0  0      0 120020088 1600 137115744 0   0     0     1 3424 2692  0  0 100 0  0  0
 1  0      0 120015568 1600 137115744 0   0     0     0 3777 2566  0  0 100 0  0  0
 0  0      0 120022912 1600 137115748 0   0     0     0 5605 5729  0  0 100 0  0  0
 0  0      0 120021896 1600 137115744 0   0     0     0 5085 3401  0  0 100 0  0  0
 0  0      0 120023044 1600 137115744 0   0     0    16 5158 3935  0  0 100 0  0  0
 0  0      0 120023316 1600 137115744 0   0     0     0 5858 3288  0  0 100 0  0  0
 0  0      0 120017900 1600 137115744 0   0     0     4 5892 3000  0  0 100 0  0  0
 0  0      0 120018600 1600 137115744 0   0     0     0 6861 5003  1  0 99  0  0  0
 0  0      0 120018564 1600 137115744 0   0     0     0 5368 2531  0  0 100 0  0  0
procs -----------memory---------- ---swap-- -----io---- -system-- -------cpu-------
 r  b   swpd   free   buff  cache   si   so    bi    bo   in   cs us sy id wa st gu
 0  0      0 120018852 1600 137115744 0   0     0     0 5005 2245  0  0 100 0  0  0
 2  0      0 120019796 1600 137115744 0   0     0     0 5773 2921  0  0 100 0  0  0
 0  0      0 120019948 1600 137115748 0   0     0     0 5524 3262  0  0 100 0  0  0
 1  0      0 120021984 1600 137115740 0   0     0     0 7726 10452 0  0 100 0  0  0
 0  0      0 120024696 1600 137115748 0   0     0     0 5756 3262  0  0 100 0  0  0
 0  0      0 120021712 1600 137115748 0   0     0     0 6179 4289  0  0 100 0  0  0
 2  0      0 120024832 1600 137115748 0   0     0     0 5815 3450  0  0 100 0  0  0
 0  0      0 120019452 1600 137115748 0   0     0     0 7533 3581  0  0 100 0  0  0
 0  0      0 120021560 1600 137115752 0   0     0     4 6489 4137  0  0 100 0  0  0
 1  0      0 120024464 1600 137115752 0   0     0     0 3885 2432  0  0 100 0  0  0
 0  0      0 120026652 1600 137115752 0   0     0     0 4130 2674  0  0 100 0  0  0
 0  0      0 120029352 1600 137115752 0   0     0     0 3104 2882  0  0 100 0  0  0
 0  0      0 120028552 1600 137115752 0   0     0     0 3530 2326  0  0 100 0  0  0
 0  0      0 120024500 1600 137115756 0   0     0     0 5859 5675  0  0 100 0  0  0
 0  0      0 120027736 1600 137115752 0   0     0     0 5065 4005  0  0 100 0  0  0
 0  0      0 120025140 1600 137115752 0   0     0     0 3381 3619  0  0 100 0  0  0
 1  0      0 120025648 1600 137115752 0   0     0     0 4281 3158  0  0 100 0  0  0
 0  0      0 120019580 1600 137115752 0   0     0     8 3934 2355  0  0 100 0  0  0
 0  0      0 120017620 1600 137115752 0   0     0     0 5241 8657  0  0 100 0  0  0
 1  0      0 120015448 1600 137115752 0   0     0     0 4030 2959  0  0 100 0  0  0
 1  0      0 120019660 1600 137115752 0   0     0     0 3441 2569  0  0 100 0  0  0
procs -----------memory---------- ---swap-- -----io---- -system-- -------cpu-------
 r  b   swpd   free   buff  cache   si   so    bi    bo   in   cs us sy id wa st gu
 0  0      0 120016680 1600 137115752 0   0     0     6 3726 2737  0  0 100 0  0  0
 0  0      0 120021896 1600 137115752 0   0     0    16 4061 2935  0  0 100 0  0  0
 0  0      0 120023076 1600 137115752 0   0     0     0 5657 5858  0  0 100 0  0  0
 0  0      0 120018844 1600 137115752 0   0     0     0 4022 3240  0  0 100 0  0  0
 0  0      0 120018668 1600 137115752 0   0     0    32 4587 3677  0  0 100 0  0  0
 1  0      0 120020368 1600 137115752 0   0     0     0 4571 3603  0  0 100 0  0  0
 0  0      0 120015344 1600 137115752 0   0     0     0 7425 2805  0  0 100 0  0  0
 0  0      0 120018448 1600 137115752 0   0     0     0 4974 4765  0  0 100 0  0  0
 0  0      0 120023860 1600 137115788 0   0     0     0 3860 2766  0  0 100 0  0  0
 0  0      0 120025204 1600 137115788 0   0     0     0 4390 2687  0  0 100 0  0  0
 0  0      0 120026264 1600 137115788 0   0     0     0 5815 3066  0  0 100 0  0  0
 0  0      0 120028196 1600 137115788 0   0     0     0 4455 2980  0  0 100 0  0  0
 0  0      0 120030604 1600 137115792 0   0     0     0 7681 10526 0  0 100 0  0  0
 0  0      0 120031672 1600 137115788 0   0     0     4 5958 3703  0  0 100 0  0  0
 1  0      0 120033508 1600 137115788 0   0     0     0 6229 3762  0  0 100 0  0  0
 2  0      0 120028540 1600 137115788 0   0     0     0 4877 3326  0  0 100 0  0  0
 0  0      0 120029108 1600 137115788 0   0     0     0 5140 2702  0  0 100 0  0  0
 0  0      0 120029276 1600 137115788 0   0     0     0 5262 4840  0  0 100 0  0  0
 0  0      0 120032160 1600 137115788 0   0     0     0 4513 2763  0  0 100 0  0  0
 1  0      0 120033848 1600 137115788 0   0     0     0 3422 2056  0  0 100 0  0  0
 0  0      0 120039080 1600 137115788 0   0     0     0 5286 3277  0  0 100 0  0  0
procs -----------memory---------- ---swap-- -----io---- -system-- -------cpu-------
 r  b   swpd   free   buff  cache   si   so    bi    bo   in   cs us sy id wa st gu
 0  0      0 120039592 1600 137115788 0   0     0     0 4746 3467  0  0 100 0  0  0
 0  0      0 120045740 1600 137115796 0   0     0     0 8693 5809  0  0 100 0  0  0
 0  0      0 120043956 1600 137115788 0   0     0     0 7685 3081  0  0 100 0  0  0
 2  0      0 120044388 1600 137115788 0   0     0     0 6987 3699  0  0 100 0  0  0
 1  0      0 120037816 1600 137115788 0   0     0     0 7844 3552  0  0 100 0  0  0
 0  0      0 120035908 1600 137115788 0   0     0     4 6436 2579  0  0 100 0  0  0
 0  0      0 120037936 1600 137115788 0   0     0     0 7319 8673  0  0 100 0  0  0
 0  0      0 120035644 1600 137115788 0   0     0     0 5600 2263  0  0 100 0  0  0
 0  0      0 120038080 1600 137115788 0   0     0     0 7210 2895  0  0 100 0  0  0
 0  0      0 120039684 1600 137115788 0   0     0     0 6251 2704  0  0 100 0  0  0
 1  0      0 120037676 1600 137115788 0   0     0    40 6015 2740  0  0 100 0  0  0
 0  0      0 120032388 1600 137115788 0   0     0     0 6900 5489  0  0 100 0  0  0
 0  0      0 120031012 1600 137115796 0   0     0    12 7488 3452  0  0 100 0  0  0
 0  0      0 120036596 1600 137115796 0   0     0    16 6352 3849  0  0 100 0  0  0
 1  0      0 120033632 1600 137115796 0   0     0     0 6300 3882  0  0 100 0  0  0
 1  0      0 120031600 1600 137115796 0   0     0     0 5725 2630  0  0 100 0  0  0
 0  0      0 120034732 1600 137115796 0   0     0     4 7175 5365  0  0 100 0  0  0
 1  0      0 120032572 1600 137115796 0   0     0     0 5535 2103  0  0 100 0  0  0
 0  0      0 120034464 1600 137115796 0   0     0     0 5701 2192  0  0 100 0  0  0
 0  0      0 120035012 1600 137115796 0   0     0     0 6477 2379  0  0 100 0  0  0
 0  0      0 120038092 1600 137115800 0   0     0     0 7393 3346  0  0 100 0  0  0
procs -----------memory---------- ---swap-- -----io---- -system-- -------cpu-------
 r  b   swpd   free   buff  cache   si   so    bi    bo   in   cs us sy id wa st gu
 1  0      0 120029104 1600 137115792 0   0     0     0 10250 10837 0 0 100 0  0  0
 1  0      0 120027388 1600 137115800 0   0     0     0 6571 3395  0  0 100 0  0  0
 0  0      0 120028908 1600 137115800 0   0     0     0 5228 3875  0  0 100 0  0  0
 1  0      0 120014672 1600 137115800 0   0     0     0 5087 3745  0  0 100 0  0  0
 0  0      0 120016156 1600 137115800 0   0     0     0 4298 2583  0  0 100 0  0  0
 0  0      0 120017392 1600 137115800 0   0     0     0 5678 4158  0  0 100 0  0  0
 1  0      0 120022104 1600 137115800 0   0     0     0 6248 2871  0  0 100 0  0  0
 0  0      0 120019928 1600 137115800 0   0     0     0 5830 2565  0  0 100 0  0  0
 0  0      0 120022364 1600 137115800 0   0     0     4 6305 2905  0  0 100 0  0  0
 0  0      0 120021688 1600 137115800 0   0     0     0 5564 2455  0  0 100 0  0  0
 0  0      0 120027604 1600 137115796 0   0     0     0 8444 5901  0  0 100 0  0  0
 0  0      0 120027564 1600 137115800 0   0     0     0 7183 3616  0  0 100 0  0  0
 1  0      0 119960188 1600 137115804 0   0     0     0 7584 3792  1  0 99  0  0  0
 1  0      0 119989152 1600 137115800 0   0     0     0 8089 3421  0  0 100 0  0  0
 0  0      0 119994192 1600 137115800 0   0     0     0 6450 2379  0  0 100 0  0  0
 0  0      0 119995596 1600 137115800 0   0     0     0 7561 8570  0  0 100 0  0  0
 0  0      0 119994372 1600 137115800 0   0     0     0 5030 2231  0  0 100 0  0  0
 1  0      0 119996796 1600 137115800 0   0     0     0 5318 2491  0  0 100 0  0  0
 1  0      0 119996116 1600 137115800 0   0     0     0 5930 2896  0  0 100 0  0  0
 0  0      0 119997284 1600 137115800 0   0     0     0 6396 2933  0  0 99  0  0  0
 0  0      0 120004140 1600 137115792 0   0     0     0 9532 5934  0  0 100 0  0  0
procs -----------memory---------- ---swap-- -----io---- -system-- -------cpu-------
 r  b   swpd   free   buff  cache   si   so    bi    bo   in   cs us sy id wa st gu
 0  0      0 120007060 1600 137115800 0   0     0     0 6974 3280  0  0 100 0  0  0
 0  0      0 120003968 1600 137115800 0   0     0    20 6324 3430  0  0 100 0  0  0
 0  0      0 120005476 1600 137115800 0   0     0     0 7009 3474  0  0 100 0  0  0
 0  0      0 120005864 1600 137115800 0   0     0    20 6222 2706  0  0 100 0  0  0
 1  0      0 120006604 1600 137115800 0   0     0     0 7080 5061  0  0 100 0  0  0
 1  0      0 120004488 1600 137115908 0   0    72     0 6752 3334  0  0 100 0  0  0
 0  0      0 120011072 1600 137115908 0   0     0     0 4906 2780  0  0 100 0  0  0
 0  0      0 120010780 1600 137115908 0   0     0     0 3821 2418  0  0 100 0  0  0
 0  0      0 120004612 1600 137115908 0   0     0     0 3618 3221  0  0 100 0  0  0
 0  0      0 120005836 1600 137115900 0   0     0     0 7260 10935 0  0 100 0  0  0
 0  0      0 120005940 1600 137115908 0   0     0     0 5326 3188  0  0 100 0  0  0
 0  0      0 120011168 1600 137115908 0   0     0     0 4693 3470  1  0 99  0  0  0
 0  0      0 120012460 1600 137115908 0   0     0     0 5333 3730  0  0 100 0  0  0
 0  0      0 120013712 1600 137115908 0   0     0     4 4474 2364  0  0 100 0  0  0
 0  0      0 120020684 1600 137115908 0   0     0     0 5115 4495  0  0 100 0  0  0
 1  0      0 120023616 1600 137115908 0   0     0     0 4513 2496  0  0 100 0  0  0
 0  0      0 120022516 1600 137115908 0   0     0     0 4373 2622  0  0 100 0  0  0
 1  0      0 120024864 1600 137115908 0   0     0     0 4390 2597  0  0 100 0  0  0
 0  0      0 120026600 1600 137115908 0   0     0     0 4390 2805  0  0 99  0  0  0
 0  0      0 120018920 1600 137115908 0   0     0     0 5380 5826  0  0 100 0  0  0
 1  0      0 120023512 1600 137115912 0   0     0     0 5560 2971  0  0 100 0  0  0
procs -----------memory---------- ---swap-- -----io---- -system-- -------cpu-------
 r  b   swpd   free   buff  cache   si   so    bi    bo   in   cs us sy id wa st gu
 0  0      0 120023048 1600 137115908 0   0     0     0 6160 3183  0  0 100 0  0  0
 1  0      0 120018540 1600 137115908 0   0     0     0 6585 3448  0  0 100 0  0  0
 1  0      0 120026560 1600 137115908 0   0     0     0 6113 2283  0  0 100 0  0  0
 0  0      0 120030088 1600 137115908 0   0     0     4 7432 8389  0  0 100 0  0  0
 0  0      0 120029992 1600 137115908 0   0     0     0 6897 2621  0  0 100 0  0  0
 1  0      0 120030604 1600 137115908 0   0     0     0 7763 2518  0  0 100 0  0  0
 0  0      0 120032444 1600 137115908 0   0     0     0 5222 2645  0  0 100 0  0  0
 0  0      0 120033088 1600 137115908 0   0     0     0 7555 2410  0  0 100 0  0  0
 0  0      0 120024580 1600 137115908 0   0     0     0 8722 5823  0  0 100 0  0  0
 1  0      0 120025164 1600 137115940 0   0     0     0 8071 3214  0  0 100 0  0  0
 0  0      0 120024828 1600 137115940 0   0     0     0 6579 3466  0  0 100 0  0  0
 0  0      0 120019712 1600 137115940 0   0     0    16 6489 3775  0  0 100 0  0  0
 0  0      0 120020732 1600 137115940 0   0     0     0 6144 2312  0  0 100 0  0  0
 0  0      0 120023884 1600 137115940 0   0     0     0 6448 5566  0  0 100 0  0  0
 1  0      0 120024024 1600 137115940 0   0     0    52 4541 2442  0  0 100 0  0  0
 0  0      0 120024540 1600 137115940 0   0     0     0 3020 2566  0  0 100 0  0  0
 0  0      0 120026072 1600 137115940 0   0     0     4 3228 2464  0  0 100 0  0  0
 0  0      0 120030788 1600 137115940 0   0     0     0 4239 3773  0  0 100 0  0  0
 1  0      0 120023640 1600 137115948 0   0     0     0 5780 9965  0  0 100 0  0  0
 1  0      0 120025112 1600 137115940 0   0     0     0 4409 3756  0  0 100 0  0  0
 0  0      0 120024708 1600 137115940 0   0     0     0 3913 3431  0  0 100 0  0  0
procs -----------memory---------- ---swap-- -----io---- -system-- -------cpu-------
 r  b   swpd   free   buff  cache   si   so    bi    bo   in   cs us sy id wa st gu
 0  0      0 120018256 1600 137115940 0   0     0     0 4866 3925  0  0 100 0  0  0
 1  0      0 120017736 1600 137115944 0   0     0     0 3650 2832  0  0 100 0  0  0
 0  0      0 120021632 1600 137115944 0   0     0     0 3906 4173  0  0 100 0  0  0
 0  0      0 120018440 1600 137115944 0   0     0     0 2735 2450  0  0 100 0  0  0
 0  0      0 120021296 1600 137115944 0   0     0     0 3799 2544  0  0 100 0  0  0
 0  0      0 120020352 1600 137115944 0   0     0     0 3203 2649  0  0 100 0  0  0
 0  0      0 120015856 1600 137115944 0   0     0     0 3978 2467  1  0 99  0  0  0
 1  0      0 120018976 1600 137115944 0   0     0     0 5694 5770  1  0 99  0  0  0
 2  0      0 120015004 1600 137115944 0   0     0     0 4531 4735  0  0 99  0  0  0
 1  0      0 120015072 1600 137115944 0   0     0     0 3001 2705  1  0 99  0  0  0
 0  0      0 120008972 1600 137115944 0   0     0     0 3917 3371  0  0 99  0  0  0
 1  0      0 120009108 1600 137115944 0   0     0    20 2615 2099  0  0 100 0  0  0
 1  0      0 120009400 1600 137115944 0   0     0     0 5116 8939  1  0 99  0  0  0
 1  0      0 120017948 1600 137115944 0   0     0     0 6065 3672  1  0 99  0  0  0
 1  0      0 120017460 1600 137115944 0   0     0     0 5206 2486  0  0 99  0  0  0
 1  0      0 120023684 1600 137115944 0   0     0     0 7689 2886  1  0 99  0  0  0
 1  0      0 120027788 1600 137115944 0   0     0     4 5753 3339  1  0 99  0  0  0
 0  0      0 120024628 1600 137115952 0   0     0     0 8844 5591  1  0 99  0  0  0
 0  0      0 120027184 1600 137115944 0   0     0     0 6410 3907  1  0 99  0  0  0
 1  0      0 120016372 1600 137115944 0   0     0     0 6092 2263  1  0 99  0  0  0
 1  0      0 120017548 1600 137115944 0   0     0    44 8218 3648  1  0 99  0  0  0
procs -----------memory---------- ---swap-- -----io---- -system-- -------cpu-------
 r  b   swpd   free   buff  cache   si   so    bi    bo   in   cs us sy id wa st gu
 2  0      0 120023576 1600 137115944 0   0     0     0 5104 2666  0  0 100 0  0  0
 1  0      0 120024176 1600 137115944 0   0     0     0 6603 4746  1  0 99  0  0  0
 1  0      0 120023424 1600 137115944 0   0     0     0 5392 3058  0  0 99  0  0  0
 1  0      0 120026204 1600 137115980 0   0     0     4 6854 2747  1  0 99  0  0  0
 1  0      0 120025608 1600 137115980 0   0     0     0 6836 2603  1  0 99  0  0  0
 1  0      0 120024368 1600 137115980 0   0     0    56 6258 3036  1  0 99  0  0  0
 1  0      0 120025776 1600 137115980 0   0     0     0 9951 10414 1  0 99  0  0  0
 1  0      0 120026356 1600 137116004 0   0     0     0 4776 4726  0  0 99  0  0  0
 1  0      0 120027400 1600 137116004 0   0     0     0 4209 2294  1  0 99  0  0  0
 0  0      0 120022788 1600 137116004 0   0     0     0 4528 3412  1  0 99  0  0  0
 1  0      0 120028128 1600 137116004 0   0     0     4 3477 2844  0  0 100 0  0  0
 1  0      0 120029648 1600 137116004 0   0     0     0 4679 4506  1  0 99  0  0  0
 0  0      0 120029248 1600 137116004 0   0     0     0 3658 2369  0  0 99  0  0  0
 0  0      0 120027628 1600 137116004 0   0     0     0 3144 2176  1  0 99  0  0  0
 1  0      0 120030268 1600 137116004 0   0     0     0 4408 2859  1  0 99  0  0  0
 1  0      0 120029012 1600 137116004 0   0     0     4 4038 3647  1  0 99  0  0  0
 1  0      0 120031120 1600 137116004 0   0     0     0 6304 5658  1  0 99  0  0  0
 1  0      0 120033260 1600 137116004 0   0     0     0 3936 4412  0  0 100 0  0  0
 0  0      0 120031788 1600 137116004 0   0     0     0 2479 2314  0  0 100 0  0  0
 1  0      0 120028548 1600 137116004 0   0     0     0 4957 3772  1  0 99  0  0  0
 1  0      0 120033404 1600 137116004 0   0     0    20 3772 2439  1  0 99  0  0  0
procs -----------memory---------- ---swap-- -----io---- -system-- -------cpu-------
 r  b   swpd   free   buff  cache   si   so    bi    bo   in   cs us sy id wa st gu
 0  0      0 120032080 1600 137116004 0   0     0     0 4421 8485  0  0 100 0  0  0
 1  0      0 120033408 1600 137116004 0   0     0     0 3334 2583  0  0 99  0  0  0
 1  0      0 120034304 1600 137116004 0   0     0     0 3802 2636  1  0 99  0  0  0
 1  0      0 120028488 1600 137116008 0   0     0     0 4491 3296  0  0 100 0  0  0
 1  0      0 120028436 1600 137116008 0   0     0     0 4344 2408  1  0 99  0  0  0
 1  0      0 120020720 1600 137116008 0   0     0     4 7273 6488  0  0 99  0  0  0
 1  0      0 120031496 1600 137116008 0   0     0     0 6199 4361  1  0 99  0  0  0
 0  0      0 120031852 1600 137116008 0   0     0     0 5520 2322  1  0 99  0  0  0
 1  0      0 120002276 1600 137116008 0   0     0    16 5053 3607  1  0 99  0  0  0
 1  0      0 120022896 1600 137116008 0   0     0     0 6196 2548  1  0 99  0  0  0
 1  0      0 120021832 1600 137116008 0   0     0     4 5342 4958  0  0 99  0  0  0
 1  0      0 120023076 1600 137116008 0   0     0     0 5340 2317  1  0 99  0  0  0
 1  0      0 120023280 1600 137116008 0   0     0     0 4944 2496  1  0 99  0  0  0
 3  0      0 120023176 1600 137116008 0   0     0     0 4744 2705  1  0 99  0  0  0
 0  0      0 120024448 1600 137116008 0   0     0    20 6115 3512  1  0 99  0  0  0
 1  0      0 120035848 1600 137116012 0   0     0     0 9470 13982 1  0 99  0  0  0
 0  0      0 120034148 1600 137116008 0   0     0    16 6645 6904  1  0 99  0  0  0
 1  0      0 120033868 1600 137116008 0   0     0     4 5001 2741  1  0 99  0  0  0
 1  0      0 120030396 1600 137116008 0   0     0     0 5360 3657  1  0 99  0  0  0
 1  0      0 120031756 1600 137116016 0   0     0     8 3449 3144  0  0 100 0  0  0
 1  0      0 120032140 1600 137116016 0   0     0     0 5029 4450  1  0 99  0  0  0
procs -----------memory---------- ---swap-- -----io---- -system-- -------cpu-------
 r  b   swpd   free   buff  cache   si   so    bi    bo   in   cs us sy id wa st gu
 2  0      0 120035672 1600 137116076 0   0    60     0 3561 2618  0  0 99  0  0  0
 1  0      0 120039792 1600 137116076 0   0     0     0 4176 2699  1  0 99  0  0  0
 1  0      0 120039512 1600 137116076 0   0     0     0 3979 2237  1  0 99  0  0  0
 1  0      0 120042576 1600 137116076 0   0     0     4 3811 2229  0  0 100 0  0  0
 1  0      0 120039424 1600 137116080 0   0     0     0 6233 6008  1  0 99  0  0  0
 1  0      0 120038024 1600 137116076 0   0     0     0 5126 5415  0  0 99  0  0  0
 1  0      0 120038744 1600 137116076 0   0     0     0 4410 2772  1  0 99  0  0  0
 1  0      0 120034448 1600 137116076 0   0     0     0 3867 3079  1  0 99  0  0  0
 1  0      0 120034396 1600 137116076 0   0     0     0 5147 2323  1  0 99  0  0  0
 1  0      0 120037972 1600 137116076 0   0     0     0 5916 9178  1  0 99  0  0  0
 1  0      0 120031820 1600 137116076 0   0     0     0 4009 2395  1  0 99  0  0  0
 0  0      0 120037196 1600 137116076 0   0     0     0 4475 2587  1  0 99  0  0  0
 1  0      0 120033380 1600 137116076 0   0     0     0 4057 2726  1  0 99  0  0  0
 1  0      0 120040476 1600 137116076 0   0     0     0 4997 3037  1  0 99  0  0  0
 1  0      0 120049788 1600 137116072 0   0     0     0 5625 5858  0  0 99  0  0  0
 1  0      0 120048636 1600 137116076 0   0     0     0 5507 4331  1  0 99  0  0  0
 1  0      0 120049216 1600 137116076 0   0     0     0 3617 2377  1  0 99  0  0  0
 0  0      0 120046096 1600 137116076 0   0     0    32 5047 3784  1  0 99  0  0  0
 0  0      0 120050064 1600 137116076 0   0     0     0 4390 2681  1  0 99  0  0  0
 1  0      0 120054184 1600 137116076 0   0     0     0 4607 4949  1  0 99  0  0  0
 1  0      0 120052968 1600 137116076 0   0     0     0 5364 3739  1  0 99  0  0  0
procs -----------memory---------- ---swap-- -----io---- -system-- -------cpu-------
 r  b   swpd   free   buff  cache   si   so    bi    bo   in   cs us sy id wa st gu
 1  0      0 120056880 1600 137116112 0   0     0     0 3836 3018  0  0 100 0  0  0
 1  0      0 120055088 1600 137116112 0   0     0     0 4179 2533  1  0 99  0  0  0
 1  0      0 120041636 1600 137116112 0   0     0   776 4188 3004  0  0 99  0  0  0
 1  0      0 120033148 1600 137116112 0   0     0     0 7594 11388 1  0 99  0  0  0
 0  0      0 120025568 1600 137116112 0   0     0     0 5061 4817  0  0 99  0  0  0
 1  0      0 120027860 1600 137116112 0   0     0     0 4720 2338  1  0 99  0  0  0
 1  0      0 120024120 1600 137116112 0   0     0     0 5898 3067  1  0 99  0  0  0
 0  0      0 120026580 1600 137116112 0   0     0    16 4179 2447  0  0 100 0  0  0
 1  0      0 120007676 1600 137132488 0   0     0 16384 8814 7541  1  0 99  0  0  0
 1  0      0 120007512 1600 137132488 0   0     0     0 5446 3036  1  0 99  0  0  0
 1  0      0 120007356 1600 137132488 0   0     0     0 4108 2364  0  0 100 0  0  0
 1  0      0 120007588 1600 137132488 0   0     0     0 6522 2840  1  0 99  0  0  0
 0  0      0 120009728 1600 137132488 0   0     0    40 4770 2648  0  0 100 0  0  0
 1  0      0 120015096 1600 137132496 0   0     0     0 6430 5464  0  0 99  0  0  0
 1  0      0 120017256 1600 137132488 0   0     0     4 7085 4748  1  0 99  0  0  0
 1  0      0 120014228 1600 137132488 0   0     0     0 4205 2326  0  0 100 0  0  0
 0  0      0 120004460 1600 137132488 0   0     0     0 5922 3506  1  0 99  0  0  0
 1  0      0 120015416 1600 137132488 0   0     0     0 7041 2329  1  0 99  0  0  0
 1  0      0 120013664 1600 137132488 0   0     0     0 6284 8714  0  0 100 0  0  0
 1  0      0 120013256 1600 137132488 0   0     0     0 4944 2461  1  0 99  0  0  0
 1  0      0 120013284 1600 137132488 0   0     0     0 6442 2845  0  0 99  0  0  0
procs -----------memory---------- ---swap-- -----io---- -system-- -------cpu-------
 r  b   swpd   free   buff  cache   si   so    bi    bo   in   cs us sy id wa st gu
 1  0      0 120027936 1600 137132488 0   0     0    48 4891 3401  1  0 99  0  0  0
 1  0      0 120030264 1600 137132488 0   0     0     0 4243 2323  1  0 99  0  0  0
 1  0      0 120012032 1600 137132484 0   0     0     0 6022 6352  1  0 99  0  0  0
 1  0      0 120012108 1600 137132488 0   0     0     0 4894 4398  1  0 99  0  0  0
 1  0      0 120013680 1600 137132488 0   0     0     0 3197 2308  0  0 100 0  0  0
 0  0      0 120002644 1600 137132488 0   0     0    20 4675 3545  1  0 99  0  0  0
 0  0      0 120000948 1600 137132488 0   0     0     0 4671 2708  1  0 99  0  0  0
 1  0      0 119987744 1600 137132488 0   0     0     0 4438 5103  1  0 99  0  0  0
 1  0      0 119995664 1600 137132488 0   0     0     0 4326 2549  1  0 99  0  0  0
 1  0      0 119999320 1600 137132488 0   0     0     0 4001 2517  1  0 99  0  0  0
 1  0      0 119998860 1600 137132488 0   0     0     0 4351 2750  1  0 99  0  0  0
 1  0      0 120000124 1600 137132488 0   0     0     0 4359 3360  0  0 99  0  0  0
 0  0      0 120003256 1600 137132488 0   0     0     0 6289 11122 0  0 100 0  0  0
 1  0      0 120001440 1600 137132488 0   0     0     0 5030 4644  1  0 99  0  0  0
 1  0      0 120001996 1600 137132488 0   0     0     0 3468 2524  0  0 99  0  0  0
 1  0      0 119997324 1600 137132488 0   0     0     0 5500 4118  1  0 99  0  0  0
 0  0      0 119999160 1600 137132492 0   0     0     0 4569 2719  1  0 99  0  0  0
 1  0      0 119999884 1600 137132492 0   0     0     4 5288 4408  1  0 99  0  0  0
 1  0      0 120002320 1600 137132492 0   0     0    12 5532 2277  1  0 99  0  0  0
 1  0      0 120004264 1600 137132492 0   0     0     0 4855 2524  1  0 99  0  0  0
 1  0      0 120004480 1600 137132492 0   0     0     0 5256 2628  1  0 99  0  0  0
procs -----------memory---------- ---swap-- -----io---- -system-- -------cpu-------
 r  b   swpd   free   buff  cache   si   so    bi    bo   in   cs us sy id wa st gu
 0  0      0 120004948 1600 137132492 0   0     0     0 4506 2721  0  0 99  0  0  0
 1  0      0 120008172 1600 137132500 0   0     0     0 8184 5824  1  0 99  0  0  0
 1  0      0 120011800 1600 137132492 0   0     0     0 6189 5073  1  0 99  0  0  0
 1  0      0 120013216 1600 137132492 0   0     0     0 5379 2515  1  0 99  0  0  0
 1  0      0 120005160 1600 137132492 0   0     0     4 6293 3370  1  0 99  0  0  0
 1  0      0 120008816 1600 137132492 0   0     0     8 4166 2266  0  0 99  0  0  0
 1  0      0 120009072 1600 137132492 0   0     0     0 7793 8742  1  0 99  0  0  0
 1  0      0 120009544 1600 137132492 0   0     0     0 4546 2967  0  0 100 0  0  0
 1  0      0 120009360 1600 137132492 0   0     0     0 5537 2725  1  0 99  0  0  0
 0  0      0 120008960 1600 137132492 0   0     0     1 3874 2711  0  0 99  0  0  0
 1  0      0 120011560 1600 137132492 0   0     0     0 4146 2861  1  0 99  0  0  0
 1  0      0 120005836 1600 137132528 0   0     0     0 6542 6063  1  0 99  0  0  0
 1  0      0 120007388 1600 137132516 0   0     0     0 3845 4213  0  0 99  0  0  0
 1  0      0 120007752 1600 137132516 0   0     0     0 4058 2619  1  0 99  0  0  0
 1  0      0 120005304 1600 137132516 0   0     0    92 4440 3574  0  0 99  0  0  0
 1  0      0 120005800 1600 137132516 0   0     0     0 3957 3135  1  0 99  0  0  0
 0  0      0 120012240 1600 137132516 0   0     0     0 4700 5012  1  0 99  0  0  0
 1  0      0 120011244 1600 137132552 0   0     0     0 3969 2944  1  0 99  0  0  0
 0  0      0 120012976 1600 137132552 0   0     0     0 4598 3098  1  0 99  0  0  0
 1  0      0 120010024 1600 137132552 0   0     0     0 3947 2617  0  0 99  0  0  0
 1  0      0 120009604 1600 137132552 0   0     0     4 4580 2875  1  0 99  0  0  0
procs -----------memory---------- ---swap-- -----io---- -system-- -------cpu-------
 r  b   swpd   free   buff  cache   si   so    bi    bo   in   cs us sy id wa st gu
 1  0      0 119999740 1600 137132552 0   0     0     0 6871 10722 1  0 99  0  0  0
 1  0      0 119997384 1600 137132552 0   0     0     0 5736 4727  1  0 99  0  0  0
 0  0      0 119998216 1600 137132552 0   0     0     0 4381 2939  1  0 99  0  0  0
 1  0      0 119994308 1600 137132552 0   0     0     0 5370 3517  1  0 99  0  0  0
 1  0      0 119996896 1600 137132552 0   0     0     0 6388 2842  1  0 99  0  0  0
 1  0      0 119998984 1600 137132552 0   0     0     0 5067 4841  0  0 100 0  0  0
 1  0      0 120000616 1600 137132552 0   0     0     0 6302 2529  1  0 99  0  0  0
 1  0      0 119999240 1600 137132552 0   0     0     0 5205 2578  1  0 99  0  0  0
 0  0      0 120000268 1600 137132552 0   0     0     0 5556 2516  1  0 99  0  0  0
 0  0      0 120001800 1600 137132552 0   0     0    12 5792 2912  1  0 99  0  0  0
 1  0      0 119998868 1600 137132552 0   0     0     0 6831 5905  0  0 99  0  0  0
 1  0      0 119998028 1600 137132552 0   0     0     0 7872 4046  1  0 99  0  0  0
 1  0      0 119996336 1600 137132552 0   0     0     0 5340 2308  0  0 99  0  0  0
 1  0      0 119994340 1600 137132552 0   0     0     0 6798 3456  1  0 99  0  0  0
 1  0      0 119996924 1600 137132552 0   0     0     4 6098 3129  1  0 99  0  0  0
 1  0      0 120000084 1600 137132552 0   0     0     0 6549 8185  1  0 99  0  0  0
 0  0      0 120000288 1600 137132552 0   0     0     0 4867 2717  1  0 99  0  0  0
 1  0      0 120005704 1600 137132552 0   0     0     0 5998 3056  1  0 99  0  0  0
 0  0      0 120005500 1600 137132552 0   0     0     0 6596 2697  1  0 99  0  0  0
 1  0      0 120005840 1600 137132552 0   0     0    42 5135 3102  1  0 99  0  0  0
 1  0      0 120005628 1600 137132548 0   0     0     0 8587 6240  1  0 99  0  0  0
procs -----------memory---------- ---swap-- -----io---- -system-- -------cpu-------
 r  b   swpd   free   buff  cache   si   so    bi    bo   in   cs us sy id wa st gu
 1  0      0 119998280 1600 137132552 0   0     0     0 5280 4533  1  0 99  0  0  0
 1  0      0 119998660 1600 137132552 0   0     0     0 4771 2301  1  0 99  0  0  0
 0  0      0 119989672 1600 137132552 0   0     0    32 6132 3883  1  0 99  0  0  0
 1  0      0 119986016 1600 137132552 0   0     0     0 6269 2592  1  0 99  0  0  0
 1  0      0 119994412 1600 137132552 0   0     0     0 4641 5268  0  0 99  0  0  0
 0  0      0 119996088 1600 137132552 0   0     0     0 4973 2275  1  0 99  0  0  0
 0  0      0 119999868 1600 137132552 0   0     0     0 5858 2617  1  0 99  0  0  0
 1  0      0 120001160 1600 137132552 0   0     0     0 4339 2978  1  0 99  0  0  0
 1  0      0 120002948 1600 137132552 0   0     0     0 6325 3096  1  0 99  0  0  0
 1  0      0 120003748 1600 137132560 0   0     0     0 6503 10583 1  0 99  0  0  0
 1  0      0 120004280 1600 137132544 0   0     0     0 7534 4697  1  0 99  0  0  0
 1  0      0 120003740 1600 137132544 0   0     0     0 5615 2538  1  0 99  0  0  0
 1  0      0 119996740 1600 137132544 0   0     0     0 9342 3953  1  0 99  0  0  0
 1  0      0 120005240 1600 137132548 0   0     0     0 6231 2465  0  0 99  0  0  0
 1  0      0 120005784 1600 137132548 0   0     0     0 8991 4292  1  0 99  0  0  0
 0  0      0 120007740 1600 137132548 0   0     0     0 7763 2799  1  0 99  0  0  0
 1  0      0 120009704 1600 137132548 0   0     0     0 5626 2762  0  0 99  0  0  0
 1  0      0 120009860 1600 137132548 0   0     0     0 8276 2571  1  0 99  0  0  0
 1  0      0 120009780 1600 137132548 0   0     0     0 5635 2308  0  0 100 0  0  0
 1  0      0 120009004 1600 137132556 0   0     0     0 9111 5932  1  0 99  0  0  0
 1  0      0 120011408 1600 137132548 0   0     0    12 6921 5083  1  0 99  0  0  0
procs -----------memory---------- ---swap-- -----io---- -system-- -------cpu-------
 r  b   swpd   free   buff  cache   si   so    bi    bo   in   cs us sy id wa st gu
 1  0      0 120010440 1600 137132548 0   0     0     0 6005 2653  1  0 99  0  0  0
 0  0      0 120003328 1600 137132548 0   0     0     0 5473 3049  1  0 99  0  0  0
 1  0      0 119999048 1600 137132548 0   0     0     4 5262 2489  1  0 99  0  0  0
 1  0      0 120011096 1600 137132548 0   0     0     0 6885 9273  1  0 99  0  0  0
 1  0      0 119993452 1600 137132548 0   0     0     0 5237 2289  0  0 100 0  0  0
 1  0      0 119995800 1600 137132548 0   0     0     0 5344 2481  1  0 99  0  0  0
 0  0      0 120009772 1600 137132548 0   0     0     0 7821 3100  1  0 99  0  0  0
 1  0      0 119999608 1600 137132548 0   0     0     0 5656 2773  0  0 99  0  0  0
 1  0      0 119992332 1600 137132552 0   0     0     0 8352 5765  1  0 99  0  0  0
 0  0      0 119992776 1600 137132548 0   0     0     0 5846 4269  0  0 99  0  0  0
 1  0      0 119998284 1600 137132548 0   0     0     0 6798 2414  1  0 99  0  0  0
 0  0      0 119993456 1600 137132548 0   0     0    32 7748 3862  1  0 99  0  0  0
 1  0      0 119993124 1600 137132548 0   0     0     8 6194 2760  1  0 99  0  0  0
 1  0      0 119994496 1600 137132548 0   0     0     0 7926 4832  1  0 99  0  0  0
 0  0      0 119993708 1600 137132548 0   0     0     0 4895 3076  0  0 100 0  0  0
 1  0      0 119997908 1600 137132584 0   0     0     0 5629 2712  0  0 99  0  0  0
 0  0      0 120003180 1600 137132584 0   0     0     0 6632 2809  1  0 99  0  0  0
 0  0      0 120003392 1600 137132584 0   0     0     0 5723 3186  1  0 99  0  0  0
 1  0      0 120009596 1600 137132584 0   0     0     0 9603 11173 1  0 99  0  0  0
 1  0      0 120011344 1600 137132584 0   0     0     0 5880 4888  0  0 99  0  0  0
 1  0      0 120012000 1600 137132584 0   0     0     0 4536 2569  1  0 99  0  0  0
procs -----------memory---------- ---swap-- -----io---- -system-- -------cpu-------
 r  b   swpd   free   buff  cache   si   so    bi    bo   in   cs us sy id wa st gu
 0  0      0 120009704 1600 137132584 0   0     0     0 5842 3292  1  0 99  0  0  0
 0  0      0 119999316 1600 137132584 0   0     0     0 4561 2572  0  0 99  0  0  0
 1  0      0 120001452 1600 137132584 0   0     0     0 6729 5236  1  0 99  0  0  0
 1  0      0 120002296 1600 137132584 0   0     0     0 4392 3074  0  0 100 0  0  0
 1  0      0 120003640 1600 137132584 0   0     0     0 4443 2663  1  0 99  0  0  0
 0  0      0 120004188 1600 137132584 0   0     0     0 3354 2810  0  0 99  0  0  0
 1  0      0 120007324 1600 137132584 0   0     0     0 3379 2513  1  0 99  0  0  0
 1  0      0 119998392 1600 137132584 0   0     0     0 5373 5511  1  0 99  0  0  0
 1  0      0 120003032 1600 137132584 0   0     0     0 5690 4265  1  0 99  0  0  0
 1  0      0 120003084 1600 137132584 0   0     0     0 5351 2198  1  0 99  0  0  0
 1  0      0 119998516 1600 137132584 0   0     0    12 3932 3490  0  0 100 0  0  0
 1  0      0 119998728 1600 137132584 0   0     0     0 3076 2100  1  0 99  0  0  0
 0  0      0 119999868 1600 137132584 0   0     0     0 4755 8536  1  0 99  0  0  0
 1  0      0 119995248 1600 137132584 0   0     0     4 4033 2562  0  0 99  0  0  0
 1  0      0 119998924 1600 137132584 0   0     0     0 8053 3254  1  0 99  0  0  0
 1  0      0 120008648 1600 137132584 0   0     0     0 5222 2818  1  0 99  0  0  0
 1  0      0 120011320 1600 137132584 0   0     0     0 6305 2405  1  0 99  0  0  0
 1  0      0 119999708 1600 137132584 0   0     0     0 7045 5805  1  0 99  0  0  0
 1  0      0 119999264 1600 137132584 0   0     0     0 6099 4553  1  0 99  0  0  0
 1  0      0 120001980 1600 137132584 0   0     0     0 4844 2600  0  0 99  0  0  0
 1  0      0 120000692 1600 137132584 0   0     0    16 5701 3419  1  0 99  0  0  0
procs -----------memory---------- ---swap-- -----io---- -system-- -------cpu-------
 r  b   swpd   free   buff  cache   si   so    bi    bo   in   cs us sy id wa st gu
 0  0      0 120003244 1600 137132584 0   0     0     0 3877 2474  1  0 99  0  0  0
 1  0      0 120003488 1600 137132584 0   0     0     0 4327 4937  1  0 99  0  0  0
 1  0      0 120004040 1600 137132584 0   0     0    40 3988 2272  1  0 99  0  0  0
 1  0      0 120005256 1600 137132584 0   0     0     0 3760 2429  0  0 100 0  0  0
 1  0      0 120006956 1600 137132584 0   0     0     0 4589 2925  1  0 99  0  0  0
 1  0      0 120008896 1600 137132584 0   0     0     0 5140 3498  0  0 99  0  0  0
 1  0      0 120019440 1600 137132588 0   0     0     0 8220 10371 1  0 99  0  0  0
 1  0      0 120020352 1600 137132584 0   0     0     0 4441 4478  1  0 99  0  0  0
 1  0      0 120021996 1600 137132584 0   0     0     0 3749 2713  0  0 100 0  0  0
 1  0      0 120015124 1600 137132584 0   0     0     0 5727 3930  1  0 99  0  0  0
 1  0      0 120024672 1600 137132588 0   0     0     0 3496 2710  0  0 100 0  0  0
 1  0      0 120021836 1600 137132588 0   0     0     0 4852 4939  1  0 99  0  0  0
 1  0      0 120029988 1600 137132588 0   0     0     0 4141 2728  1  0 99  0  0  0
 1  0      0 120027436 1600 137132588 0   0     0     0 3291 2847  0  0 100 0  0  0
 1  0      0 120027516 1600 137132588 0   0     0     0 4210 2774  1  0 99  0  0  0
 1  0      0 120028208 1600 137132588 0   0     0     0 3824 2421  1  0 99  0  0  0
 1  0      0 120025364 1600 137132596 0   0     0     0 6330 5436  1  0 99  0  0  0
 1  0      0 120024008 1600 137132588 0   0     0     0 4964 4950  1  0 99  0  0  0
 1  0      0 120024356 1600 137132588 0   0     0     0 3459 2490  0  0 100 0  0  0
 1  0      0 120021820 1600 137132588 0   0     0     0 4539 3580  1  0 99  0  0  0
 1  0      0 120020512 1600 137132588 0   0     0     0 3640 2285  1  0 99  0  0  0
procs -----------memory---------- ---swap-- -----io---- -system-- -------cpu-------
 r  b   swpd   free   buff  cache   si   so    bi    bo   in   cs us sy id wa st gu
 1  0      0 120020064 1600 137132588 0   0     0     0 4893 8691  0  0 99  0  0  0
 1  0      0 120019952 1600 137132588 0   0     0    12 5194 3214  1  0 99  0  0  0
 1  0      0 120023708 1600 137132588 0   0     0     0 5336 2355  0  0 99  0  0  0
 0  0      0 120021328 1600 137132588 0   0     0     4 7057 2660  1  0 99  0  0  0
 1  0      0 120023196 1600 137132716 0   0   128     0 7164 2908  1  0 99  0  0  0
 1  0      0 120019324 1600 137132724 0   0     0     0 8112 5756  1  0 99  0  0  0
 1  0      0 120018532 1600 137132716 0   0     0     0 8835 4550  1  0 99  0  0  0
 1  0      0 120021036 1600 137132716 0   0     0     0 5380 2488  0  0 100 0  0  0
 1  0      0 120019716 1600 137132716 0   0     0    16 8705 3526  1  0 99  0  0  0
 1  0      0 120021644 1600 137132716 0   0     0     0 5561 2590  0  0 99  0  0  0
 1  0      0 120023960 1600 137132716 0   0     0     0 7471 4730  1  0 99  0  0  0
 0  0      0 120025092 1600 137132716 0   0     0     0 7309 3035  1  0 99  0  0  0
 1  0      0 120023088 1600 137132752 0   0     0     0 6374 2578  0  0 100 0  0  0
 1  0      0 120023564 1600 137132752 0   0     0     0 7258 2897  0  0 100 0  0  0
 0  0      0 120027372 1600 137132752 0   0     0    44 7071 2961  0  0 100 0  0  0
 0  0      0 120021088 1600 137132752 0   0     0     0 9939 10227 1  0 99  0  0  0
 0  0      0 120019272 1600 137132752 0   0     0     0 7191 4960  0  0 100 0  0  0
 0  0      0 120018048 1600 137132752 0   0     0     0 3800 2484  0  0 100 0  0  0
 0  0      0 120015224 1600 137132752 0   0     0     0 7181 3344  0  0 100 0  0  0
 1  0      0 120014552 1600 137132752 0   0     0     0 6432 2396  0  0 100 0  0  0
 0  0      0 120015996 1600 137132752 0   0     0     0 4906 5262  0  0 100 0  0  0
procs -----------memory---------- ---swap-- -----io---- -system-- -------cpu-------
 r  b   swpd   free   buff  cache   si   so    bi    bo   in   cs us sy id wa st gu
 0  0      0 120015180 1600 137132752 0   0     0     0 4705 2416  0  0 100 0  0  0
 0  0      0 120013192 1600 137132752 0   0     0     0 6399 2216  0  0 100 0  0  0
 1  0      0 120014028 1600 137132752 0   0     0     0 4503 2811  0  0 100 0  0  0
 0  0      0 120016692 1600 137132752 0   0     0     0 3555 3194  0  0 100 0  0  0
 0  0      0 120018332 1600 137132752 0   0     0     0 4569 5730  0  0 100 0  0  0
 0  0      0 120016248 1600 137132752 0   0     0     0 3193 4535  0  0 100 0  0  0
 0  0      0 120017144 1600 137132752 0   0     0     0 2334 2446  0  0 100 0  0  0
 0  0      0 120015980 1600 137132752 0   0     0     0 3476 4182  0  0 100 0  0  0
 0  0      0 120017428 1600 137132752 0   0     0     0 2385 2649  0  0 100 0  0  0
 1  0      0 120018540 1600 137132752 0   0     0     0 3483 8369  0  0 100 0  0  0
 0  0      0 120019852 1600 137132752 0   0     0     0 2311 2570  0  0 100 0  0  0
 0  0      0 120020820 1600 137132752 0   0     0     0 2296 2618  0  0 100 0  0  0
 0  0      0 120021716 1600 137132752 0   0     0    12 2324 2839  0  0 100 0  0  0
 0  0      0 120022148 1600 137132752 0   0     0     0 2771 2926  0  0 99  0  0  0
 0  0      0 120016916 1600 137132748 0   0     0     4 4556 6037  0  0 100 0  0  0
 0  0      0 120015768 1600 137132752 0   0     0     0 2985 4346  0  0 100 0  0  0
 0  0      0 120015932 1600 137132752 0   0     0     0 1955 2271  0  0 100 0  0  0
 0  0      0 120007640 1600 137132752 0   0     0    16 3418 4079  0  0 100 0  0  0
 1  0      0 120008064 1600 137132752 0   0     0     0 2296 2747  0  0 100 0  0  0
 0  0      0 120008968 1600 137132752 0   0     0     0 2623 4975  0  0 100 0  0  0
 1  0      0 120009396 1600 137132752 0   0     0     0 2184 2671  0  0 100 0  0  0
procs -----------memory---------- ---swap-- -----io---- -system-- -------cpu-------
 r  b   swpd   free   buff  cache   si   so    bi    bo   in   cs us sy id wa st gu
 1  0      0 120009792 1600 137132752 0   0     0     0 2181 2563  0  0 100 0  0  0
 0  0      0 120011216 1600 137132752 0   0     0     0 2628 3453  0  0 100 0  0  0
 0  0      0 120012848 1600 137132756 0   0     0     0 2652 3305  0  0 100 0  0  0
 0  0      0 120016892 1600 137132756 0   0     0     0 4935 9740  0  0 100 0  0  0
 0  0      0 120016056 1600 137132756 0   0     0     8 2922 4668  0  0 100 0  0  0
 0  0      0 120017092 1600 137132756 0   0     0     0 2301 2845  0  0 100 0  0  0
 0  0      0 120017788 1600 137132756 0   0     0     0 3145 3631  0  0 100 0  0  0
 0  0      0 120018408 1600 137132756 0   0     0     0 2280 2774  0  0 100 0  0  0
 0  0      0 120019860 1600 137132756 0   0     0     0 2755 5192  0  0 100 0  0  0
 0  0      0 120021096 1600 137132756 0   0     0     0 2434 2751  0  0 100 0  0  0
 0  0      0 120022568 1600 137132756 0   0     0     0 2976 3588  0  0 100 0  0  0
 0  0      0 120023372 1600 137132756 0   0     0     0 2370 3066  0  0 100 0  0  0
 0  0      0 120023132 1600 137132756 0   0     0     0 2017 2435  0  0 100 0  0  0
 0  0      0 120026296 1600 137132760 0   0     0     0 4297 5720  0  0 100 0  0  0
 0  0      0 120027244 1600 137132756 0   0     0     0 3118 4917  0  0 100 0  0  0
 0  0      0 120027516 1600 137132756 0   0     0     0 2176 2716  0  0 100 0  0  0
 0  0      0 120019208 1600 137132756 0   0     0     0 2548 3159  0  0 100 0  0  0
 0  0      0 120024440 1600 137149140 0   0     0 16384 5206 8019  0  0 100 0  0  0
 0  0      0 120007852 1600 137149140 0   0     0     4 5929 11414 1  0 99  0  0  0
 1  0      0 120011468 1600 137149140 0   0     0     0 2113 2386  0  0 100 0  0  0
 0  0      0 120013664 1600 137149140 0   0     0     0 1755 1970  0  0 100 0  0  0
procs -----------memory---------- ---swap-- -----io---- -system-- -------cpu-------
 r  b   swpd   free   buff  cache   si   so    bi    bo   in   cs us sy id wa st gu
 1  0      0 120017660 1600 137149140 0   0     0     0 2384 3071  0  0 100 0  0  0
