procs -----------memory---------- ---swap-- -----io---- -system-- -------cpu-------
 r  b   swpd   free   buff  cache   si   so    bi    bo   in   cs us sy id wa st gu
 0  0      0 118894744 2948 138227992 0   0  1660 57044 5923    0  0  0 99  0  0  0
 0  0      0 118899540 2948 138228000 0   0     0     0 4860 6031  1  0 99  0  0  0
 0  0      0 118897224 2948 138227992 0   0     0    65 4819 6264  0  0 100 0  0  0
 0  0      0 118899360 2948 138228000 0   0     0     4 2974 4777  0  0 100 0  0  0
 0  0      0 118902008 2948 138228000 0   0     0     0 2413 3005  0  0 100 0  0  0
 0  0      0 118900648 2948 138228000 0   0     0     0 2281 2680  0  0 100 0  0  0
 0  0      0 118912596 2948 138228000 0   0     0  3456 2685 3273  0  0 100 0  0  0
 0  0      0 118915476 2948 138228000 0   0     0     0 2860 6506  0  0 100 0  0  0
 0  0      0 118902076 2948 138228044 0   0     0   256 4820 8496  0  0 100 0  0  0
 0  0      0 118849032 2948 138252060 0   0     0   376 7942 12226 0  0 100 0  0  0
 1  0      0 118771596 2948 138330908 0   0     0     0 8313 6857  0  0 100 0  0  0
 0  0      0 118715648 2948 138388340 0   0     0     0 7996 6450  0  0 100 0  0  0
 0  0      0 118650780 2948 138456952 0   0     0     0 8848 8005  0  0 100 0  0  0
 0  0      0 118572004 2948 138537844 0   0     0     0 9216 8189  0  0 100 0  0  0
 0  0      0 118508452 2948 138605428 0   0     0     8 7165 6593  0  0 100 0  0  0
 0  0      0 118435752 2948 138674040 0   0     0     0 6531 6057  0  0 100 0  0  0
 0  0      0 118356184 2948 138755996 0   0     0     0 7625 6366  0  0 100 0  0  0
 0  0      0 118291020 2948 138823580 0   0     0     0 7292 5177  0  0 100 0  0  0
 0  0      0 118213000 2948 138905500 0   0     0     0 7361 6028  0  0 100 0  0  0
 1  0      0 118136716 2948 138984352 0   0     0     0 8720 9680  0  0 100 0  0  0
 0  0      0 118072212 2948 139055008 0   0     0     0 7850 6835  0  0 100 0  0  0
procs -----------memory---------- ---swap-- -----io---- -system-- -------cpu-------
 r  b   swpd   free   buff  cache   si   so    bi    bo   in   cs us sy id wa st gu
 1  0      0 117995444 2948 139135904 0   0     0     0 8050 6734  0  0 100 0  0  0
 1  0      0 117908332 2948 139223992 0   0     0     0 17238 21286 0 0 100 0  0  0
 0  1      0 117842228 2948 139277240 0   0     0 1048576 11144 9836 0 0 100 0 0  0
 0  0      0 117793896 2948 139328440 0   0     0     3 10064 8907 0  0 100 0  0  0
 0  0      0 117735192 2948 139382712 0   0     0     0 8930 8618  0  0 100 0  0  0
 0  0      0 117666260 2948 139453368 0   0     0     0 10491 9571 0  0 100 0  0  0
 0  0      0 117617232 2948 139505592 0   0     0     0 8658 8160  0  0 100 0  0  0
 0  0      0 117552456 2948 139573176 0   0     0  2504 10378 10878 0 0 100 0  0  0
 0  0      0 117476796 2948 139654072 0   0     0     4 8028 9568  0  0 100 0  0  0
 1  0      0 117399568 2948 139733944 0   0     0     0 6052 5807  0  0 100 0  0  0
 0  0      0 117322616 2948 139812792 0   0     0    16 10845 9272 0  0 100 0  0  0
 0  0      0 117243848 2948 139885496 0   0     0  1353 9276 10497 0  0 100 0  0  0
 0  0      0 117177920 2948 139954104 0   0     0    60 8511 8734  0  0 100 0  0  0
 0  0      0 117086428 2948 140049336 0   0     0     0 9706 8761  0  0 100 0  0  0
 3  0      0 117010592 2948 140130232 0   0     0     0 10377 9643 0  0 100 0  0  0
 0  0      0 116957568 2948 140184504 0   0     0   872 5067 4479  0  0 100 0  0  0
 0  0      0 116865096 2948 140279736 0   0     0     0 8127 10070 0  0 100 0  0  0
 0  1      0 116821444 2948 140325816 0   0     0 861184 6797 5405 0  0 100 0  0  0
 0  0      0 116754512 2948 140390328 0   0     0 187394 9043 7465 0  0 100 0  0  0
 0  0      0 116660252 2948 140485560 0   0     0     0 7994 6298  0  0 100 0  0  0
 0  0      0 116620764 2948 140526520 0   0     0     0 6557 5408  0  0 100 0  0  0
procs -----------memory---------- ---swap-- -----io---- -system-- -------cpu-------
 r  b   swpd   free   buff  cache   si   so    bi    bo   in   cs us sy id wa st gu
 0  0      0 116546660 2948 140594108 0   0     0     0 10394 10635 0 0 100 0  0  0
 0  0      0 116476504 2948 140662728 0   0     0     4 7856 8533  0  0 100 0  0  0
 0  0      0 116396124 2948 140743628 0   0     0     4 9043 8123  0  0 100 0  0  0
 0  0      0 116298480 2948 140841932 0   0     0     0 10837 10185 0 0 100 0  0  0
 0  0      0 116234612 2948 140907468 0   0     0     0 8081 7498  0  0 100 0  0  0
 0  0      0 116167548 2948 140975052 0   0     0     0 4862 4271  0  0 100 0  0  0
 0  0      0 116086884 2948 141056972 0   0     0     0 8456 7834  0  0 100 0  0  0
 1  0      0 116002456 2948 141142988 0   0     0     0 9990 11380 0  0 100 0  0  0
 0  0      0 115940948 2948 141206476 0   0     0     0 7779 7213  0  0 100 0  0  0
 0  0      0 115887240 2948 141260748 0   0     0     0 6781 6147  0  0 100 0  0  0
 0  0      0 115831008 2948 141315036 0   0     0     0 12966 17021 0 0 100 0  0  0
 0  0      0 115776300 2948 141374428 0   0     0 1048579 11728 9074 0 0 100 0 0  0
 0  0      0 115700280 2948 141438940 0   0     0   240 12282 11610 0 0 100 0  0  0
 1  0      0 115622620 2948 141511644 0   0     0     0 12801 12636 0 0 100 0  0  0
 0  0      0 115573780 2948 141561820 0   0     0     0 7791 7493  0  0 100 0  0  0
 0  0      0 115507888 2948 141629404 0   0     0     0 7274 6644  0  0 100 0  0  0
 0  0      0 115435532 2948 141703132 0   0     0     0 11835 12597 0 0 100 0  0  0
 0  0      0 115374148 2948 141765596 0   0     0     4 5819 8050  0  0 100 0  0  0
 0  0      0 115309260 2948 141833180 0   0     0     0 6286 5763  0  0 100 0  0  0
 0  0      0 115228152 2948 141915100 0   0     0     0 6976 5639  0  0 100 0  0  0
 0  0      0 115148772 2948 141982688 0   0     0    20 8912 9231  0  0 100 0  0  0
procs -----------memory---------- ---swap-- -----io---- -system-- -------cpu-------
 r  b   swpd   free   buff  cache   si   so    bi    bo   in   cs us sy id wa st gu
 0  0      0 115081436 2948 142050268 0   0     0    12 6986 7126  0  0 100 0  0  0
 1  0      0 115005172 2948 142127068 0   0     0     0 6805 5729  0  0 100 0  0  0
 0  0      0 114950228 2948 142186460 0   0     0     0 4422 3927  0  0 100 0  0  0
 0  0      0 114881480 2948 142255068 0   0     0     0 7260 6708  0  0 100 0  0  0
 0  0      0 114800540 2948 142335964 0   0     0   232 9457 11339 0  0 100 0  0  0
 1  0      0 114724720 2948 142412764 0   0     0     8 7788 7286  0  0 100 0  0  0
 0  0      0 114704748 2948 142433244 0   0     0 1048585 8593 6758 0 0 100 0  0  0
 1  0      0 114633840 2948 142504924 0   0     0     0 8718 8098  0  0 100 0  0  0
 1  0      0 114570784 2948 142568412 0   0     0     0 10404 9789 0  0 100 0  0  0
 0  0      0 114525456 2948 142610396 0   0     0     0 9443 10452 0  0 100 0  0  0
 0  0      0 114457892 2948 142677980 0   0     0     0 11632 12707 0 0 100 0  0  0
 0  0      0 114417456 2948 142718940 0   0     0     4 6538 6318  0  0 100 0  0  0
 0  0      0 114345412 2948 142773216 0   0     0     0 8168 7821  0  0 100 0  0  0
 0  0      0 114279432 2948 142840800 0   0     0  1140 8597 8553  0  0 100 0  0  0
 0  0      0 114211496 2948 142909448 0   0     0     0 8122 7572  0  0 100 0  0  0
 0  0      0 114132564 2948 142990344 0   0     0     0 7400 7162  0  0 100 0  0  0
 1  0      0 114080500 2948 143044616 0   0     0     0 5398 5576  0  0 100 0  0  0
 0  0      0 114011048 2948 143113224 0   0     0     0 7140 8917  1  0 99  0  0  0
 1  0      0 113942836 2948 143183880 0   0     0     4 9174 8268  0  0 100 0  0  0
 0  0      0 113874644 2948 143249412 0   0     0     0 10481 13405 0 0 100 0  0  0
 0  0      0 113792648 2948 143330312 0   0     0     0 7031 7463  0  0 100 0  0  0
procs -----------memory---------- ---swap-- -----io---- -system-- -------cpu-------
 r  b   swpd   free   buff  cache   si   so    bi    bo   in   cs us sy id wa st gu
 1  0      0 113734424 2948 143390728 0   0     0     0 6574 6195  0  0 100 0  0  0
 0  0      0 113661476 2948 143466504 0   0     0     0 7660 6785  0  0 100 0  0  0
 0  0      0 113622128 2948 143504108 0   0   740 1048579 10187 6897 0 0 100 0 0  0
 0  0      0 113548912 2948 143577836 0   0     0     0 6772 6148  0  0 100 0  0  0
 0  0      0 113467888 2948 143659756 0   0     0     0 8127 7521  0  0 100 0  0  0
 0  0      0 113398108 2948 143730412 0   0     0    20 8765 7154  0  0 100 0  0  0
 0  0      0 113364552 2948 143768300 0   0     0     0 7032 9544  0  0 100 0  0  0
 0  0      0 113283736 2948 143850220 0   0     0     4 5543 4977  0  0 100 0  0  0
 1  0      0 113227868 2948 143901424 0   0     0    19 9104 9356  0  0 100 0  0  0
 0  0      0 113173020 2948 143958764 0   0     0     0 7636 8007  0  0 100 0  0  0
 0  0      0 113093476 2948 144039660 0   0     0     0 7300 6563  0  0 100 0  0  0
 0  0      0 113022764 2948 144108268 0   0     0    12 9384 8401  0  0 100 0  0  0
 0  0      0 112956388 2948 144175852 0   0     0     0 6528 5748  0  0 100 0  0  0
 0  0      0 112873552 2948 144257772 0   0     0  1128 8750 11254 0  0 100 0  0  0
 0  0      0 112812304 2948 144320236 0   0     0    20 6799 6267  0  0 100 0  0  0
 0  0      0 112738636 2948 144393964 0   0     0     0 9115 9079  0  0 100 0  0  0
 0  0      0 112685720 2948 144448240 0   0     0     0 5836 7314  0  0 100 0  0  0
 0  0      0 112618732 2948 144515824 0   0     0     0 7829 6125  0  0 99  0  0  0
 0  0      0 112579432 2948 144558832 0   0     0 1048578 11279 8793 0 0 100 0 0  0
 0  0      0 112501580 2948 144639712 0   0     0    44 7614 8546  0  0 100 0  0  0
 0  0      0 112448128 2948 144693984 0   0     0    12 4550 4405  0  0 100 0  0  0
procs -----------memory---------- ---swap-- -----io---- -system-- -------cpu-------
 r  b   swpd   free   buff  cache   si   so    bi    bo   in   cs us sy id wa st gu
 1  0      0 112369060 2948 144772832 0   0     0     0 6768 5848  0  0 100 0  0  0
 0  0      0 112313272 2948 144830176 0   0     0     0 7699 6853  0  0 100 0  0  0
 0  0      0 112218048 2948 144925408 0   0     0     4 8736 6259  0  0 100 0  0  0
 0  0      0 112136132 2948 145007328 0   0     0     0 7735 6586  0  0 100 0  0  0
 0  0      0 112054348 2948 145089248 0   0     0     0 5706 5010  0  0 100 0  0  0
 0  0      0 111986468 2948 145156832 0   0     0     0 6077 8470  0  0 100 0  0  0
 0  0      0 111931648 2948 145211104 0   0     0     0 5230 4275  0  0 100 0  0  0
 0  0      0 111862812 2948 145278680 0   0     0     0 11105 13898 0 0 100 0  0  0
 0  0      0 111781444 2948 145360600 0   0     0     0 8358 7406  0  0 100 0  0  0
 0  0      0 111740792 2948 145401560 0   0     0     0 6138 6491  0  0 100 0  0  0
 0  0      0 111669380 2948 145469144 0   0     0     0 6409 5627  0  0 100 0  0  0
 0  1      0 111570204 2948 145569496 0   0     0 866304 9196 7503 0  0 100 0  0  0
 0  0      0 111529352 2948 145607384 0   0     0 182275 7730 4440 0  0 100 0  0  0
 0  0      0 111476084 2948 145661656 0   0     0     0 5598 5066  0  0 100 0  0  0
 0  0      0 111395676 2948 145742552 0   0     0     0 7156 5220  0  0 100 0  0  0
 0  0      0 111357152 2948 145783512 0   0     0     0 4919 7682  0  0 100 0  0  0
 0  0      0 111330388 2948 145811160 0   0     0     0 3970 3835  0  0 100 0  0  0
 0  0      0 111275676 2948 145865420 0   0     0    24 7166 7749  0  0 100 0  0  0
 0  0      0 111180280 2948 145960664 0   0     0     0 6892 7446  0  0 100 0  0  0
 0  0      0 111115228 2948 146028248 0   0     0     0 6639 5481  0  0 100 0  0  0
 0  0      0 111045592 2948 146096856 0   0     0     0 4765 4332  0  0 100 0  0  0
procs -----------memory---------- ---swap-- -----io---- -system-- -------cpu-------
 r  b   swpd   free   buff  cache   si   so    bi    bo   in   cs us sy id wa st gu
 0  0      0 110979120 2948 146164444 0   0     0     0 5027 4604  0  0 100 0  0  0
 0  0      0 110897408 2948 146246364 0   0     0   108 6865 8742  0  0 100 0  0  0
 0  0      0 110818248 2948 146327260 0   0     0   816 6541 5171  0  0 100 0  0  0
 1  0      0 110744956 2948 146400988 0   0     0     0 5640 4142  1  0 99  0  0  0
 0  0      0 110654088 2948 146491100 0   0     0     0 7502 8246  0  0 100 0  0  0
 0  0      0 110573192 2948 146571996 0   0     0     0 6643 5550  0  0 100 0  0  0
 0  1      0 110517328 2948 146618076 0   0     0 867328 9654 8606 0  0 100 0  0  0
 0  0      0 110466804 2948 146669276 0   0     0 181249 6439 6395 0  0 100 0  0  0
 0  0      0 110399272 2948 146736860 0   0     0     0 5555 5186  0  0 100 0  0  0
 2  0      0 110324960 2948 146805468 0   0     0     8 6600 6079  0  0 100 0  0  0
 0  0      0 110270532 2948 146859740 0   0     0     0 4340 4229  0  0 100 0  0  0
 0  0      0 110203308 2948 146927364 0   0     0     0 5173 4463  0  0 100 0  0  0
 0  0      0 110122676 2948 147009284 0   0     0    48 7826 6592  0  0 100 0  0  0
 1  0      0 110039860 2948 147093252 0   0     0     0 7831 5319  0  0 100 0  0  0
 0  0      0 109961392 2948 147172100 0   0     0     0 7774 9223  0  0 100 0  0  0
 0  0      0 109894172 2948 147240708 0   0     0     0 4467 4096  0  0 100 0  0  0
 0  0      0 109830868 2948 147297028 0   0     0     0 8094 11594 0  0 100 0  0  0
 0  0      0 109753000 2948 147375876 0   0     0     0 7000 6701  0  0 100 0  0  0
 0  0      0 109685732 2948 147444484 0   0     0     0 4815 4629  0  0 100 0  0  0
 0  0      0 109613304 2948 147512068 0   0     0     0 6122 4942  0  0 100 0  0  0
 0  0      0 109547516 2948 147580676 0   0     0     0 7995 5721  0  0 100 0  0  0
procs -----------memory---------- ---swap-- -----io---- -system-- -------cpu-------
 r  b   swpd   free   buff  cache   si   so    bi    bo   in   cs us sy id wa st gu
 0  0      0 109494216 2948 147634948 0   0     0     0 6649 4384  0  0 100 0  0  0
 0  0      0 109451904 2948 147676932 0   0     0 1048581 9700 5865 0 0 100 0  0  0
 0  0      0 109398516 2948 147731204 0   0     0     0 7114 5624  0  0 100 0  0  0
 0  0      0 109360456 2948 147772164 0   0     0     0 6152 8064  0  0 100 0  0  0
 0  0      0 109307220 2948 147826436 0   0     0     0 8344 8450  0  0 100 0  0  0
 0  0      0 109240300 2948 147894032 0   0     0    20 12110 12652 0 0 100 0  0  0
 0  0      0 109172008 2948 147962632 0   0     0     4 13013 14118 0 0 100 0  0  0
 0  0      0 109119716 2948 148016904 0   0     0     0 9200 9163  0  0 100 0  0  0
 0  0      0 109064464 2948 148071176 0   0     0     0 7456 7088  0  0 100 0  0  0
 0  0      0 109011604 2948 148125448 0   0     0     0 6364 6223  0  0 100 0  0  0
 1  0      0 108968928 2948 148171528 0   0     0    44 10837 14666 0 0 100 0  0  0
 0  0      0 108912560 2948 148228872 0   0     0     0 13626 14019 0 0 100 0  0  0
 0  0      0 108860528 2948 148283144 0   0     0     0 12794 12789 0 0 100 0  0  0
 0  0      0 108802340 2948 148342536 0   0     0    12 13078 14788 0 0 100 0  0  0
 0  0      0 108720832 2948 148424456 0   0     0     0 8857 8684  0  0 100 0  0  0
 0  0      0 108657616 2948 148478728 0   0     0     0 7344 8150  0  0 100 0  0  0
 0  0      0 108575696 2948 148560652 0   0     0     0 9026 9992  0  0 100 0  0  0
 1  0      0 108522344 2948 148614924 0   0     0     0 9210 8939  0  0 100 0  0  0
 0  0      0 108466152 2948 148669196 0   0     0     0 6539 6227  0  0 100 0  0  0
 0  1      0 108420536 2948 148715276 0   0     0 1048584 9191 6203 0 0 100 0  0  0
 1  0      0 108368768 2948 148769548 0   0     0     1 7202 5380  0  0 100 0  0  0
procs -----------memory---------- ---swap-- -----io---- -system-- -------cpu-------
 r  b   swpd   free   buff  cache   si   so    bi    bo   in   cs us sy id wa st gu
 1  0      0 108307208 2948 148834060 0   0     0     0 8532 7067  0  0 100 0  0  0
 0  0      0 108225792 2948 148915980 0   0     0     0 8235 7454  0  0 100 0  0  0
 0  0      0 108173300 2948 148970252 0   0     0     0 5943 8352  0  0 100 0  0  0
 1  0      0 108096156 2948 149047052 0   0     0     0 9821 8558  0  0 100 0  0  0
 0  0      0 108024324 2948 149119756 0   0     0     4 12028 15486 0 0 99  0  0  0
 1  0      0 107944808 2948 149199628 0   0     0     4 8608 9014  0  0 100 0  0  0
 0  0      0 107890800 2948 149255948 0   0     0     0 7411 7355  0  0 100 0  0  0
 0  0      0 107830528 2948 149310220 0   0     0     0 6954 6478  0  0 100 0  0  0
 1  0      0 107761748 2948 149379852 0   0     0     0 7171 6050  0  0 100 0  0  0
 0  0      0 107669440 2948 149473036 0   0     0     0 8310 7586  0  0 100 0  0  0
 0  0      0 107602908 2948 149541644 0   0     0     0 6679 6215  0  0 100 0  0  0
 0  0      0 107548396 2948 149595916 0   0     0     0 4277 3550  0  0 100 0  0  0
 0  0      0 107495392 2948 149650188 0   0     0     0 10301 12048 0 0 100 0  0  0
 0  0      0 107387296 2948 149758736 0   0     0     0 7612 5344  0  0 100 0  0  0
 0  0      0 107355768 2948 149774100 0   0     0 1048616 9562 8128 0 0 100 0  0  0
 0  0      0 107289968 2948 149841680 0   0     0     0 5937 6504  0  0 100 0  0  0
 0  0      0 107222696 2948 149910288 0   0     0     0 6474 5299  0  0 100 0  0  0
 0  0      0 107169900 2948 149964560 0   0     0     0 4709 4155  0  0 100 0  0  0
 0  0      0 107089388 2948 150046480 0   0     0     0 7732 5872  0  0 100 0  0  0
 0  0      0 107008936 2948 150127376 0   0     0    20 7565 9619  0  0 100 0  0  0
 0  0      0 106955620 2948 150181648 0   0     0     0 4457 4170  0  0 100 0  0  0
procs -----------memory---------- ---swap-- -----io---- -system-- -------cpu-------
 r  b   swpd   free   buff  cache   si   so    bi    bo   in   cs us sy id wa st gu
 0  0      0 106888528 2948 150250256 0   0     0     0 4548 3384  0  0 100 0  0  0
 0  0      0 106823784 2948 150317844 0   0     0    28 7693 7984  0  0 99  0  0  0
 1  0      0 106751720 2948 150391572 0   0     0     0 5947 4863  0  0 100 0  0  0
 0  0      0 106682516 2948 150454040 0   0     0     0 8568 8250  0  0 100 0  0  0
 1  0      0 106607428 2948 150529812 0   0     0    16 9636 8076  0  0 100 0  0  0
 0  0      0 106576756 2948 150562580 0   0     0     0 5020 4873  0  0 100 0  0  0
 0  0      0 106501744 2948 150631188 0   0     0     0 6484 5342  0  0 100 0  0  0
 0  0      0 106434684 2948 150698812 0   0     0     8 10131 9898 0  0 100 0  0  0
 0  0      0 106353192 2948 150780732 0   0     0     0 13099 11472 0 0 100 0  0  0
 1  0      0 106320244 2948 150812476 0   0     0 1048591 7937 4175 0 0 100 0  0  0
 1  0      0 106247320 2948 150882108 0   0     0     0 4683 3852  0  0 100 0  0  0
 0  0      0 106171736 2948 150958908 0   0     0     0 5931 7180  0  0 100 0  0  0
 0  0      0 106077092 2948 151054140 0   0     0     0 6255 5533  0  0 100 0  0  0
 0  0      0 105996956 2948 151135036 0   0     0     0 9788 13584 0  0 100 0  0  0
 0  0      0 105930504 2948 151203644 0   0     0     4 6395 6603  0  0 100 0  0  0
 0  0      0 105851384 2948 151284540 0   0     0     0 8736 5911  0  0 100 0  0  0
 0  0      0 105796336 2948 151338812 0   0     0     0 5340 4429  0  0 100 0  0  0
 1  0      0 105725780 2948 151411516 0   0     0     0 5126 4593  0  0 100 0  0  0
 1  0      0 105664004 2948 151475008 0   0     0     0 5201 4303  0  0 100 0  0  0
 1  0      0 105557476 2948 151573304 0   0     0 16428 5635 6515  0  0 100 0  0  0
 2  0      0 105492596 2948 151652152 0   0     0     0 6441 4541  0  0 100 0  0  0
procs -----------memory---------- ---swap-- -----io---- -system-- -------cpu-------
 r  b   swpd   free   buff  cache   si   so    bi    bo   in   cs us sy id wa st gu
 0  0      0 105409696 2948 151736120 0   0     0     0 7285 8180  0  0 100 0  0  0
 0  0      0 105345720 2948 151804728 0   0     0     0 5525 4756  0  0 99  0  0  0
 0  1      0 105268536 2948 151877432 0   0     0 865422 7221 7562 0  0 100 0  0  0
 0  0      0 105230572 2948 151915320 0   0     0 183297 7952 6046 0  0 100 0  0  0
 0  0      0 105163140 2948 151982936 0   0     0   848 6060 4754  0  0 100 0  0  0
 0  0      0 105116912 2948 152023896 0   0     0     0 3943 3898  0  0 100 0  0  0
 0  0      0 105049580 2948 152091480 0   0     0     0 5007 4296  0  0 100 0  0  0
 1  0      0 104995724 2948 152148824 0   0     0    92 6708 9337  0  0 100 0  0  0
 0  0      0 104917792 2948 152227672 0   0     0     4 7405 5341  0  0 100 0  0  0
 0  0      0 104851088 2948 152295256 0   0     0     0 7357 5213  0  0 100 0  0  0
 1  0      0 104781656 2948 152364888 0   0     0     0 6927 7900  0  0 100 0  0  0
 1  0      0 104697724 2948 152449880 0   0     0     0 6355 5377  0  0 100 0  0  0
 0  0      0 104611060 2948 152526680 0   0     0     8 7789 8697  0  0 100 0  0  0
 0  0      0 104544460 2948 152594264 0   0     0     0 6269 6678  0  0 100 0  0  0
 0  0      0 104476212 2948 152662872 0   0     0     0 5551 4371  0  0 100 0  0  0
 0  0      0 104392832 2948 152743768 0   0     0    12 5507 4457  0  0 100 0  0  0
 1  0      0 104336988 2948 152803160 0   0     0     0 4888 4500  0  0 100 0  0  0
 0  0      0 104274620 2948 152866648 0   0     0     8 4856 4121  0  0 100 0  0  0
 0  0      0 104212660 2948 152926040 0   0     0 1048579 7697 4574 0 0 100 0  0  0
 0  0      0 104161080 2948 152977240 0   0     0     0 5137 3376  0  0 100 0  0  0
 0  0      0 104110044 2948 153031512 0   0     0     0 7444 8575  0  0 100 0  0  0
procs -----------memory---------- ---swap-- -----io---- -system-- -------cpu-------
 r  b   swpd   free   buff  cache   si   so    bi    bo   in   cs us sy id wa st gu
 0  0      0 104055944 2948 153085784 0   0     0     0 6098 5537  0  0 100 0  0  0
 0  0      0 104006852 2948 153140060 0   0     0     0 8305 12827 0  0 100 0  0  0
 0  0      0 103966280 2948 153181020 0   0     0     4 6699 6873  0  0 100 0  0  0
 0  0      0 103900336 2948 153248604 0   0     0     0 7884 7334  0  0 100 0  0  0
 1  0      0 103840544 2948 153303900 0   0     0     0 7988 7572  0  0 100 0  0  0
 0  0      0 103787784 2948 153358172 0   0     0     0 8226 7516  0  0 100 0  0  0
 1  0      0 103721752 2948 153425756 0   0     0     0 9375 8400  0  0 100 0  0  0
 0  0      0 103655800 2948 153493340 0   0     0     0 8531 7386  0  0 100 0  0  0
 1  0      0 103597800 2948 153552732 0   0     0     0 4331 3590  0  0 100 0  0  0
 0  0      0 103535948 2948 153616220 0   0     0     0 6838 8788  0  0 100 0  0  0
 0  0      0 103455316 2948 153698140 0   0     0     0 6924 5544  0  0 100 0  0  0
 0  0      0 103408264 2948 153739100 0   0     0    94 7718 8127  0  0 100 0  0  0
 0  0      0 103354744 2948 153793372 0   0     0     4 5368 6310  0  0 100 0  0  0
 0  0      0 103278748 2948 153872220 0   0     0     0 4639 4139  0  0 100 0  0  0
 0  0      0 103213992 2948 153928540 0   0     0     0 4666 4135  0  0 100 0  0  0
 0  1      0 103169564 2948 153974620 0   0     0 867328 6728 4456 0  0 100 0  0  0
 1  0      0 103120468 2948 154025820 0   0     0 182169 6136 8723 0  0 100 0  0  0
 0  0      0 103066596 2948 154080092 0   0     0     0 6008 4609  0  0 100 0  0  0
 1  0      0 102978700 2948 154168156 0   0     0     0 9191 5768  0  0 100 0  0  0
 1  0      0 102898208 2948 154250076 0   0     0     0 7363 8051  0  0 100 0  0  0
 0  0      0 102850500 2948 154297180 0   0     0     0 6180 5017  0  0 100 0  0  0
procs -----------memory---------- ---swap-- -----io---- -system-- -------cpu-------
 r  b   swpd   free   buff  cache   si   so    bi    bo   in   cs us sy id wa st gu
 1  0      0 102775132 2948 154365792 0   0     0     4 8809 9357  0  0 100 0  0  0
 0  0      0 102695660 2948 154446684 0   0     0     0 8471 7637  0  0 100 0  0  0
 0  0      0 102641992 2948 154500956 0   0     0     0 8109 7013  0  0 100 0  0  0
 0  0      0 102586896 2948 154558300 0   0     0     0 5170 4664  0  0 100 0  0  0
 0  0      0 102521568 2948 154623836 0   0     0     0 8215 6954  0  0 100 0  0  0
 1  0      0 102465812 2948 154680196 0   0     0    12 6928 5652  0  0 100 0  0  0
 0  0      0 102414608 2948 154732420 0   0     0     0 6385 6122  0  0 100 0  0  0
 0  0      0 102360096 2948 154786692 0   0     0     0 6034 4987  0  0 100 0  0  0
 0  0      0 102306680 2948 154840964 0   0     0     0 9341 10437 0  0 100 0  0  0
 0  0      0 102238164 2948 154909572 0   0     0     0 6500 5182  0  0 100 0  0  0
 0  0      0 102185568 2948 154963844 0   0     0     8 9426 13933 0  0 100 0  0  0
 1  0      0 102139296 2948 155010952 0   0     0     0 8896 9810  0  0 100 0  0  0
 1  0      0 102111456 2948 155036552 0   0     0 1048580 9248 6451 0 0 100 0  0  0
 1  0      0 102030156 2948 155115400 0   0     0     0 4962 3396  0  0 100 0  0  0
 1  0      0 101955052 2948 155191176 0   0     0     0 5425 3817  0  0 100 0  0  0
 0  0      0 101909164 2948 155237256 0   0     0     0 3361 2924  0  0 100 0  0  0
 0  0      0 101842576 2948 155305864 0   0     0     0 4157 3955  0  0 100 0  0  0
 0  0      0 101775008 2948 155373448 0   0     0     4 4572 2970  0  0 100 0  0  0
 0  0      0 101709372 2948 155441032 0   0     0     0 4923 6396  0  0 100 0  0  0
 0  0      0 101642660 2948 155509640 0   0     0     0 3995 3330  0  0 100 0  0  0
 0  0      0 101591844 2948 155550600 0   0     0     0 5427 6200  0  0 100 0  0  0
procs -----------memory---------- ---swap-- -----io---- -system-- -------cpu-------
 r  b   swpd   free   buff  cache   si   so    bi    bo   in   cs us sy id wa st gu
 0  0      0 101525540 2948 155618184 0   0     0    20 4998 5519  0  0 100 0  0  0
 1  0      0 101459376 2948 155685768 0   0     0     0 4280 3518  0  0 100 0  0  0
 0  0      0 101398620 2948 155740040 0   0     0     0 4545 3452  0  0 100 0  0  0
 0  0      0 101330868 2948 155808648 0   0     0     0 4053 2975  0  0 100 0  0  0
 1  0      0 101264164 2948 155876700 0   0   468    76 4951 7912  0  0 100 0  0  0
 0  0      0 101226240 2948 155917660 0   0     0    44 3954 4154  0  0 100 0  0  0
 1  0      0 101137812 2948 156011868 0   0     0     0 4694 2698  0  0 100 0  0  0
 0  0      0 101097120 2948 156053852 0   0     0     0 4183 5801  0  0 99  0  0  0
 1  0      0 100997520 2948 156151132 0   0     0 1048578 7475 4060 0 0 99  0  0  0
 0  0      0 100522004 2948 156617052 0   0     0     4 6523 6362  0  0 100 0  0  0
 1  0      0 100265936 2948 156874076 0   0     0     0 4203 5008  0  0 100 0  0  0
 1  0      0 100019092 2948 157121884 0   0     0 1048581 6766 3712 0 0 99  0  0  0
 1  0      0 99682564 2948 157451612 0    0     0     0 3973 3390  0  0 100 0  0  0
 1  0      0 99346344 2948 157788508 0    0     0     4 4175 3105  0  0 100 0  0  0
 0  1      0 98965676 2948 158169436 0    0     0 867328 5418 2930 0  0 99  0  0  0
 1  0      0 98821740 2948 158313820 0    0     0 181252 5581 3705 0  0 100 0  0  0
 1  0      0 98455156 2948 158680416 0    0     0     0 3708 2649  0  0 100 0  0  0
 1  0      0 98021912 2948 159115616 0    0     0    12 4959 6536  0  0 100 0  0  0
 0  0      0 97858416 2948 159281504 0    0     0 1048579 6734 3490 0 0 99  0  0  0
 0  0      0 97531116 2948 159603032 0    0     0     0 6702 16090 0  0 100 0  0  0
 0  0      0 97211608 2948 159923600 0    0     0    16 4919 5758  0  0 100 0  0  0
procs -----------memory---------- ---swap-- -----io---- -system-- -------cpu-------
 r  b   swpd   free   buff  cache   si   so    bi    bo   in   cs us sy id wa st gu
 1  1      0 96872508 2948 160266640 0    0     0 865280 4347 4172 0  0 100 0  0  0
 0  0      0 96641116 2948 160490896 0    0     0 183300 7332 3885 0  0 99  0  0  0
 0  0      0 96240900 2948 160891280 0    0     0     0 3822 2970  0  0 100 0  0  0
 1  0      0 95921260 2948 161212816 0    0     0     8 3272 2317  0  0 100 0  0  0
 1  0      0 95732908 2948 161400212 0    0     0 1048579 8247 5076 0 0 99  0  0  0
 0  0      0 95434080 2948 161699220 0    0     0     0 3036 1935  0  0 100 0  0  0
 1  0      0 95079508 2948 162054548 0    0     0     4 3918 5409  0  0 100 0  0  0
 1  1      0 94771804 2948 162363796 0    0     0 867328 5516 3354 0  0 99  0  0  0
 0  0      0 94709784 2948 162427280 0    0     0 181252 6854 6428 0  0 100 0  0  0
 0  0      0 94389540 2948 162747792 0    0     0    30 4477 5391  0  0 100 0  0  0
 0  0      0 93992232 2948 163149204 0    0     0     0 4620 2953  0  0 100 0  0  0
 1  0      0 93737552 2948 163412372 0    0     0 1048577 7281 3734 0 0 99  0  0  0
 0  0      0 93348936 2948 163797396 0    0     0     0 4468 3462  0  0 100 0  0  0
 0  0      0 92866376 2948 164278540 0    0     0    92 5879 7386  0  0 99  0  0  0
 0  0      0 92683968 2948 164460812 0    0     0 1048584 7901 3952 0 0 99  0  0  0
 0  0      0 92301868 2948 164845836 0    0     0     0 3667 2557  0  0 100 0  0  0
 0  0      0 91902888 2948 165246220 0    0     0     0 4822 5409  0  0 100 0  0  0
 0  1      0 91640164 2948 165509388 0    0     0 866304 6145 3445 0  0 99  0  0  0
 0  0      0 91327440 2948 165813508 0    0     0 182277 7749 6991 0  0 99  0  0  0
 1  0      0 90967088 2948 166173960 0    0     0     8 4310 4865  0  0 100 0  0  0
 0  0      0 90608976 2948 166536456 0    0     0     0 4331 2857  0  0 100 0  0  0
procs -----------memory---------- ---swap-- -----io---- -system-- -------cpu-------
 r  b   swpd   free   buff  cache   si   so    bi    bo   in   cs us sy id wa st gu
 1  0      0 90486924 2948 166653192 0    0     0 1048580 7650 4184 0 0 99  0  0  0
 1  0      0 90155896 2948 166983984 0    0     0     0 3938 4033  0  0 100 0  0  0
 1  0      0 89821588 2948 167318832 0    0     0     0 3243 2617  0  0 100 0  0  0
 0  1      0 89530992 2948 167606576 0    0     0 868352 6451 3979 0  0 100 0  0  0
 1  0      0 89204768 2948 167934256 0    0     0 180228 5411 2605 0  0 100 0  0  0
 0  0      0 88908916 2948 168232240 0    0     0     4 3939 5970  0  0 100 0  0  0
 1  0      0 88521036 2948 168619312 0    0     0     0 4252 2664  0  0 100 0  0  0
 0  0      0 88421016 2948 168718640 0    0     0 1048592 10211 12077 0 0 99 0 0  0
 1  0      0 88049336 2948 169091376 0    0     0     8 4672 5207  0  0 100 0  0  0
 0  0      0 87701180 2948 169440560 0    0     0   928 3942 3734  0  0 100 0  0  0
 1  1      0 87440584 2948 169703728 0    0     0 866304 6394 3783 0  0 99  0  0  0
 0  0      0 87295936 2948 169847088 0    0     0 182276 4355 3719 0  0 100 0  0  0
 0  0      0 86974544 2948 170168624 0    0     0     4 3101 2394  0  0 100 0  0  0
 2  0      0 86511512 2948 170632496 0    0     0     0 4557 3350  0  0 100 0  0  0
 1  0      0 86359008 2948 170786096 0    0     0 1048580 7541 3504 0 0 100 0  0  0
 0  0      0 85928220 2948 171217200 0    0     0     0 5477 6235  0  0 100 0  0  0
 1  0      0 85543356 2948 171602224 0    0     0     0 4123 3085  0  0 99  0  0  0
 0  0      0 85336868 2948 171800880 0    0     0 1048581 8512 6665 0 0 99  0  0  0
 0  0      0 84951448 2948 172185904 0    0     0    29 5633 5540  0  0 100 0  0  0
 1  0      0 84526048 2948 172612912 0    0     0     4 4707 3481  0  0 100 0  0  0
 0  0      0 84223172 2948 172912944 0    0     0 1048577 7670 3775 0 0 99  0  0  0
procs -----------memory---------- ---swap-- -----io---- -system-- -------cpu-------
 r  b   swpd   free   buff  cache   si   so    bi    bo   in   cs us sy id wa st gu
 1  0      0 83813032 2948 173326800 0    0   160     0 4000 2711  0  0 100 0  0  0
 2  0      0 83343968 2948 173795792 0    0     0    72 5592 7147  0  0 99  0  0  0
 1  0      0 83174344 2948 173966800 0    0     0 1048580 7292 3962 0 0 99  0  0  0
 2  0      0 82920948 2948 174222800 0    0     0     0 3804 2652  0  0 100 0  0  0
 0  0      0 82541952 2948 174603732 0    0     0     4 4530 5017  0  0 100 0  0  0
 1  0      0 82282484 2948 174863828 0    0     0     0 3939 3533  0  0 100 0  0  0
 0  0      0 82139800 2948 175010252 0    0     0 1048580 9425 7705 0 0 100 0  0  0
 1  0      0 81737784 2948 175411660 0    0     0     0 5028 4478  0  0 100 0  0  0
 3  0      0 81332760 2948 175818188 0    0     0     0 4364 3171  0  0 100 0  0  0
 1  0      0 81099212 2948 176032204 0    0     0 1048580 7469 4298 0 0 99  0  0  0
 0  0      0 80833032 2948 176299468 0    0     0    44 3592 3101  0  0 100 0  0  0
 1  0      0 80594716 2948 176540108 0    0     0     4 3505 2614  0  0 100 0  0  0
 1  0      0 80163876 2948 176973260 0    0     0     0 5252 2831  0  0 100 0  0  0
 1  0      0 79970976 2948 177169868 0    0     0 1048580 8168 3581 0 0 99  0  0  0
 1  0      0 79515416 2948 177628620 0    0     0     0 5633 6932  0  0 99  0  0  0
 1  0      0 79222588 2948 177922508 0    0     0     0 4461 2968  0  0 100 0  0  0
 1  0      0 78887044 2948 178224548 0    0     0 1048580 11209 11840 1 0 98 0 0  0
 0  0      0 78562728 2948 178557348 0    0     0     0 3971 4634  0  0 100 0  0  0
 0  0      0 78242796 2948 178877860 0    0     0    24 4222 4177  0  0 100 0  0  0
 0  0      0 77972824 2948 179141028 0    0     0 1048582 7674 4042 0 0 99  0  0  0
 1  0      0 77644616 2948 179469732 0    0     0     0 4921 2984  0  0 100 0  0  0
procs -----------memory---------- ---swap-- -----io---- -system-- -------cpu-------
 r  b   swpd   free   buff  cache   si   so    bi    bo   in   cs us sy id wa st gu
 1  0      0 77268904 2948 179846564 0    0     0     0 3610 2281  0  0 100 0  0  0
 0  1      0 76929600 2948 180189604 0    0     0 868352 5820 3908 0  0 100 0  0  0
 0  0      0 76632568 2948 180493732 0    0     0 180229 6830 3035 0  0 100 0  0  0
 1  0      0 76185060 2948 180944292 0    0     0     4 4741 5859  0  0 100 0  0  0
 0  1      0 75891692 2948 181238180 0    0     0 865280 6202 3537 0  0 99  0  0  0
 1  0      0 75549392 2948 181574052 0    0     0 183301 6990 7039 0  0 100 0  0  0
 1  0      0 75263076 2948 181866916 0    0     0    38 3902 4626  0  0 100 0  0  0
 0  1      0 74846676 2948 182286756 0    0     0 866308 5184 3408 0  0 100 0  0  0
 1  0      0 74648488 2948 182489508 0    0     0 182274 7548 3616 0  0 99  0  0  0
 1  0      0 74297716 2948 182840740 0    0     0     0 4703 2890  0  0 100 0  0  0
 1  0      0 73874236 2948 183264676 0    0     0    36 6012 7600  0  0 100 0  0  0
 1  0      0 73693332 2948 183446948 0    0     0 1048580 7968 3476 0 0 99  0  0  0
 1  0      0 73278688 2948 183863716 0    0     0     0 4049 2877  0  0 100 0  0  0
 0  0      0 72862496 2948 184281512 0    0     0     0 5448 6159  0  0 99  0  0  0
 1  0      0 72681040 2948 184459688 0    0     0 1048581 7468 3940 0 0 99  0  0  0
 0  0      0 72384540 2948 184765864 0    0     0     0 6026 6018  0  0 100 0  0  0
 1  0      0 72025176 2948 185129416 0    0     0     4 4304 4473  0  0 100 0  0  0
 0  1      0 71723192 2948 185432520 0    0     0 878592 4772 3634 0  0 100 0  0  0
 1  0      0 71489196 2948 185667016 0    0     0 169988 7243 3793 0  0 99  0  0  0
 1  0      0 71097924 2948 186058256 0    0     0     0 3906 3835  0  0 100 0  0  0
 0  1      0 70676412 2948 186481168 0    0     0 878592 3984 2705 0  0 100 0  0  0
procs -----------memory---------- ---swap-- -----io---- -system-- -------cpu-------
 r  b   swpd   free   buff  cache   si   so    bi    bo   in   cs us sy id wa st gu
 0  0      0 70454312 2948 186703376 0    0     0 170033 7265 3810 0  0 100 0  0  0
 1  0      0 69984056 2948 187174448 0    0     0     0 3418 2337  0  0 100 0  0  0
 0  1      0 69629656 2948 187529776 0    0     0 879620 4690 6813 0  0 100 0  0  0
 0  0      0 69407140 2948 187753040 0    0    20 168969 6578 3446 0  0 99  0  0  0
 1  0      0 69040100 2948 188108388 0    0     0     0 7158 11164 1  0 99  0  0  0
 1  0      0 68660380 2948 188488292 0    0     0     0 5417 4999  0  0 100 0  0  0
 1  0      0 68442352 2948 188707460 0    0     0 1049428 7204 4607 0 0 99  0  0  0
 1  0      0 68065280 2948 189076100 0    0     0     0 4044 3613  0  0 100 0  0  0
 0  0      0 67625200 2948 189518500 0    0     0     4 4011 3281  0  0 100 0  0  0
 0  0      0 67453616 2948 189690532 0    0     0 1048593 8248 3150 0 0 100 0  0  0
 0  0      0 67135136 2948 190012068 0    0     0     0 3999 3381  0  0 100 0  0  0
 0  0      0 66741060 2948 190412488 0    0     0     0 3599 2197  0  0 100 0  0  0
 0  1      0 66477620 2948 190675656 0    0     0 880640 7001 7472 0  0 99  0  0  0
 1  0      0 66139284 2948 191012584 0    0     0 167940 4721 2721 0  0 99  0  0  0
 2  0      0 65773728 2948 191381224 0    0     0     4 5522 6343  0  0 100 0  0  0
 0  1      0 65431116 2948 191724296 0    0     0 877597 5770 4989 0  0 99  0  0  0
 1  0      0 65179456 2948 191976232 0    0     0 171010 7149 3616 0  0 100 0  0  0
 0  0      0 64809048 2948 192349996 0    0     0     0 4849 3720  0  0 100 0  0  0
 1  0      0 64431784 2948 192727884 0    0     0     0 3609 2559  0  0 100 0  0  0
 1  0      0 64264976 2948 192892748 0    0     0 1048628 7699 8303 0 0 99  0  0  0
 0  0      0 63920160 2948 193237836 0    0     0    20 3222 2606  0  0 100 0  0  0
procs -----------memory---------- ---swap-- -----io---- -system-- -------cpu-------
 r  b   swpd   free   buff  cache   si   so    bi    bo   in   cs us sy id wa st gu
 1  0      0 63571792 2948 193586028 0    0     0     4 3584 2123  0  0 100 0  0  0
 0  1      0 63335712 2948 193821548 0    0     0 878592 5996 5577 0  0 100 0  0  0
 0  0      0 63031544 2948 194125708 0    0     0 169989 5017 2873 0  0 100 0  0  0
 1  0      0 62700204 2948 194455436 0    0     0     0 6606 7053  0  0 100 0  0  0
 1  1      0 62284992 2948 194870156 0    0     0 878592 5424 4780 0  0 99  0  0  0
 1  0      0 62061408 2948 195094444 0    0     0 169989 6974 4101 0  0 99  0  0  0
 0  0      0 61735764 2948 195414956 0    0     0     0 4966 3441  0  0 100 0  0  0
 1  0      0 61324964 2948 195825612 0    0     0     4 4322 2887  0  0 100 0  0  0
 1  0      0 61154856 2948 195998668 0    0     0 1048581 7524 3161 0 0 99  0  0  0
 0  0      0 60770496 2948 196383692 0    0     0     0 3392 3043  0  0 100 0  0  0
 1  0      0 60395616 2948 196758508 0    0     0     0 3251 2434  0  0 100 0  0  0
 0  1      0 60186344 2948 196967404 0    0     0 1048576 7435 7799 0 0 99  0  0  0
 0  0      0 59883344 2948 197271564 0    0     0     5 4615 2947  0  0 100 0  0  0
 1  0      0 59513360 2948 197633040 0    0     0     4 7089 10657 0  0 100 0  0  0
 0  1      0 59129340 2948 198016012 0    0     0 880644 7211 5529 0  0 99  0  0  0
 2  0      0 58899032 2948 198246444 0    0     0 167941 5783 4226 0  0 100 0  0  0
 0  0      0 58500820 2948 198641708 0    0     0     8 4069 3309  0  0 100 0  0  0
 1  0      0 58088316 2948 199057484 0    0     0     0 3807 2830  0  0 100 0  0  0
 0  0      0 57858444 2948 199288908 0    0     0 1048585 6829 3263 0 0 99  0  0  0
 0  0      0 57538936 2948 199609420 0    0     0     0 4328 3676  0  0 100 0  0  0
 0  0      0 57138956 2948 200010860 0    0     0    20 4226 2177  0  0 100 0  0  0
procs -----------memory---------- ---swap-- -----io---- -system-- -------cpu-------
 r  b   swpd   free   buff  cache   si   so    bi    bo   in   cs us sy id wa st gu
 0  0      0 56973932 2948 200176752 0    0     0 1048581 7429 6950 0 0 100 0  0  0
 0  0      0 56494184 2948 200658064 0    0     0     0 4317 2400  0  0 99  0  0  0
 1  0      0 56174028 2948 200979600 0    0     0     0 6172 6637  1  0 99  0  0  0
 1  0      0 55937916 2948 201216144 0    0     0 1048608 7979 5953 0 0 99  0  0  0
 1  0      0 55684804 2948 201466032 0    0     0     0 3373 3277  0  0 100 0  0  0
 0  0      0 55196392 2948 201948336 0    0     0     4 3965 3220  0  0 99  0  0  0
 0  1      0 54935900 2948 202210512 0    0     0 1048576 8818 3897 0 0 99  0  0  0
 2  0      0 54724024 2948 202422480 0    0     0    53 4426 7235  0  0 100 0  0  0
 1  0      0 54529052 2948 202619088 0    0     0     0 2908 2767  0  0 100 0  0  0
 0  0      0 54152796 2948 202995952 0    0     0     0 2729 2200  0  0 100 0  0  0
 0  1      0 53891732 2948 203259120 0    0     0 878592 7227 6243 0  0 100 0  0  0
 0  0      0 53588228 2948 203563248 0    0     0 169989 4602 3041 0  0 100 0  0  0
 0  0      0 53271072 2948 203883792 0    0     0     4 4901 5918  0  0 100 0  0  0
 1  0      0 53018920 2948 204136720 0    0     0     0 4163 5096  1  0 99  0  0  0
 1  0      0 52844404 2948 204307728 0    0     0 1048581 6924 3858 0 0 100 0  0  0
 1  0      0 52423824 2948 204723504 0    0     0     0 4954 3454  0  0 100 0  0  0
 1  0      0 52000728 2948 205147480 0    0     0     0 4574 3411  0  0 100 0  0  0
 0  0      0 51794700 2948 205356408 0    0     0 1048582 7024 3371 0 0 99  0  0  0
 0  0      0 51410264 2948 205741432 0    0     0     0 4008 3668  0  0 100 0  0  0
 0  0      0 51090088 2948 206061976 0    0     0     4 2795 2278  0  0 100 0  0  0
 1  0      0 50995020 2948 206160280 0    0     0     0 3917 6575  0  0 100 0  0  0
procs -----------memory---------- ---swap-- -----io---- -system-- -------cpu-------
 r  b   swpd   free   buff  cache   si   so    bi    bo   in   cs us sy id wa st gu
 0  1      0 50751128 2948 206405016 0    0     0 1048576 6696 3545 0 0 99  0  0  0
 1  0      0 50373064 2948 206772664 0    0     0     5 7902 10862 0  0 100 0  0  0
 0  0      0 49955800 2948 207190456 0    0     0     0 4593 5061  0  0 100 0  0  0
 1  1      0 49688784 2948 207453624 0    0     0 1048576 6641 4270 0 0 99  0  0  0
 1  0      0 49364624 2948 207777240 0    0     0    13 4367 3357  0  0 100 0  0  0
 1  0      0 49027124 2948 208116184 0    0     0     0 4038 3326  0  0 100 0  0  0
 0  0      0 48664956 2948 208479736 0    0     0     4 3286 2581  0  0 100 0  0  0
 1  0      0 48512596 2948 208634360 0    0     0 1048626 8255 4031 0 0 100 0  0  0
 0  0      0 48180760 2948 208967160 0    0     0     0 2871 2351  0  0 100 0  0  0
 0  0      0 47701856 2948 209448472 0    0     0     0 4568 6372  0  0 99  0  0  0
 2  0      0 47515976 2948 209635868 0    0     0 1048582 6760 3540 0 0 99  0  0  0
 0  0      0 47209636 2948 209934908 0    0     0    12 4971 5829  0  0 100 0  0  0
 1  0      0 46760148 2948 210385468 0    0     0    83 4406 4915  0  0 100 0  0  0
 2  0      0 46540864 2948 210599488 0    0     0 1048578 7134 4316 0 0 99  0  0  0
 1  0      0 46118992 2948 211023456 0    0     0     0 3971 2863  0  0 100 0  0  0
 1  0      0 45654764 2948 211488352 0    0     0     0 4107 2992  0  0 100 0  0  0
 0  0      0 45431860 2948 211711616 0    0     0 1048725 7675 8162 0 0 99  0  0  0
 1  0      0 44910484 2948 212233856 0    0     0     0 4599 2781  0  0 99  0  0  0
 0  0      0 44551120 2948 212594336 0    0     0     0 3137 2562  0  0 100 0  0  0
 1  0      0 44304216 2948 212841120 0    0     0 1048585 8119 6404 0 0 99  0  0  0
 0  0      0 43905964 2948 213241536 0    0     0     0 3654 3081  0  0 100 0  0  0
procs -----------memory---------- ---swap-- -----io---- -system-- -------cpu-------
 r  b   swpd   free   buff  cache   si   so    bi    bo   in   cs us sy id wa st gu
 1  0      0 43609964 2948 213533392 0    0     0     0 5683 6148  0  0 100 0  0  0
 1  0      0 43389284 2948 213754576 0    0     0 1048582 7187 5247 0 0 99  0  0  0
 0  0      0 42928156 2948 214210288 0    0     0     0 4108 3872  0  0 99  0  0  0
 1  0      0 42469972 2948 214670064 0    0     0     4 4224 2882  0  0 99  0  0  0
 1  0      0 42309200 2948 214829840 0    0     0 1048581 8789 4458 0 0 100 0  0  0
 0  0      0 41962092 2948 215179024 0    0     0     0 3253 2407  0  0 100 0  0  0
 1  0      0 41567140 2948 215575312 0    0     0     0 4213 2979  0  0 100 0  0  0
 0  0      0 41303492 2948 215842608 0    0     0 1048582 6760 2955 0 0 99  0  0  0
 1  0      0 40994092 2948 216153904 0    0     0     0 4104 6365  0  0 100 0  0  0
 0  0      0 40600112 2948 216548176 0    0     0     4 3863 3553  0  0 100 0  0  0
 0  0      0 40352536 2948 216788816 0    0     0     0 5960 10136 0  0 100 0  0  0
 0  0      0 40103116 2948 217035600 0    0     0 1048582 8803 6277 0 0 99  0  0  0
 2  0      0 39694760 2948 217436016 0    0     0     0 3944 3620  0  0 100 0  0  0
 0  0      0 39213220 2948 217917296 0    0     0     0 3602 2700  0  0 100 0  0  0
 0  0      0 39050660 2948 218083188 0    0     0 1048589 7107 4277 0 0 100 0  0  0
 1  0      0 38621252 2948 218514324 0    0     0     0 3706 2229  0  0 100 0  0  0
 1  0      0 38231232 2948 218908564 0    0     0     4 4467 3488  0  0 100 0  0  0
 1  0      0 37952600 2948 219187124 0    0     0 1048582 6965 2840 0 0 99  0  0  0
 0  0      0 37688060 2948 219453364 0    0     0     0 3534 5847  0  0 100 0  0  0
 0  0      0 37286904 2948 219854804 0    0     0     0 3832 3129  0  0 99  0  0  0
 0  0      0 37095060 2948 220037076 0    0     0 1048581 8832 6995 0 0 99  0  0  0
procs -----------memory---------- ---swap-- -----io---- -system-- -------cpu-------
 r  b   swpd   free   buff  cache   si   so    bi    bo   in   cs us sy id wa st gu
 0  0      0 36630168 2948 220501972 0    0     0    35 4562 4620  0  0 99  0  0  0
 1  0      0 36275188 2948 220853236 0    0     0    20 3982 3243  0  0 100 0  0  0
 0  0      0 36042428 2948 221085684 0    0     0 1048578 8311 3456 0 0 99  0  0  0
 0  0      0 35657020 2948 221470740 0    0     0     0 4715 3554  0  0 100 0  0  0
 0  0      0 35261936 2948 221871124 0    0     0    16 4179 7152  0  0 100 0  0  0
 0  1      0 34998836 2948 222134292 0    0     0 879616 5004 3341 0  0 100 0  0  0
 0  0      0 34775452 2948 222358580 0    0     0 168965 4942 2742 0  0 100 0  0  0
 1  0      0 34431816 2948 222702644 0    0     0     0 5128 5572  0  0 100 0  0  0
 0  0      0 34054684 2948 223080532 0    0     0     4 4720 3424  0  0 100 0  0  0
 0  0      0 33891404 2948 223246420 0    0     0 1048582 9094 6805 0 0 99  0  0  0
 0  0      0 33491360 2948 223647828 0    0     0     0 5405 5459  1  0 99  0  0  0
 0  0      0 33087316 2948 224049236 0    0     0     0 4148 3676  0  0 100 0  0  0
 1  0      0 32821252 2948 224317524 0    0     0 1048582 7510 4115 0 0 99  0  0  0
 1  0      0 32439992 2948 224699544 0    0     0     0 3722 3640  0  0 100 0  0  0
 0  0      0 32121988 2948 225018008 0    0     0     4 3652 2434  0  0 100 0  0  0
 0  1      0 31861484 2948 225280156 0    0     0 913408 5701 3999 0  0 100 0  0  0
 0  0      0 31636964 2948 225504412 0    0     0 135173 5606 2995 0  0 100 0  0  0
 0  0      0 31237752 2948 225904828 0    0     0     0 5210 6917  0  0 100 0  0  0
 1  0      0 30864132 2948 226278592 0    0     0     0 3460 2901  0  0 100 0  0  0
 0  0      0 30576556 2948 226553024 0    0     0 1048582 10336 11445 0 0 99 0 0  0
 0  0      0 30175356 2948 226954432 0    0     0     0 5556 4665  0  0 100 0  0  0
procs -----------memory---------- ---swap-- -----io---- -system-- -------cpu-------
 r  b   swpd   free   buff  cache   si   so    bi    bo   in   cs us sy id wa st gu
 0  1      0 29748444 2948 227377376 0    0     0 906244 5964 3422 0  0 99  0  0  0
 1  0      0 29534780 2948 227601632 0    0     0 142341 7783 3685 0  0 99  0  0  0
 0  0      0 29131156 2948 228003072 0    0     0    12 4300 3862  0  0 100 0  0  0
 1  0      0 28827232 2948 228307200 0    0     0     0 4135 2468  0  0 100 0  0  0
 1  0      0 28524304 2948 228611328 0    0     0 1048583 8566 3921 0 0 99  0  0  0
 0  0      0 28247464 2948 228890908 0    0     0     0 4022 2375  0  0 100 0  0  0
 0  0      0 27847500 2948 229291292 0    0     0     4 4612 6215  0  0 100 0  0  0
 1  0      0 27662804 2948 229477660 0    0     0 1048583 7426 4052 0 0 99  0  0  0
 3  0      0 27278264 2948 229859628 0    0     0     0 6057 6229  0  0 100 0  0  0
 0  0      0 26958216 2948 230180140 0    0     0    40 4260 4548  0  0 100 0  0  0
 0  1      0 26615860 2948 230523180 0    0     0 917504 7776 4286 0  0 99  0  0  0
 0  0      0 26230544 2948 230908268 0    0     0 131073 5215 3183 1  0 99  0  0  0
 1  0      0 25831144 2948 231308652 0    0     0    16 5104 3196  0  0 100 0  0  0
 5  1      0 25568052 2948 231571852 0    0     0 889856 5974 7913 0  0 100 0  0  0
 1  0      0 25192460 2948 231949712 0    0     0 158786 5953 3320 0  0 99  0  0  0
 0  0      0 24704008 2948 232438192 0    0     0     0 4369 2227  0  0 99  0  0  0
 0  0      0 24518608 2948 232620464 0    0     0 1048582 7429 5917 0 0 99  0  0  0
 2  0      0 23951984 2948 233186768 0    0     0     0 4772 2336  1  0 99  0  0  0
 3  0      0 23645120 2948 233486768 0    0     0     0 6677 6545  0  0 100 0  0  0
 0  0      0 23467204 2948 233669040 0    0     0 1048586 9671 5603 0 0 99  0  0  0
 0  0      0 23080412 2948 234053040 0    0     0     0 3928 3580  0  0 100 0  0  0
procs -----------memory---------- ---swap-- -----io---- -system-- -------cpu-------
 r  b   swpd   free   buff  cache   si   so    bi    bo   in   cs us sy id wa st gu
 1  0      0 22840632 2948 234293712 0    0     0     0 3802 2920  0  0 100 0  0  0
 0  1      0 22417228 2948 234717648 0    0     0 910336 6268 3348 0  0 99  0  0  0
 0  0      0 22197068 2948 234941940 0    0     0 138246 5254 3199 0  0 100 0  0  0
 0  0      0 21876720 2948 235262452 0    0     0     4 4774 2872  0  0 100 0  0  0
 0  1      0 21373020 2948 235766260 0    0     0 882688 6056 2883 0  0 99  0  0  0
 1  0      0 21101200 2948 236037620 0    0     0 165894 7877 6830 0  0 100 0  0  0
 1  0      0 20733736 2948 236405236 0    0     0     0 4673 2662  0  0 100 0  0  0
 0  0      0 20336716 2948 236792308 0    0     0     0 8085 10990 0  0 99  0  0  0
 1  0      0 20092744 2948 237037044 0    0     0 1048583 9080 6019 1 0 99  0  0  0
 1  0      0 19622696 2948 237499892 0    0     0     0 6306 4254  0  0 99  0  0  0
 0  1      0 19263608 2948 237863412 0    0     0 917508 4100 3081 0  0 100 0  0  0
 1  0      0 19102152 2948 238027252 0    0     0 131078 6933 3653 0  0 100 0  0  0
 1  0      0 18657336 2948 238472724 0    0     0     8 3904 2904  0  0 100 0  0  0
 0  0      0 18328492 2948 238803476 0    0     0     0 4455 3638  0  0 100 0  0  0
 1  0      0 18098984 2948 239035924 0    0     0 1048582 6910 3104 0 0 99  0  0  0
 1  0      0 17740004 2948 239397396 0    0     0     0 4050 5583  0  0 100 0  0  0
 1  0      0 17248232 2948 239891988 0    0     0     4 5758 2150  0  0 99  0  0  0
 0  0      0 17119760 2948 240024084 0    0     0 1048582 11045 7901 0 0 100 0 0  0
 1  0      0 16661036 2948 240486964 0    0     0    47 5721 5075  0  0 99  0  0  0
 0  0      0 16163380 2948 240980532 0    0     0     0 5109 3710  0  0 99  0  0  0
 0  0      0 16000132 2948 241152564 0    0     0 1048578 7590 3471 0 0 99  0  0  0
procs -----------memory---------- ---swap-- -----io---- -system-- -------cpu-------
 r  b   swpd   free   buff  cache   si   so    bi    bo   in   cs us sy id wa st gu
 0  0      0 15602856 2948 241550932 0    0     0     0 4083 3242  0  0 100 0  0  0
 0  0      0 15201528 2948 241949268 0    0     0     4 5614 7702  0  0 100 0  0  0
 0  0      0 15220032 2948 241934032 0    0     0 1048654 9227 4042 0 0 100 0  0  0
 1  0      0 15076720 2772 242077784 0    0     0     0 3499 2257  0  0 100 0  0  0
 1  0      0 15193376 2772 241962744 0    0     0     0 4462 5152  0  0 100 0  0  0
 0  0      0 15082420 2772 242074060 0    0     8     0 4390 2668  1  0 99  0  0  0
 0  0      0 15088852 2772 242056804 0    0  1224 1048582 9197 7408 0 0 99  0  0  0
 0  0      0 15135196 2360 242012400 0    0     4     8 5589 5134  1  0 99  0  0  0
 1  0      0 15218872 2360 241924332 0    0     0     0 3749 3345  0  0 100 0  0  0
 1  0      0 15087188 2360 242053356 0    0     0 1048582 7070 3904 0 0 100 0  0  0
 1  0      0 14831952 2360 242309460 0    0     0     0 5353 3285  0  0 99  0  0  0
 0  0      0 14352072 2360 242789720 0    0     0     0 6521 2803  0  0 99  0  0  0
 1  0      0 14266616 2360 242875740 0    0     0 1048582 7952 5146 0 0 99  0  0  0
 1  0      0 13891572 2360 243251548 0    0     0     0 5062 2506  0  0 100 0  0  0
 2  0      0 13530616 2360 243613108 0    0    88     4 5166 3905  0  0 100 0  0  0
 0  0      0 13287572 2360 243860952 0    0    36 1048583 8166 5996 0 0 99  0  0  0
 1  0      0 12909912 2360 244231804 0    0   140     0 8486 11434 0  0 99  0  0  0
 0  0      0 12414644 2360 244727452 0    0     0     0 6164 5083  0  0 99  0  0  0
 1  0      0 12114600 2360 245025436 0    0     0 1048582 8214 4343 0 0 99  0  0  0
 0  0      0 11731204 2360 245411560 0    0     0     0 4840 3039  1  0 99  0  0  0
 1  0      0 11423912 2360 245717736 0    0     0     4 4923 3435  0  0 100 0  0  0
procs -----------memory---------- ---swap-- -----io---- -system-- -------cpu-------
 r  b   swpd   free   buff  cache   si   so    bi    bo   in   cs us sy id wa st gu
 0  0      0 11447068 2232 245696128 0    0     0 1048591 8125 4423 0 0 99  0  0  0
 0  0      0 11367396 2232 245775972 0    0     0     0 6253 3397  0  0 99  0  0  0
 1  0      0 11023708 2232 246122084 0    0     0     0 4996 2330  0  0 100 0  0  0
 0  0      0 10996652 2232 246150332 0    0     0 1048582 7972 4015 0 0 99  0  0  0
 1  0      0 10670004 2232 246476996 0    0     8     0 4832 6039  0  0 100 0  0  0
 0  0      0 10472080 2232 246670176 0    0     4     4 6916 6561  0  0 100 0  0  0
 0  1      0 10289876 2232 246852448 0    0     0 862241 7410 5854 0  0 100 0  0  0
 0  0      0 10386456 2104 246749000 0    0     0 186369 6574 3790 0  0 100 0  0  0
 1  0      0 10046700 2104 247092072 0    0     0     0 4861 2927  0  0 100 0  0  0
 0  1      0 9850164  2104 247288516 0    0     0 867328 3875 2594 0  0 100 0  0  0
 0  0      0 9706568  2104 247432900 0    0     0 181255 7653 8208 0  0 100 0  0  0
 0  0      0 9570872  2104 247569976 0    0     0    28 3836 3264  0  0 100 0  0  0
 0  0      0 9089676  2104 248051256 0    0     0     4 5111 2271  0  0 99  0  0  0
 1  0      0 8857312  2104 248283704 0    0     0 1048582 7440 3767 0 0 99  0  0  0
 1  0      0 8784048  2104 248359100 0    0     8    12 4616 4376  0  0 99  0  0  0
 2  0      0 8518088  2104 248628444 0    0     0     0 5687 6687  0  0 100 0  0  0
 0  0      0 8288796  2104 248861952 0    0     0 1048583 7551 5261 0 0 99  0  0  0
 0  0      0 7965920  2104 249183520 0    0     0     0 4059 3380  0  0 100 0  0  0
 1  0      0 7666456  2104 249484576 0    0     0     4 5467 3361  1  0 99  0  0  0
 0  1      0 7307736  2104 249847104 0    0     0 868396 7492 3336 0  0 99  0  0  0
 0  0      0 7208104  2104 249946220 0    0     0 180230 4031 2604 0  0 100 0  0  0
procs -----------memory---------- ---swap-- -----io---- -system-- -------cpu-------
 r  b   swpd   free   buff  cache   si   so    bi    bo   in   cs us sy id wa st gu
 1  0      0 7056108  2104 250098616 0    0     0     0 4677 3245  0  0 100 0  0  0
 0  1      0 6856416  2104 250299124 0    0     0 887808 5174 2705 0  0 99  0  0  0
 0  0      0 6632852  2104 250523412 0    0     0 160775 5614 4092 0  0 100 0  0  0
 2  0      0 6491944  2104 250663456 0    0    12     0 5360 6031  0  0 100 0  0  0
 0  0      0 6025636  2104 251126308 0    0     4     4 9239 16269 0  0 99  0  0  0
 0  0      0 6066016  2104 251087180 0    0     0 1048582 8294 5935 0 0 99  0  0  0
 1  0      0 5863884  2104 251286820 0    0     0     0 4629 3982  0  0 99  0  0  0
 0  0      0 5464208  2104 251688836 0    0     0     0 3767 2579  0  0 99  0  0  0
 0  0      0 5360404  2104 251791236 0    0     0 1048584 6536 3532 0 0 100 0  0  0
 0  0      0 5341264  2104 251810640 0    0     0     0 4247 2993  0  0 100 0  0  0
 1  0      0 5200936  2104 251952908 0    0     0    12 4564 3989  0  0 100 0  0  0
 0  0      0 4890464  2104 252263180 0    0     0     0 3147 2388  0  0 100 0  0  0
 0  0      0 4634944  2104 252510668 0    0     0 1048583 8845 4885 0 0 99  0  0  0
 0  0      0 4592880  2104 252552592 0    0     0     0 5146 6136  0  0 100 0  0  0
 0  0      0 4556132  2104 252591440 0    0     0     0 5422 6353  0  0 100 0  0  0
 1  0      0 4208552  2104 252940652 0    0     0    40 5452 5223  0  0 100 0  0  0
 0  0      0 4094944  2104 253037864 0    0     0 1048577 7941 3923 0 0 99  0  0  0
 1  0      0 4019588  2104 253102244 0    0     0     4 3508 2584  0  0 100 0  0  0
 0  0      0 3933108  2104 253190280 0    0     0     0 3770 2987  0  0 100 0  0  0
 0  1      0 3590512  2104 253533320 0    0     0 736256 6082 8279 0  0 99  0  0  0
 0  0      0 3631652  2104 253494376 0    0     0 312363 6419 4011 0  0 100 0  0  0
procs -----------memory---------- ---swap-- -----io---- -system-- -------cpu-------
 r  b   swpd   free   buff  cache   si   so    bi    bo   in   cs us sy id wa st gu
 1  0      0 3103020  2104 254024328 0    0     0     0 5215 2303  0  0 99  0  0  0
 2  0      0 3254772  2084 253993388 0    0     0 255688 5398 4490 0  0 100 0  0  0
 1  0      0 3179768  2084 254063236 0    0    52 792894 7065 5432 0  0 99  0  0  0
 1  0      0 3220804  1956 253995612 0    0     0     0 7081 6288  0  0 100 0  0  0
 1  0      0 3093632  1956 254123444 0    0     0    16 4388 4766  0  0 100 0  0  0
 1  0      0 3174724  1956 254038252 0    0     0 1048583 7398 4461 0 0 100 0  0  0
 0  0      0 3028856  1956 254184572 0    0     0     0 4934 2922  0  0 100 0  0  0
 0  0      0 3167044  1956 254045976 0    0     0     0 4397 3691  0  0 100 0  0  0
 0  1      0 3115348  1956 254098000 0    0     0 1048576 6624 2944 0 0 99  0  0  0
 0  0      0 3036204  1956 254178700 0    0     0    51 4850 4102  0  0 100 0  0  0
 0  0      0 3172136  1956 254044212 0    0     0     4 3169 2430  0  0 100 0  0  0
 1  0      0 3014388  1956 254202872 0    0   136     0 4904 4389  0  0 99  0  0  0
 1  0      0 3112096  1956 254099404 0    0   328 1048583 8896 6692 0 0 99  0  0  0
 0  0      0 3080372  1956 254118468 0    0     0     0 9140 10614 1  0 99  0  0  0
 0  0      0 3216080  1956 253982892 0    0     0     0 4513 5172  0  0 100 0  0  0
 0  0      0 3030128  1956 254166220 0    0     0 1048584 7361 4755 0 0 99  0  0  0
 0  0      0 3080628  1956 254113588 0    0     0     0 4496 2793  0  0 100 0  0  0
 1  0      0 3067988  1956 254124512 0    0     0     4 4488 3416  0  0 99  0  0  0
 1  0      0 3106768  1956 254094612 0    0     0 1048583 7367 3279 0 0 99  0  0  0
 1  0      0 3201112  1956 253996932 0    0     0     8 4793 3623  0  0 100 0  0  0
 0  0      0 3061036  1956 254137056 0    0     0     0 3486 2056  0  0 100 0  0  0
procs -----------memory---------- ---swap-- -----io---- -system-- -------cpu-------
 r  b   swpd   free   buff  cache   si   so    bi    bo   in   cs us sy id wa st gu
 0  1      0 3176640  1956 254023056 0    0     0 760832 5851 4135 1  0 99  0  0  0
 0  0      0 3138240  1956 254060976 0    0     0 287751 7448 6123 0  0 99  0  0  0
 2  0      0 3086116  1956 254107056 0    0     0     4 5813 6209  0  0 100 0  0  0
 0  0      0 3010088  1956 254182832 0    0     0    33 5520 5353  0  0 100 0  0  0
 1  0      0 3146032  1956 254045452 0    0     0     0 5680 3788  0  0 100 0  0  0
 0  0      0 3107240  1956 254089484 0    0     0     0 3406 2671  0  0 100 0  0  0
 1  0      0 3058688  1956 254138636 0    0     0     0 4086 3033  0  0 100 0  0  0
 0  0      0 3025664  1956 254171404 0    0     0     0 4306 7424  0  0 100 0  0  0
 1  0      0 3175796  1956 254020716 0    0     0    16 4714 3634  0  0 100 0  0  0
 0  0      0 3103876  1956 254092396 0    0     0     0 4824 2592  0  0 100 0  0  0
 1  0      0 3025844  1956 254170220 0    0     0     0 6902 3710  0  0 100 0  0  0
 0  0      0 3192868  1956 254005180 0    0     0     0 4834 4922  0  0 99  0  0  0
 0  0      0 3118292  1956 254072764 0    0     0     0 6749 6829  0  0 100 0  0  0
 0  0      0 3062996  1956 254128092 0    0     0     0 4465 4715  0  0 100 0  0  0
 0  0      0 2996892  1956 254195708 0    0     0     0 5522 4275  0  0 100 0  0  0
 0  0      0 3155596  1956 254036812 0    0     0     0 5513 3275  0  0 100 0  0  0
 0  0      0 3084608  1956 254105420 0    0     0    12 4400 3016  0  0 100 0  0  0
 1  1      0 3023664  1956 254167884 0    0     0 777216 6269 3393 0  0 100 0  0  0
 0  0      0 3024560  1956 254165756 0    0     0 261257 6154 3885 0  0 100 0  0  0
 0  0      0 3160364  1956 254030216 0    0     0     0 3503 2760  0  0 100 0  0  0
 0  0      0 3080000  1956 254112840 0    0     0 627747 5804 4852 0  0 100 0  0  0
procs -----------memory---------- ---swap-- -----io---- -system-- -------cpu-------
 r  b   swpd   free   buff  cache   si   so    bi    bo   in   cs us sy id wa st gu
 0  0      0 3074636  1956 254118848 0    0     0  5864 3546 6184  0  0 100 0  0  0
 0  0      0 3066368  1956 254122968 0    0     0  4051 5982 10935 0  0 100 0  0  0
 0  0      0 3061248  1956 254125360 0    0     0  2530 3393 4818  0  0 100 0  0  0
 0  0      0 3052040  1956 254127184 0    0     0  2305 3654 4610  0  0 100 0  0  0
 0  0      0 3050300  1956 254129256 0    0     0  1686 2645 2994  0  0 100 0  0  0
 0  0      0 3050120  1956 254130192 0    0     0  1163 2880 3350  0  0 100 0  0  0
 0  0      0 3050580  1956 254131048 0    0     0   911 2168 2328  0  0 100 0  0  0
 0  0      0 3053444  1956 254131984 0    0     0   806 3065 3680  0  0 100 0  0  0
 0  0      0 3053332  1956 254132704 0    0     0   888 2603 3074  0  0 100 0  0  0
 0  0      0 3052884  1956 254133136 0    0     0   595 3134 3481  0  0 100 0  0  0
 0  0      0 3054904  1956 254133768 0    0     0   790 3339 6053  0  0 100 0  0  0
 0  0      0 3055764  1956 254134456 0    0     0   718 5097 7008  0  0 100 0  0  0
 0  0      0 3054776  1956 254134984 0    0     0   938 3089 4792  0  0 100 0  0  0
 0  0      0 3043996  1956 254135420 0    0     0   641 2953 3547  0  0 100 0  0  0
 0  0      0 3050976  1956 254135980 0    0     0   615 2501 2666  0  0 100 0  0  0
 0  0      0 3051632  1956 254136564 0    0     0   564 3125 3647  0  0 100 0  0  0
 0  0      0 3049196  1956 254137020 0    0     0   502 3496 7569  0  0 100 0  0  0
 0  0      0 3049552  1956 254137388 0    0     0   452 2757 3148  0  0 100 0  0  0
 0  0      0 3049624  1956 254137684 0    0     0   502 2412 2646  0  0 100 0  0  0
 0  0      0 3049736  1956 254138100 0    0     0   380 3468 4207  0  0 100 0  0  0
 0  0      0 3049908  1956 254138556 0    0     0   532 3050 4930  0  0 100 0  0  0
procs -----------memory---------- ---swap-- -----io---- -system-- -------cpu-------
 r  b   swpd   free   buff  cache   si   so    bi    bo   in   cs us sy id wa st gu
 0  0      0 3040772  1956 254138900 0    0     0   441 4776 6334  0  0 100 0  0  0
 0  0      0 3041952  1956 254139220 0    0     0   362 3723 5230  0  0 100 0  0  0
 0  0      0 3038332  1956 254139660 0    0     0   483 3505 4307  0  0 100 0  0  0
 0  0      0 3043424  1956 254139964 0    0     0   502 2606 2938  0  0 100 0  0  0
 0  1      0 3043484  1956 254140416 0    0     0   506 3266 4166  0  0 100 0  0  0
 0  0      0 3042560  1956 254140776 0    0     0   583 2277 2526  0  0 100 0  0  0
 0  0      0 3043616  1956 254141160 0    0     0   629 3458 4413  0  0 100 0  0  0
 0  0      0 3044000  1956 254141528 0    0     0   620 2694 3281  0  0 100 0  0  0
 0  0      0 3044208  1956 254141896 0    0     0   493 3110 4219  0  0 100 0  0  0
 0  0      0 3045036  1956 254142248 0    0     0   591 3994 6694  0  0 100 0  0  0
 0  0      0 3034488  1956 254142512 0    0     0   366 6102 11189 0  0 100 0  0  0
 0  0      0 3034684  1956 254142832 0    0     0   456 3361 5175  0  0 100 0  0  0
 0  0      0 3034752  1956 254143180 0    0    48   482 3555 4745  0  0 100 0  0  0
 0  0      0 3034500  1956 254143404 0    0     0   320 2671 3059  0  0 100 0  0  0
 0  0      0 3034844  1956 254143644 0    0     0   370 3197 3581  0  0 100 0  0  0
 0  0      0 3035624  1956 254143828 0    0     0   273 2285 2492  0  0 100 0  0  0
 0  0      0 3035256  1956 254144012 0    0     0   309 2985 3857  0  0 100 0  0  0
 0  0      0 3034988  1956 254144300 0    0     0   434 2618 3001  0  0 100 0  0  0
 0  0      0 3035884  1956 254144672 0    0     0   608 3169 3899  0  0 100 0  0  0
 0  0      0 3035568  1956 254145016 0    0     0   504 3250 5917  0  0 100 0  0  0
 1  0      0 2953472  1956 254187444 0    0     0  1603 5489 9588  0  0 100 0  0  0
procs -----------memory---------- ---swap-- -----io---- -system-- -------cpu-------
 r  b   swpd   free   buff  cache   si   so    bi    bo   in   cs us sy id wa st gu
 0  0      0 2894260  1956 254195832 0    0    80 34678 8198 14665 0  0 100 0  0  0
 1  0      0 2865936  1956 254214428 0    0     0 32877 6749 10416 0  0 100 0  0  0
 0  0      0 2866044  1956 254214428 0    0     0     0 2027 2203  0  0 100 0  0  0
 0  0      0 2871320  1956 254214428 0    0     0     0 2417 2793  0  0 100 0  0  0
 0  0      0 2877812  1956 254213708 0    0     0     8 2955 6745  0  0 100 0  0  0
 0  0      0 2885492  1956 254213708 0    0     0  1120 2840 3510  0  0 100 0  0  0
 0  0      0 2882264  1956 254213776 0    0     0 16450 2429 2946  0  0 100 0  0  0
 0  0      0 2882948  1956 254213776 0    0     0     0 2583 3191  0  0 100 0  0  0
 0  0      0 2892436  1956 254213780 0    0     0     0 3056 4836  0  0 100 0  0  0
 0  0      0 2903480  1956 254230696 0    0     0 33013 6044 7881  0  0 100 0  0  0
 0  0      0 2909176  1956 254230284 0    0     0     0 2757 4367  0  0 100 0  0  0
 1  0      0 2906664  1956 254230284 0    0     0     0 2942 3902  0  0 100 0  0  0
 0  0      0 2963044  1956 254213112 0    0  1424  5734 6645 10985 0  0 100 0  0  0
 0  0      0 2958360  1956 254213672 0    0   392     0 3944 4433  0  0 100 0  0  0
 0  0      0 3008092  1956 254153780 0    0     0    20 3121 4822  0  0 100 0  0  0
 0  0      0 3010436  1956 254153688 0    0     0     0 2983 3755  0  0 100 0  0  0
 0  0      0 3009380  1956 254153696 0    0     0    36 2548 3215  0  0 100 0  0  0
 1  0      0 2918052  1956 254214004 0    0    92 64624 14046 22863 0 0 100 0  0  0
 0  0      0 2904696  1956 254214200 0    0     0   292 5028 11458 0  0 100 0  0  0
 0  0      0 2908660  1956 254214272 0    0     0     0 6171 11894 0  0 100 0  0  0
 0  0      0 2914752  1956 254214272 0    0     0     0 2787 4484  0  0 100 0  0  0
procs -----------memory---------- ---swap-- -----io---- -system-- -------cpu-------
 r  b   swpd   free   buff  cache   si   so    bi    bo   in   cs us sy id wa st gu
 0  0      0 2914692  1956 254214272 0    0     0     0 3723 4832  0  0 100 0  0  0
 1  0      0 2922400  1956 254214272 0    0     0     4 2831 3084  0  0 100 0  0  0
 0  0      0 2925832  1956 254214276 0    0     0     0 2810 3497  0  0 100 0  0  0
 0  0      0 2929080  1956 254214276 0    0     0     0 2173 2553  0  0 100 0  0  0
 0  0      0 2937304  1956 254214276 0    0     0     0 2794 3634  0  0 100 0  0  0
 0  0      0 2938580  1956 254214276 0    0     0     0 1874 2132  0  0 100 0  0  0
 2  0      0 2928832  1956 254214288 0    0     0   252 5704 9967  0  0 100 0  0  0
 2  0      0 2840032  1956 254234500 0    0     0   263 10474 19627 0 0 100 0  0  0
 0  0      0 2782184  1956 254234880 0    0     0     0 8136 13644 0  0 100 0  0  0
 1  0      0 2771252  1956 254234884 0    0     0     0 4481 7139  0  0 99  0  0  0
 0  0      0 2769020  1956 254234896 0    0     0   223 3790 4584  0  0 100 0  0  0
 0  0      0 2767588  1956 254234900 0    0     0     0 2567 3190  0  0 100 0  0  0
 0  0      0 2771768  1956 254234952 0    0     0   516 3339 4026  0  0 100 0  0  0
 0  0      0 2791444  1956 254234952 0    0     0     0 3395 7661  0  0 100 0  0  0
 0  0      0 2796816  1956 254234952 0    0     0  3236 2986 4221  0  0 100 0  0  0
 0  0      0 2793484  1956 254234952 0    0     0     0 2268 2886  0  0 100 0  0  0
65  0      0 2789400  1956 254234956 0    0     0     0 4943 7266  0  0 100 0  0  0
